6165.0 0.0
6165.3 0.0
6165.6 0.0
6165.9 0.0
6166.2 0.0
6166.5 0.0
6166.8 0.0
6167.1 0.0
6167.4 0.0
6167.7 0.0
6168.0 0.0
6168.3 0.0
6168.6 0.0
6168.9 0.0
6169.2 0.0
6169.5 0.0
6169.8 0.0
6170.1 0.0
6170.4 0.0
6170.7 0.0
6171.0 0.0
6171.3 0.0
6171.6 0.0
6171.9 0.0
6172.2 0.0
6172.5 0.0
6172.8 0.0
6173.1 0.0
6173.4 0.0
6173.7 0.0
6174.0 -833.2371325492859
6174.3 -458.0046902000904
6174.6 -44.90968081727624
6174.9 395.9433348402381
6175.2 1178.4505009651184
6175.5 1892.8582096099854
6175.8 1904.3405227661133
6176.1 887.590919137001
6176.4 236.0052688717842
6176.7 476.4821261242032
6177.0 439.4479969441891
6177.3 582.0891370773315
6177.6 510.6726939678192
6177.9 256.3085908610374
6178.2 424.8637028634548
6178.5 712.2829189300537
6178.8 376.1609261929989
6179.1 774.1227675080299
6179.4 607.0234122863039
6179.7 1295.8708419799805
6180.0 454.40583992004395
6180.3 408.61174857616425
6180.6 313.5831572264433
6180.9 795.2668753433973
6181.2 914.5640504509211
6181.5 699.3165677785873
6181.8 520.02558863163
6182.1 40.081239230930805
6182.4 678.4068052247167
6182.7 554.9118613824248
6183.0 628.6084517240524
6183.3 815.9161121845245
6183.6 1547.8647079467773
6183.9 1089.9420399665833
6184.2 897.7064688205719
6184.5 627.9605212211609
6184.8 1027.0992970466614
6185.1 620.810134164989
6185.4 689.0553741487674
6185.7 826.5022895336151
6186.0 951.5500321388245
6186.3 588.9163441061974
6186.6 581.3856159448624
6186.9 579.7172434329987
6187.2 1070.9011702537537
6187.5 291.8230310678482
6187.8 174.4294969001785
6188.1 696.096595287323
6188.4 258.72597364801913
6188.7 119.69287085533142
6189.0 314.99931272119284
6189.3 292.15450091159437
6189.6 872.9723026752472
6189.9 1014.2643456459045
6190.2 780.9187841415405
6190.5 1267.9420726299286
6190.8 886.7183465063572
6191.1 709.4105936288834
6191.4 823.4857153892517
6191.7 662.3107849620283
6192.0 905.1917744278908
6192.3 765.1383628845215
6192.6 735.7643885612488
6192.9 466.3550901412964
6193.2 368.93662309646606
6193.5 732.1977186203003
6193.8 688.8126802444458
6194.1 528.635159432888
6194.4 711.682471036911
6194.7 414.57990631461143
6195.0 376.47048312425613
6195.3 562.2294414043427
6195.6 520.9274563789368
6195.9 181.9949777275324
6196.2 446.56043416261673
6196.5 482.9135479927063
6196.8 380.8952856063843
6197.1 391.3411810398102
6197.4 95.01448339037597
6197.7 385.77514182031155
6198.0 118.69955011410639
6198.3 321.0622761165723
6198.6 366.04018902778625
6198.9 205.58113617205527
6199.2 426.4464284181595
6199.5 189.90748286194867
6199.8 354.812745898962
6200.1 361.9570633172989
6200.4 196.50969640957192
6200.7 415.219013273716
6201.0 261.4122564792633
6201.3 322.4718819707632
6201.6 666.1088569164276
6201.9 517.6194745600224
6202.2 276.06558292359114
6202.5 630.2247896194458
6202.8 575.3817181587219
6203.1 196.9770413376391
6203.4 399.0497374534607
6203.7 389.6154659986496
6204.0 264.81250736117363
6204.3 403.65572786331177
6204.6 291.66091675683856
6204.9 97.33478271914646
6205.2 94.49911164306104
6205.5 42.556045327335596
6205.8 308.1883828639984
6206.1 276.0163723677397
6206.4 219.04894544184208
6206.7 110.81279033794999
6207.0 166.84636809676886
6207.3 482.58485102653503
6207.6 328.1978976726532
6207.9 219.70444436045364
6208.2 241.92790130339563
6208.5 431.5092089176178
6208.8 401.6181033849716
6209.1 221.14530139346607
6209.4 344.3466774225235
6209.7 545.5444886684418
6210.0 406.066561460495
6210.3 393.0077328979969
6210.6 317.55490653961897
6210.9 224.62822005245835
6211.2 286.37960370630026
6211.5 444.0887967348099
6211.8 348.3893017992377
6212.1 425.1420511007309
6212.4 354.250879406929
6212.7 146.54040245711803
6213.0 466.20092594623566
6213.3 302.12670397758484
6213.6 196.0238375738263
6213.9 413.97279477119446
6214.2 496.01776337623596
6214.5 448.72782611846924
6214.8 292.2226552516222
6215.1 420.9599243402481
6215.4 301.03009557724
6215.7 567.3893766403198
6216.0 338.38795697689056
6216.3 211.06160510331392
6216.6 292.4916907865554
6216.9 289.4839671179652
6217.2 279.020332377404
6217.5 219.07026358041912
6217.8 331.6594926714897
6218.1 399.66459306515753
6218.4 126.10317016020417
6218.7 257.77296291291714
6219.0 182.62496057897806
6219.3 346.4072011485696
6219.6 462.59374713897705
6219.9 399.9326986670494
6220.2 396.4509086608887
6220.5 179.86089807003736
6220.8 265.24058978818357
6221.1 213.33393125608563
6221.4 133.2381582222879
6221.7 426.6463278492447
6222.0 365.9523233771324
6222.3 373.04858765006065
6222.6 459.82116961479187
6222.9 557.3619799613953
6223.2 213.5537798590958
6223.5 364.4040080308914
6223.8 468.3382694721222
6224.1 250.5866971425712
6224.4 183.50950823910534
6224.7 337.8809944894165
6225.0 352.4912352254614
6225.3 319.3689504787326
6225.6 389.8851607441902
6225.9 377.63636501692235
6226.2 140.2171974685043
6226.5 160.4365130364895
6226.8 244.61224143207073
6227.1 293.479407787323
6227.4 302.52211599610746
6227.7 150.8737808763981
6228.0 191.414254515199
6228.3 -46.73536996264011
6228.6 205.70116164162755
6228.9 334.79332560300827
6229.2 232.34095626324415
6229.5 337.13210797309875
6229.8 411.4104412794113
6230.1 364.26314663887024
6230.4 356.7673941850662
6230.7 487.9731297492981
6231.0 500.71335315704346
6231.3 605.2061340808868
6231.6 290.1362975090742
6231.9 180.0798021554947
6232.2 69.83401729166508
6232.5 199.27172873914242
6232.8 310.1475121974945
6233.1 507.6860424336046
6233.4 329.81249740626663
6233.7 260.1750411130488
6234.0 383.7484691198915
6234.3 414.2712132334709
6234.6 562.2399551868439
6234.9 547.3059935569763
6235.2 437.8052108734846
6235.5 490.8998183980584
6235.8 603.772234171629
6236.1 236.39614552631974
6236.4 -32.18027226999402
6236.7 224.97615179046988
6237.0 427.03675627708435
6237.3 244.2623793259263
6237.6 243.01201654970646
6237.9 266.6942277625203
6238.2 445.4033638909459
6238.5 394.16721200942993
6238.8 96.35688080498949
6239.1 376.8672024682164
6239.4 496.70462822914124
6239.7 343.64729802682996
6240.0 399.9489429593086
6240.3 448.63163900375366
6240.6 333.50322246551514
6240.9 445.84571635723114
6241.2 480.1620454788208
6241.5 547.971285700798
6241.8 591.1126642227173
6242.1 338.34965866804123
6242.4 337.6609663963318
6242.7 136.53037984692492
6243.0 299.70006331056356
6243.3 113.02243228675798
6243.6 424.39778665080667
6243.9 432.5563123226166
6244.2 434.8980020880699
6244.5 392.25675159692764
6244.8 360.2920238673687
6245.1 148.3485461808741
6245.4 249.3403757251799
6245.7 441.65048587322235
6246.0 490.8309473991394
6246.3 159.36288281716406
6246.6 264.71907152608037
6246.9 403.44689548015594
6247.2 369.100639462471
6247.5 260.3919825758785
6247.8 244.19965706765652
6248.1 285.9112426638603
6248.4 466.53537678718567
6248.7 531.8244271278381
6249.0 267.55345273017883
6249.3 347.7949923276901
6249.6 120.19340089824982
6249.9 132.6561195589602
6250.2 45.05829445901327
6250.5 87.90866577997804
6250.8 125.82029987126589
6251.1 155.22532515600324
6251.4 217.79139077290893
6251.7 381.59899282455444
6252.0 400.85664772987366
6252.3 290.74777633324265
6252.6 332.6176663637161
6252.9 360.2680833339691
6253.2 240.16811699420214
6253.5 371.21691370010376
6253.8 261.3533623814583
6254.1 96.89718988910317
6254.4 335.61628687381744
6254.7 327.5655170343816
6255.0 325.7883875425905
6255.3 270.33503358159214
6255.6 67.82919270917773
6255.9 309.1643190383911
6256.2 311.4711466282606
6256.5 135.75441958592273
6256.8 678.333017706871
6257.1 757.4133015573025
6257.4 -1.3777541555464268
6257.7 73.62841074168682
6258.0 740.0407774448395
6258.3 408.8308382630348
6258.6 252.2650002874434
6258.9 277.22676173970103
6259.2 141.6764298658818
6259.5 244.18267604708672
6259.8 446.1596944332123
6260.1 363.34013414382935
6260.4 298.13215264678
6260.7 449.7883871793747
6261.0 382.133304476738
6261.3 314.716617166996
6261.6 156.04952892439906
6261.9 344.3515900373459
6262.2 209.59855560585856
6262.5 148.86235142499208
6262.8 199.1053158249706
6263.1 348.32007867097855
6263.4 425.1381756365299
6263.7 426.61105012893677
6264.0 324.75391149520874
6264.3 529.4439733028412
6264.6 275.6461828947067
6264.9 177.4891945971176
6265.2 193.97320799343288
6265.5 11.001370749436319
6265.8 222.3790241740644
6266.1 252.17300412524492
6266.4 367.88745045661926
6266.7 216.86640417575836
6267.0 250.581007912755
6267.3 360.76090413331985
6267.6 292.4621531665325
6267.9 148.78714838624
6268.2 262.3787190169096
6268.5 314.4964343570173
6268.8 461.3980620955117
6269.1 331.6710181236267
6269.4 413.31074011325836
6269.7 299.01697389781475
6270.0 210.94211417483166
6270.3 281.8625053167343
6270.6 371.14766252040863
6270.9 236.0577494148165
6271.2 207.86221148632467
6271.5 176.25881635397673
6271.8 81.86399227008224
6272.1 196.87399395741522
6272.4 286.72234582155943
6272.7 118.36858192831278
6273.0 208.42425393499434
6273.3 223.14879554510117
6273.6 211.9972062110901
6273.9 360.3581483364105
6274.2 462.600080370903
6274.5 410.0091407299042
6274.8 401.75115859508514
6275.1 300.8544680615887
6275.4 124.85780543088913
6275.7 172.2196710407734
6276.0 265.31862926483154
6276.3 275.59980845451355
6276.6 285.2592694759369
6276.9 275.0592565536499
6277.2 330.32836327701807
6277.5 199.70341688394547
6277.8 400.9242990016937
6278.1 432.5089383125305
6278.4 343.59312546253204
6278.7 248.38393660075963
6279.0 342.952618598938
6279.3 254.7495985031128
6279.6 313.14753127098083
6279.9 361.9620912075043
6280.2 240.4737547636032
6280.5 242.24996721744537
6280.8 226.46080070734024
6281.1 150.32818380370736
6281.4 245.47108328342438
6281.7 312.37409302033484
6282.0 480.6356062889099
6282.3 418.1972326040268
6282.6 389.91974687576294
6282.9 604.7456357479095
6283.2 523.417909860611
6283.5 422.9600499868393
6283.8 210.43949737772346
6284.1 212.76821989566088
6284.4 360.84088295698166
6284.7 153.70242367498577
6285.0 236.72987674176693
6285.3 446.8553161621094
6285.6 289.7352294921875
6285.9 137.15314410999417
6286.2 492.6025815010071
6286.5 487.62871116399765
6286.8 194.5275516062975
6287.1 137.13261884450912
6287.4 549.58922123909
6287.7 312.90655113756657
6288.0 338.6549034714699
6288.3 301.17454063892365
6288.6 367.654285911005
6288.9 255.67918434739113
6289.2 193.26302357017994
6289.5 208.9920448102057
6289.8 114.94825287349522
6290.1 115.11829762067646
6290.4 291.4011198282242
6290.7 383.3163756132126
6291.0 321.947900891304
6291.3 312.62928092479706
6291.6 208.25637806206942
6291.9 314.3585801124573
6292.2 294.9514645412564
6292.5 410.21285980939865
6292.8 204.74370116880164
6293.1 175.74630220932886
6293.4 306.73136270046234
6293.7 259.02151176240295
6294.0 378.81356850266457
6294.3 266.5562195442617
6294.6 303.3013101220131
6294.9 257.21616961061954
6295.2 225.00179781089537
6295.5 372.034451007843
6295.8 333.0387159585953
6296.1 212.0455155018717
6296.4 245.27859719097614
6296.7 269.46146312728524
6297.0 379.70551323890686
6297.3 528.3277103900909
6297.6 395.96580934524536
6297.9 -7.5997264534235
6298.2 279.03807310573757
6298.5 363.51724926382303
6298.8 -2417.631236076355
6299.1 6538.802249908447
6299.4 7941.697849273682
6299.7 -10753.417291641235
6300.0 -8771.82454752922
6300.3 9096.137828826904
6300.6 4389.223080635071
6300.9 -1599.6131830215454
6301.2 -55.48311691079289
6301.5 186.20500694587827
6301.8 -52.89174102246761
6302.1 239.92146010696888
6302.4 317.3338730093092
6302.7 271.6753912754357
6303.0 171.5332403657958
6303.3 384.5603406429291
6303.6 448.3692692518234
6303.9 294.795022376813
6304.2 273.78000378608704
6304.5 247.91965479031205
6304.8 220.85557248815894
6305.1 433.37979447841644
6305.4 83.41020579449832
6305.7 403.9621573984623
6306.0 498.22655856609344
6306.3 76.82893793843687
6306.6 126.44578284025192
6306.9 846.8319454193115
6307.2 376.46621242165565
6307.5 332.69472401589155
6307.8 289.7519774399698
6308.1 161.38951065717265
6308.4 235.7016018028371
6308.7 387.1448823213577
6309.0 281.07945089926943
6309.3 149.88062109053135
6309.6 336.3530960083008
6309.9 370.3486865758896
6310.2 382.15146148204803
6310.5 192.25440388731658
6310.8 440.7043285369873
6311.1 318.6629316210747
6311.4 314.2585807442665
6311.7 262.29962338507175
6312.0 341.75262475013733
6312.3 301.03332912921906
6312.6 395.09404397010803
6312.9 524.3035225868225
6313.2 415.41003119945526
6313.5 313.6310210824013
6313.8 337.2796915769577
6314.1 241.63585257530212
6314.4 417.23189812898636
6314.7 515.5607653856277
6315.0 256.24379639327526
6315.3 193.30991522874683
6315.6 420.3384871482849
6315.9 340.31751304864883
6316.2 310.93079602718353
6316.5 265.3958820477128
6316.8 394.1092450916767
6317.1 258.1270733065903
6317.4 355.73377645015717
6317.7 205.24249976873398
6318.0 209.4819387421012
6318.3 327.5594084649347
6318.6 230.08462769165635
6318.9 182.96178788039833
6319.2 319.76090827025473
6319.5 350.21022921800613
6319.8 216.6879878640175
6320.1 276.09480452537537
6320.4 559.2873775959015
6320.7 397.9577090423554
6321.0 61.00001955777407
6321.3 384.25684118270874
6321.6 452.1985197067261
6321.9 125.34547410625964
6322.2 198.94977426156402
6322.5 241.4379467368126
6322.8 160.4788877516985
6323.1 318.1654529571533
6323.4 343.5887820869684
6323.7 368.23445108532906
6324.0 252.57584551349282
6324.3 483.48957657814026
6324.6 350.71329855918884
6324.9 445.8835451602936
6325.2 174.9664442059584
6325.5 354.64637660980225
6325.8 371.66997265815735
6326.1 302.58846551179886
6326.4 452.2386040687561
6326.7 227.86142230033875
6327.0 124.87469715310726
6327.3 314.92918476462364
6327.6 199.38961923122406
6327.9 232.46276531368494
6328.2 218.5754956305027
6328.5 233.06293615698814
6328.8 590.0405893325806
6329.1 370.92461078055203
6329.4 -144.10972548648715
6329.7 379.9042620956898
6330.0 481.2337052822113
6330.3 103.00622644089162
6330.6 480.57598853111267
6330.9 279.5883602499962
6331.2 349.00307500362396
6331.5 317.1244795322418
6331.8 229.26476827263832
6332.1 309.99221909046173
6332.4 330.20245541166514
6332.7 354.01386761665344
6333.0 219.41663274168968
6333.3 210.70280027016997
6333.6 204.15405022748746
6333.9 207.97883221600205
6334.2 263.04949286207557
6334.5 266.47571374475956
6334.8 312.0611774921417
6335.1 447.44995933771133
6335.4 407.03482127189636
6335.7 345.7078536450863
6336.0 401.1587703227997
6336.3 313.4836754798889
6336.6 103.98912707716227
6336.9 198.14259116562607
6337.2 73.39484374597669
6337.5 288.4437069147825
6337.8 287.03666611015797
6338.1 312.324626326561
6338.4 374.9646563529968
6338.7 166.8890049085021
6339.0 273.8647439479828
6339.3 178.03444511815906
6339.6 415.29767775535583
6339.9 308.82066679000854
6340.2 223.88850489258766
6340.5 148.22856164816767
6340.8 229.7596119940281
6341.1 344.12766551971436
6341.4 310.4433858394623
6341.7 367.6053602695465
6342.0 386.3358242511749
6342.3 357.267865896225
6342.6 388.6171758174896
6342.9 344.3938834667206
6343.2 260.7482321858406
6343.5 386.984659910202
6343.8 323.31177139282227
6344.1 167.19666159362532
6344.4 208.10612634196877
6344.7 194.28927629743703
6345.0 168.92225874960423
6345.3 203.5448951870203
6345.6 451.1479797363281
6345.9 402.52785778045654
6346.2 314.35046976804733
6346.5 417.92759442329407
6346.8 290.4328319579363
6347.1 405.14715933799744
6347.4 432.283343732357
6347.7 259.8086236715317
6348.0 298.1162204146385
6348.3 332.6528304666281
6348.6 393.03034070134163
6348.9 325.6892681121826
6349.2 181.43856526678428
6349.5 292.7137549370527
6349.8 322.70417508482933
6350.1 260.78079080581665
6350.4 218.8102323822677
6350.7 456.71246790885925
6351.0 439.6776270866394
6351.3 351.80614840984344
6351.6 267.6606513261795
6351.9 258.3758832812309
6352.2 170.04731246549636
6352.5 492.28529024124146
6352.8 273.1142934858799
6353.1 264.77793687582016
6353.4 389.78950023651123
6353.7 263.6227955520153
6354.0 159.56635090894997
6354.3 235.5436837747693
6354.6 443.73681235313416
6354.9 289.51277838274837
6355.2 435.88878774642944
6355.5 364.1319297552109
6355.8 164.43101518042386
6356.1 269.2425019070506
6356.4 323.43694722652435
6356.7 271.882910490036
6357.0 370.68840503692627
6357.3 426.9977904558182
6357.6 323.9349836111069
6357.9 270.52143108844757
6358.2 290.53220212459564
6358.5 185.63006077893078
6358.8 338.58737576007843
6359.1 265.2853408791125
6359.4 301.34813463687897
6359.7 370.253182888031
6360.0 489.22199535369873
6360.3 441.4038029909134
6360.6 352.3548162281513
6360.9 362.3860008716583
6361.2 62.78824869886739
6361.5 43.08461096440442
6361.8 327.224100291729
6362.1 -8.425074927508831
6362.4 175.57592090964317
6362.7 3518.102851867676
6363.0 386.8139367988333
6363.3 -6007.344078063965
6363.6 4.255127966403961
6363.9 4295.6619873046875
6364.2 613.6261392831802
6364.5 -247.11132062971592
6364.8 534.445023059845
6365.1 200.26101817935705
6365.4 -3.4839461529627442
6365.7 275.99412512779236
6366.0 286.6047170162201
6366.3 257.67666495218873
6366.6 502.30777049064636
6366.9 154.0634820414707
6367.2 189.90571109671146
6367.5 289.4401673004031
6367.8 298.4280733317137
6368.1 340.49480414390564
6368.4 297.5844704490155
6368.7 374.40172094106674
6369.0 126.48660059273243
6369.3 288.3103423193097
6369.6 251.6248999418458
6369.9 455.3020087480545
6370.2 214.94977754354477
6370.5 254.0276971310377
6370.8 273.0569650232792
6371.1 474.5888855457306
6371.4 522.9036402702332
6371.7 404.7291108965874
6372.0 264.89894273132086
6372.3 170.7493466436863
6372.6 219.2228536605835
6372.9 210.99070972204208
6373.2 398.75955867767334
6373.5 272.01069229934365
6373.8 260.14356664568186
6374.1 386.78975224494934
6374.4 337.17412835359573
6374.7 226.9187923548743
6375.0 290.523342192173
6375.3 200.9871876835823
6375.6 168.38388362713158
6375.9 209.45266973937396
6376.2 224.43226209282875
6376.5 117.20753538236022
6376.8 323.71315591037273
6377.1 326.2603377699852
6377.4 421.76946473121643
6377.7 593.0100522041321
6378.0 362.61984610557556
6378.3 209.92875568196177
6378.6 280.8478224352002
6378.9 266.6826427578926
6379.2 211.3584155011922
6379.5 315.49890553951263
6379.8 77.26591585064307
6380.1 294.1075406074524
6380.4 158.91643838398159
6380.7 165.5671735308133
6381.0 294.76020616292953
6381.3 385.39460158348083
6381.6 474.79095578193665
6381.9 176.8147789062932
6382.2 297.20348769426346
6382.5 402.6755328178406
6382.8 390.9911243915558
6383.1 361.58437490463257
6383.4 281.8159018473234
6383.7 392.23468041419983
6384.0 381.6175162792206
6384.3 204.06487715244293
6384.6 417.4531487226486
6384.9 302.3225452378392
6385.2 411.73940348625183
6385.5 391.5084426999092
6385.8 444.98018254339695
6386.1 376.94797989726067
6386.4 492.66774010658264
6386.7 520.735383272171
6387.0 368.07796481251717
6387.3 486.0329351425171
6387.6 399.8847317099571
6387.9 361.77767288684845
6388.2 352.1409977860749
6388.5 556.1929883956909
6388.8 497.6421809196472
6389.1 567.4888832569122
6389.4 464.4159846305847
6389.7 393.7618433237076
6390.0 424.57407546043396
6390.3 553.0970239639282
6390.6 500.83966732025146
6390.9 418.23644185066223
6391.2 478.06097745895386
6391.5 427.82600021362305
6391.8 373.54530799388885
6392.1 446.32238125801086
6392.4 337.8915148675442
6392.7 249.7280329503119
6393.0 432.09708881378174
6393.3 453.3662941455841
6393.6 309.5026146713644
6393.9 330.63687765598297
6394.2 490.0916314125061
6394.5 317.616533100605
6394.8 493.30635690689087
6395.1 351.44849067926407
6395.4 211.43439796566963
6395.7 178.44954585283995
6396.0 345.7750415802002
6396.3 433.9779179096222
6396.6 297.2957116365433
6396.9 381.75096559524536
6397.2 321.1170164346695
6397.5 386.9548910856247
6397.8 397.05264461040497
6398.1 526.2368440628052
6398.4 327.55581057071686
6398.7 201.9890344152227
6399.0 268.6276208013296
6399.3 269.98904951661825
6399.6 493.62830686569214
6399.9 408.9725503921509
6400.2 520.4690878391266
6400.5 248.69921958446503
6400.8 339.39931643009186
6401.1 443.63087940216064
6401.4 404.09844160079956
6401.7 295.37461906671524
6402.0 485.83069229125977
6402.3 304.5141142010689
6402.6 261.76198669523
6402.9 261.6888064611703
6403.2 317.6119954586029
6403.5 437.9120442867279
6403.8 477.4124958515167
6404.1 522.3634407520294
6404.4 396.31432271003723
6404.7 165.28989404067397
6405.0 117.35302356630564
6405.3 162.41538311354816
6405.6 269.38697692751884
6405.9 331.42847096920013
6406.2 305.98595666885376
6406.5 276.09299516677856
6406.8 322.4660185575485
6407.1 418.4444921016693
6407.4 200.91741062607616
6407.7 292.9896334409714
6408.0 307.11311423778534
6408.3 204.38007962238044
6408.6 204.34411619789898
6408.9 281.6429808139801
6409.2 388.4844024181366
6409.5 352.5327512025833
6409.8 480.77436447143555
6410.1 330.0236254930496
6410.4 307.4377888441086
6410.7 379.58175253868103
6411.0 289.4907193183899
6411.3 350.02276305202395
6411.6 527.895339012146
6411.9 504.86313557624817
6412.2 336.69583797454834
6412.5 388.39219522476196
6412.8 455.84732604026794
6413.1 366.96146070957184
6413.4 343.1842493414879
6413.7 521.6854057312012
6414.0 426.13197469711304
6414.3 376.4698676466942
6414.6 262.3457839265466
6414.9 179.49810328893363
6415.2 134.76140536385356
6415.5 148.92057506926358
6415.8 343.76424235105515
6416.1 295.87741830572486
6416.4 381.6126775741577
6416.7 493.6440894603729
6417.0 465.34250926971436
6417.3 418.83927869796753
6417.6 364.2574121952057
6417.9 244.69299113750458
6418.2 267.50031734630466
6418.5 265.55597481131554
6418.8 387.5716812610626
6419.1 400.4411795139313
6419.4 273.8753876686096
6419.7 181.96568478863628
6420.0 289.8708822131157
6420.3 331.062487244606
6420.6 192.58491483330727
6420.9 292.50854179263115
6421.2 256.09779810905457
6421.5 234.18037536973134
6421.8 273.50554880779237
6422.1 284.6903187632561
6422.4 366.69426476955414
6422.7 308.82964730262756
6423.0 327.3927655816078
6423.3 327.78124356269836
6423.6 461.6928083896637
6423.9 419.60479390621185
6424.2 410.6865965127945
6424.5 307.60740089416504
6424.8 343.60716009140015
6425.1 430.6990053653717
6425.4 268.2637954354286
6425.7 473.1890661716461
6426.0 363.6693402528763
6426.3 306.0346123781055
6426.6 316.39451998937875
6426.9 306.27400529384613
6427.2 395.30208706855774
6427.5 239.35243510641158
6427.8 375.22464805841446
6428.1 515.6996638774872
6428.4 363.75840878486633
6428.7 261.72469697217457
6429.0 254.6623552441597
6429.3 150.66360180359334
6429.6 171.6697128545493
6429.9 245.64790253713727
6430.2 313.73921014391817
6430.5 286.7164236307144
6430.8 117.9582605343312
6431.1 308.21059972792864
6431.4 295.9137258529663
6431.7 278.5824431478977
6432.0 370.25787568092346
6432.3 311.8944480419159
6432.6 220.26443732669577
6432.9 341.199077129364
6433.2 309.8747203350067
6433.5 403.29923844337463
6433.8 271.6361011117697
6434.1 416.08284425735474
6434.4 247.02362728118896
6434.7 407.790991127491
6435.0 428.35001170635223
6435.3 206.33801708370447
6435.6 253.63359983544797
6435.9 336.99650686979294
6436.2 365.9536712169647
6436.5 301.22022435069084
6436.8 183.07377540320158
6437.1 272.7954984009266
6437.4 215.1468010172248
6437.7 388.4329352378845
6438.0 331.13431918621063
6438.3 287.06564152240753
6438.6 486.2842347621918
6438.9 413.0998613834381
6439.2 364.49621629714966
6439.5 253.57742285728455
6439.8 336.0534937977791
6440.1 385.8018169403076
6440.4 474.3975875377655
6440.7 317.8624888062477
6441.0 352.8608226776123
6441.3 361.95904648303986
6441.6 414.68637228012085
6441.9 426.40913486480713
6442.2 338.54757249355316
6442.5 295.06652787327766
6442.8 436.28729820251465
6443.1 -134.81546141952276
6443.4 115.82879835367203
6443.7 444.27206325531006
6444.0 464.06344175338745
6444.3 364.40734058618546
6444.6 271.20396196842194
6444.9 317.6805692911148
6445.2 423.07085305452347
6445.5 382.103846013546
6445.8 285.95474568009377
6446.1 418.9413033723831
6446.4 425.73929834365845
6446.7 388.8707597255707
6447.0 394.5436460971832
6447.3 272.6297149658203
6447.6 297.75627291202545
6447.9 430.10389518737793
6448.2 359.1908037662506
6448.5 330.8782765865326
6448.8 328.7192670106888
6449.1 417.99376797676086
6449.4 210.95627265423536
6449.7 82.74605927988887
6450.0 394.71530413627625
6450.3 628.3084387779236
6450.6 320.29537320137024
6450.9 438.02174884080887
6451.2 469.1287957429886
6451.5 492.90843200683594
6451.8 546.6889472007751
6452.1 324.3599163070321
6452.4 312.77906786324456
6452.7 432.4643621444702
6453.0 438.6595244407654
6453.3 501.0689971446991
6453.6 536.7918729782104
6453.9 519.5881080627441
6454.2 429.1674745082855
6454.5 329.45238614082336
6454.8 396.15930342674255
6455.1 454.39203220792115
6455.4 366.590248465538
6455.7 391.6326870918274
6456.0 386.5364360809326
6456.3 406.29315662384033
6456.6 494.22807097435
6456.9 329.971264641732
6457.2 457.18353605270386
6457.5 338.25673055648804
6457.8 277.5408423244953
6458.1 293.1840928569436
6458.4 241.93089781701565
6458.7 354.33596381545067
6459.0 343.53750240802765
6459.3 246.20447254180908
6459.6 389.80838918685913
6459.9 359.0487450361252
6460.2 364.7462556362152
6460.5 303.5054533481598
6460.8 392.45377588272095
6461.1 183.33286068215966
6461.4 251.90389531850815
6461.7 305.1068726480007
6462.0 448.77202224731445
6462.3 395.26351976394653
6462.6 368.28720808029175
6462.9 535.8814895153046
6463.2 195.5285961497575
6463.5 379.6784026622772
6463.8 421.2421202659607
6464.1 530.5910568237305
6464.4 255.71315586566925
6464.7 301.12090533971786
6465.0 322.70155876874924
6465.3 215.04730641003698
6465.6 262.656188829802
6465.9 485.1055796146393
6466.2 278.4705211222172
6466.5 149.5582972727716
6466.8 407.29494428634644
6467.1 188.60401298105717
6467.4 123.21914097294211
6467.7 364.133576631546
6468.0 397.7503616809845
6468.3 304.56865948438644
6468.6 306.9986673742533
6468.9 254.80742389708757
6469.2 226.11527889966965
6469.5 324.7023905515671
6469.8 379.07329308986664
6470.1 700.102502822876
6470.4 493.1439788341522
6470.7 312.5888716503978
6471.0 540.5678641796112
6471.3 368.7933360338211
6471.6 396.8661089539528
6471.9 569.511679649353
6472.2 398.253121137619
6472.5 206.8776123933494
6472.8 332.52801552508026
6473.1 141.7749866237864
6473.4 210.49103378877044
6473.7 450.988841176033
6474.0 359.9166461825371
6474.3 282.32171308994293
6474.6 388.0008738040924
6474.9 454.85694551467896
6475.2 336.90517169237137
6475.5 308.54292441532016
6475.8 436.8280131816864
6476.1 121.50286433193833
6476.4 317.649866104126
6476.7 283.2629764676094
6477.0 332.27820717869326
6477.3 275.0644785165787
6477.6 241.75765155348927
6477.9 467.1724143028259
6478.2 414.027978181839
6478.5 393.78821861743927
6478.8 344.78520172834396
6479.1 402.0294041633606
6479.4 415.35065472126007
6479.7 407.78499364852905
6480.0 327.3473010659218
6480.3 292.36650079488754
6480.6 191.2940158843994
6480.9 356.1495544910431
6481.2 299.9695770740509
6481.5 351.35497295856476
6481.8 343.0954117178917
6482.1 434.2020334005356
6482.4 390.0086989402771
6482.7 298.4334392938763
6483.0 263.4021370857954
6483.3 150.23306628037244
6483.6 241.1894792765379
6483.9 321.74572718143463
6484.2 258.53053226089105
6484.5 401.6644150018692
6484.8 164.28442808240652
6485.1 86.49085928592831
6485.4 306.45332539081573
6485.7 335.842254281044
6486.0 323.63605558872223
6486.3 336.7335810661316
6486.6 352.80851769447327
6486.9 211.03389811515808
6487.2 465.06910169124603
6487.5 205.67798805236816
6487.8 283.9273100309074
6488.1 371.8547685146332
6488.4 286.79439902305603
6488.7 194.94635657779872
6489.0 297.7298313844949
6489.3 413.69687718153
6489.6 391.8606414794922
6489.9 395.12981820106506
6490.2 325.04418367147446
6490.5 427.7218836545944
6490.8 466.8916447162628
6491.1 446.59286975860596
6491.4 263.3610255122185
6491.7 442.49029767513275
6492.0 339.15958070755005
6492.3 442.6904811859131
6492.6 244.67894531367347
6492.9 268.33455378655344
6493.2 349.75149470567703
6493.5 261.97935005277395
6493.8 236.623705804348
6494.1 312.29837226867676
6494.4 334.4763075709343
6494.7 134.63007718636072
6495.0 421.56644344329834
6495.3 504.7719097137451
6495.6 345.49228229373693
6495.9 483.64538836479187
6496.2 285.2726824199781
6496.5 338.04298973083496
6496.8 546.2411770820618
6497.1 222.76507186889648
6497.4 95.8457850124687
6497.7 765.8341197967529
6498.0 663.3902640342712
6498.3 -126.02963899821043
6498.6 428.499272108078
6498.9 444.31844782829285
6499.2 173.71677865087986
6499.5 259.09398524835706
6499.8 356.6744351387024
6500.1 298.633398860693
6500.4 288.17291605472565
6500.7 415.94465351104736
6501.0 284.4352438952774
6501.3 360.42507696151733
6501.6 397.33675479888916
6501.9 235.15041856467724
6502.2 481.9235724210739
6502.5 490.27742183208466
6502.8 382.16895616054535
6503.1 410.80390179157257
6503.4 234.96136783063412
6503.7 422.2823989391327
6504.0 286.95254904031754
6504.3 464.1792275905609
6504.6 215.7860748959938
6504.9 299.2310670018196
6505.2 423.0597414970398
6505.5 72.33745835348964
6505.8 377.2816859483719
6506.1 276.7207029815763
6506.4 377.1684165298939
6506.7 220.79646024480462
6507.0 424.1756348013878
6507.3 565.802328824997
6507.6 320.763018488884
6507.9 438.77212941646576
6508.2 470.49915051460266
6508.5 414.58908808231354
6508.8 254.84096555411816
6509.1 273.57258628867567
6509.4 249.9216341972351
6509.7 312.2061795331538
6510.0 344.088031232357
6510.3 279.80700013879687
6510.6 245.17791466787457
6510.9 306.2419455200434
6511.2 412.18601191043854
6511.5 322.2144900560379
6511.8 450.85029888153076
6512.1 346.99635115265846
6512.4 296.93860852718353
6512.7 377.97549894452095
6513.0 501.6695599555969
6513.3 460.6232192516327
6513.6 353.318254545331
6513.9 497.6515359207988
6514.2 452.1708019375801
6514.5 201.18145961058326
6514.8 280.5890817567706
6515.1 300.5897139906883
6515.4 254.37978798523545
6515.7 317.90454421937466
6516.0 415.14293909072876
6516.3 410.7173080444336
6516.6 314.77647709846497
6516.9 474.4460904598236
6517.2 256.0830798447132
6517.5 259.58645075559616
6517.8 456.80109691619873
6518.1 472.5887403488159
6518.4 429.6416652202606
6518.7 463.20777666568756
6519.0 361.1014289855957
6519.3 267.31458370387554
6519.6 310.53617075691
6519.9 451.721248626709
6520.2 506.14412558078766
6520.5 184.32323613762856
6520.8 427.42763018608093
6521.1 308.2687723636627
6521.4 384.45285671949387
6521.7 494.6309587955475
6522.0 434.45956964604557
6522.3 612.9676983356476
6522.6 341.4664397239685
6522.9 414.26562893390656
6523.2 392.706133723259
6523.5 343.87354888021946
6523.8 256.8773499513045
6524.1 355.17228174209595
6524.4 307.26081424951553
6524.7 366.2395107746124
6525.0 391.6370738744736
6525.3 338.75142645835876
6525.6 392.21991658210754
6525.9 387.95685291290283
6526.2 216.10951813001884
6526.5 553.117180109024
6526.8 459.5274863243103
6527.1 354.50715613365173
6527.4 322.85353422164917
6527.7 313.91825449466705
6528.0 214.9710351570975
6528.3 305.7309339046478
6528.6 407.704621553421
6528.9 431.7162901163101
6529.2 456.0113191604614
6529.5 338.63138844817877
6529.8 216.07475544139743
6530.1 268.3957997560501
6530.4 368.07573330402374
6530.7 459.99934881925583
6531.0 487.95755529403687
6531.3 425.4774022102356
6531.6 169.2735195811838
6531.9 550.0178294181824
6532.2 426.5556391477585
6532.5 40.55146181024611
6532.8 231.45878169965
6533.1 620.0699987411499
6533.4 212.56899742037058
6533.7 174.51661590492586
6534.0 365.42036390304565
6534.3 324.0991286993958
6534.6 341.46866904199123
6534.9 371.64384484291077
6535.2 439.3203659057617
6535.5 282.8665426503867
6535.8 371.8753726556897
6536.1 436.590882062912
6536.4 390.44917500019073
6536.7 457.49286103248596
6537.0 492.2733578681946
6537.3 396.78326773643494
6537.6 475.8042632341385
6537.9 442.68470031023026
6538.2 345.0316292382777
6538.5 373.8743578195572
6538.8 404.24056735262275
6539.1 422.55714452266693
6539.4 379.7410269975662
6539.7 261.12148806639016
6540.0 176.7350836917758
6540.3 234.06085859332234
6540.6 419.69642266631126
6540.9 180.98105169076007
6541.2 245.88060815865174
6541.5 239.2151960481424
6541.8 299.65090781170875
6542.1 306.5124249905348
6542.4 269.8913414538838
6542.7 378.51671773195267
6543.0 471.603310585022
6543.3 379.3949697315693
6543.6 318.947911798954
6543.9 561.8857798576355
6544.2 283.29942314047366
6544.5 127.77598701417446
6544.8 295.9298382475972
6545.1 317.0530014298856
6545.4 378.19873774051666
6545.7 403.79480361938477
6546.0 211.41790347918868
6546.3 155.98919527605176
6546.6 363.8057913184166
6546.9 407.33630192279816
6547.2 282.797042965889
6547.5 572.8989367485046
6547.8 348.13333439826965
6548.1 280.98395773768425
6548.4 395.2896947860718
6548.7 423.689160823822
6549.0 283.36103427410126
6549.3 459.24869537353516
6549.6 343.40782713890076
6549.9 148.68117900192738
6550.2 430.98716378211975
6550.5 321.0881471633911
6550.8 396.68822568655014
6551.1 362.48572421073914
6551.4 285.1827513575554
6551.7 387.90693509578705
6552.0 364.59545020759106
6552.3 239.08432368561625
6552.6 586.6354293823242
6552.9 727.5045798420906
6553.2 217.02111918479204
6553.5 486.1446385383606
6553.8 642.7990818023682
6554.1 163.6429261006415
6554.4 166.01147437654436
6554.7 345.91327822208405
6555.0 305.42144244909286
6555.3 182.43821221590042
6555.6 327.9435979947448
6555.9 361.20035296678543
6556.2 328.2227753587067
6556.5 374.5681742429733
6556.8 267.6298540234566
6557.1 228.42735422076657
6557.4 388.42164373397827
6557.7 353.1599388718605
6558.0 331.29721760749817
6558.3 322.9651564657688
6558.6 452.0883940458298
6558.9 357.685444355011
6559.2 343.33775597810745
6559.5 385.46916925907135
6559.8 245.55596812069416
6560.1 237.6852634716779
6560.4 291.6629387438297
6560.7 406.84671199321747
6561.0 460.05543518066406
6561.3 231.56421123929022
6561.6 392.5662178993225
6561.9 478.48148584365845
6562.2 388.9890793636441
6562.5 392.93410712480545
6562.8 679.1254682540894
6563.1 406.05229663848877
6563.4 296.2946637272835
6563.7 402.5581839084625
6564.0 320.61666338145733
6564.3 158.08894416689873
6564.6 471.87094497680664
6564.9 553.8122954368591
6565.2 418.7483607530594
6565.5 492.082337141037
6565.8 313.10929188132286
6566.1 456.73679637908936
6566.4 420.60004580020905
6566.7 468.5221953392029
6567.0 407.4035452604294
6567.3 357.9929365962744
6567.6 354.1979313455522
6567.9 518.9815777540207
6568.2 408.1143927946687
6568.5 343.41523933410645
6568.8 376.713276386261
6569.1 383.2046834677458
6569.4 352.7721846103668
6569.7 419.7486560344696
6570.0 365.4939224720001
6570.3 324.2230249643326
6570.6 368.70913791656494
6570.9 357.87113893032074
6571.2 153.05700059962692
6571.5 295.691268812865
6571.8 479.30532824993134
6572.1 101.87660224805586
6572.4 354.60075426101685
6572.7 340.0453701019287
6573.0 272.3325182273984
6573.3 471.62536239624023
6573.6 545.2022850513458
6573.9 513.2461907863617
6574.2 386.82727244496346
6574.5 511.6064338684082
6574.8 464.6173540353775
6575.1 386.3682625889778
6575.4 194.8448263524333
6575.7 312.2304482460022
6576.0 456.06891429424286
6576.3 707.0260744094849
6576.6 291.10376877337694
6576.9 308.58523788675666
6577.2 580.4159469604492
6577.5 440.0839582681656
6577.8 366.7498632594943
6578.1 605.9424586296082
6578.4 502.05790054798126
6578.7 464.6772915124893
6579.0 373.32627004384995
6579.3 353.955972135067
6579.6 451.38293194770813
6579.9 378.863162368536
6580.2 395.0238673686981
6580.5 403.5811425447464
6580.8 376.0164031125605
6581.1 395.9604420233518
6581.4 360.7320562005043
6581.7 432.7637887187302
6582.0 345.0719738006592
6582.3 449.9182307124138
6582.6 296.64045811863616
6582.9 407.3061382174492
6583.2 417.3803759813309
6583.5 396.46251088380814
6583.8 450.57979160547256
6584.1 461.35657119750977
6584.4 455.54070460796356
6584.7 453.579855799675
6585.0 349.83150947093964
6585.3 291.5929373949766
6585.6 341.79449623823166
6585.9 332.0011778473854
6586.2 430.6717656850815
6586.5 410.45050954818726
6586.8 371.1542769372463
6587.1 321.9744016081095
6587.4 273.7669289186597
6587.7 448.8455696105957
6588.0 439.5492650270462
6588.3 365.95960053801537
6588.6 413.721515417099
6588.9 225.9762644469738
6589.2 269.781919747591
6589.5 295.2288364171982
6589.8 512.1542680263519
6590.1 458.35057106614113
6590.4 302.0347300246358
6590.7 460.50338530540466
6591.0 309.7179996743798
6591.3 308.6829073932022
6591.6 402.4015098810196
6591.9 218.69446885120124
6592.2 403.6769463047385
6592.5 367.6397799924016
6592.8 293.59504302963614
6593.1 276.6253634542227
6593.4 343.8789999508299
6593.7 339.42490434646606
6594.0 458.70773577690125
6594.3 371.31668293476105
6594.6 350.8817936182022
6594.9 314.6308375597
6595.2 323.94712311029434
6595.5 409.07558788359165
6595.8 402.35930275917053
6596.1 321.4311705455184
6596.4 287.47918263077736
6596.7 447.8160807490349
6597.0 305.4522384405136
6597.3 337.9538404792547
6597.6 409.9618642628193
6597.9 459.758385181427
6598.2 422.0062355399132
6598.5 351.13974142074585
6598.8 358.43540382385254
6599.1 346.8487820625305
6599.4 333.2007216475904
6599.7 296.8243744559586
6600.0 407.3665603995323
6600.3 376.6278692483902
6600.6 415.52252542972565
6600.9 399.00705873966217
6601.2 291.021955817705
6601.5 411.61466586589813
6601.8 407.3527597282082
6602.1 286.9397013708949
6602.4 371.97659265762195
6602.7 345.2506881952286
6603.0 355.60431158542633
6603.3 516.7410564422607
6603.6 346.1957495287061
6603.9 585.770694732666
6604.2 602.1445653438568
6604.5 442.2881410717964
6604.8 305.2474747598171
6605.1 500.6973830461502
6605.4 389.8950848579407
6605.7 297.37824669480324
6606.0 301.02311784029007
6606.3 196.41340753016993
6606.6 386.1165475845337
6606.9 281.1475838422775
6607.2 373.6155934929848
6607.5 435.91559410095215
6607.8 355.8072768896818
6608.1 317.77754488389473
6608.4 275.64274824783206
6608.7 313.5290197134018
6609.0 339.0985881090164
6609.3 309.96798145771027
6609.6 431.80887961387634
6609.9 497.5174171924591
6610.2 336.70268392562866
6610.5 464.95879352092743
6610.8 325.3551536500454
6611.1 387.5131621360779
6611.4 348.76088506076485
6611.7 421.9962137490511
6612.0 451.5988552570343
6612.3 384.97655749320984
6612.6 561.644424200058
6612.9 537.2739353179932
6613.2 395.37446916103363
6613.5 377.7839287519455
6613.8 57.909148424630985
6614.1 323.70583476964384
6614.4 405.49935030937195
6614.7 421.25000762939453
6615.0 407.55889546871185
6615.3 466.42826628685
6615.6 278.3694360759109
6615.9 329.954902162659
6616.2 270.24133732914925
6616.5 231.589066647226
6616.8 376.649502158165
6617.1 471.28750282526016
6617.4 450.5764322280884
6617.7 348.80169343948364
6618.0 348.3756118528545
6618.3 422.9775222539902
6618.6 492.7553060054779
6618.9 445.56317698955536
6619.2 269.9987849430181
6619.5 457.49214816093445
6619.8 435.7347640991211
6620.1 257.0560253756121
6620.4 318.871569884941
6620.7 430.94470822811127
6621.0 416.2867286801338
6621.3 352.06923588365316
6621.6 455.06241738796234
6621.9 447.53490230441093
6622.2 512.1208239793777
6622.5 430.64669024944305
6622.8 322.31175705231726
6623.1 371.52352248877287
6623.4 498.52900820970535
6623.7 422.9570949077606
6624.0 430.9338077902794
6624.3 373.0474285632372
6624.6 377.16638223826885
6624.9 273.94258704874665
6625.2 585.2810471057892
6625.5 440.3377424478531
6625.8 386.92673832178116
6626.1 308.10496800765395
6626.4 307.04086861759424
6626.7 517.395712852478
6627.0 393.788037776947
6627.3 404.2182231247425
6627.6 387.02518236637115
6627.9 514.6992874145508
6628.2 369.1380003094673
6628.5 367.61976259946823
6628.8 405.53082448989153
6629.1 401.9375712275505
6629.4 266.3737794831395
6629.7 333.17016730085015
6630.0 390.2973605841398
6630.3 374.40321561694145
6630.6 395.4548623561859
6630.9 577.2824864387512
6631.2 362.7392377778888
6631.5 414.15932965278625
6631.8 487.69765508174896
6632.1 401.9279101509601
6632.4 418.8193992972374
6632.7 332.4854245185852
6633.0 339.38029649853706
6633.3 397.8999629765749
6633.6 491.1395174264908
6633.9 370.7255230518058
6634.2 382.0345481932163
6634.5 431.5216836333275
6634.8 464.08394446223974
6635.1 411.854784488678
6635.4 480.4484382867813
6635.7 435.1690211594105
6636.0 424.02109694480896
6636.3 473.3331466913223
6636.6 485.8040129188448
6636.9 343.98143370449543
6637.2 572.2819204949774
6637.5 750.0093421936035
6637.8 620.9845452010632
6638.1 711.4372167885303
6638.4 689.60136282444
6638.7 682.3266091346741
6639.0 735.6317000389099
6639.3 619.736807346344
6639.6 723.1231260299683
6639.9 747.0746116638184
6640.2 530.7914881706238
6640.5 499.4149589538574
6640.8 748.7448406219482
6641.1 579.9121148586273
6641.4 513.8018133640289
6641.7 591.1416392326355
6642.0 465.02027690410614
6642.3 660.796457529068
6642.6 595.1071430444717
6642.9 605.9486217498779
6643.2 552.4914751052856
6643.5 422.02009177207947
6643.8 585.2975978851318
6644.1 597.3529534339905
6644.4 411.3364601135254
6644.7 554.4316892623901
6645.0 391.34821462631226
6645.3 533.037876367569
6645.6 460.6667830348015
6645.9 549.027369260788
6646.2 518.3355026245117
6646.5 346.567535340786
6646.8 477.20026791095734
6647.1 395.15179431438446
6647.4 363.64123463630676
6647.7 436.6551504135132
6648.0 516.5051300525665
6648.3 459.0174295902252
6648.6 418.80614218115807
6648.9 483.70230054855347
6649.2 465.99882435798645
6649.5 642.2357523441315
6649.8 573.235714673996
6650.1 621.7841203212738
6650.4 674.5289078354836
6650.7 716.0200686752796
6651.0 943.2383311986923
6651.3 1062.3601591587067
6651.6 1364.922364473343
6651.9 1575.877526640892
6652.2 1665.6165058612823
6652.5 1862.6582431793213
6652.8 1864.490318775177
6653.1 1983.6960859298706
6653.4 2065.655736923218
6653.7 2280.608952522278
6654.0 2140.26517868042
6654.3 2082.424443244934
6654.6 1971.3447751998901
6654.9 1702.3144617080688
6655.2 1494.0012378692627
6655.5 1326.1158638000488
6655.8 1248.9898710250854
6656.1 1072.3265023231506
6656.4 1134.3634090423584
6656.7 1149.992709159851
6657.0 1107.6042165756226
6657.3 1053.132318496704
6657.6 1101.5672798156738
6657.9 1104.7646007537842
6658.2 924.2706508636475
6658.5 1043.9023327827454
6658.8 938.1703910827637
6659.1 1021.5913734436035
6659.4 1091.425983428955
6659.7 1068.9512519836426
6660.0 1014.7476511001587
6660.3 797.1476101875305
6660.6 852.6265916824341
6660.9 834.4198379516602
6661.2 725.3980331420898
6661.5 952.1581764221191
6661.8 745.0321550369263
6662.1 682.1298816204071
6662.4 763.3543634414673
6662.7 600.5216312408447
6663.0 644.9862997531891
6663.3 579.7088296413422
6663.6 517.4327658414841
6663.9 596.6967508792877
6664.2 448.6282935142517
6664.5 398.2956681251526
6664.8 459.9115877151489
6665.1 555.5208687782288
6665.4 500.9236876964569
6665.7 465.15271949768066
6666.0 439.69217586517334
6666.3 333.1697157025337
6666.6 492.1010100841522
6666.9 267.11157727241516
6667.2 364.5699726343155
6667.5 537.4098472595215
6667.8 412.4326310157776
6668.1 341.14145684987307
6668.4 376.8513777256012
6668.7 424.1987508535385
6669.0 579.112991809845
6669.3 420.4384708404541
6669.6 455.20919367671013
6669.9 592.4521585702896
6670.2 432.92392836883664
6670.5 552.8582490636036
6670.8 624.8115434646606
6671.1 455.38134977966547
6671.4 581.7206169366837
6671.7 635.0210874080658
6672.0 722.2473661825061
6672.3 923.7224099859595
6672.6 927.9376114159822
6672.9 1045.8964837938547
6673.2 1193.5886076539755
6673.5 1299.2387061715126
6673.8 1216.5886229276657
6674.1 1375.9555613994598
6674.4 1540.963038444519
6674.7 1426.9853348731995
6675.0 1371.5086679458618
6675.3 1519.8360652923584
6675.6 1419.831603050232
6675.9 1334.2368240356445
6676.2 1216.5429286956787
6676.5 1040.6357135772705
6676.8 948.6018805503845
6677.1 960.5697679519653
6677.4 819.6004409790039
6677.7 1015.724636554718
6678.0 948.834210395813
6678.3 958.2787094116211
6678.6 913.626856803894
6678.9 958.2536053657532
6679.2 792.7977705001831
6679.5 905.0616154670715
6679.8 931.9174399375916
6680.1 893.0786247253418
6680.4 913.746256351471
6680.7 861.2420697212219
6681.0 860.0850405693054
6681.3 706.3148446083069
6681.6 620.4070439338684
6681.9 739.7591948509216
6682.2 765.8773927688599
6682.5 691.8157410621643
6682.8 586.2735962867737
6683.1 427.72535932064056
6683.4 497.3397891521454
6683.7 499.927353143692
6684.0 543.0653541088104
6684.3 369.12519443035126
6684.6 438.8087077140808
6684.9 520.1691958904266
6685.2 386.0641610622406
6685.5 586.2063934803009
6685.8 223.75448535729083
6686.1 467.98104226589203
6686.4 364.4858285188675
6686.7 426.1981236934662
6687.0 448.8297724723816
6687.3 308.5796047449112
6687.6 384.7842863202095
6687.9 374.83548617362976
6688.2 412.0181555747986
6688.5 389.439564704895
6688.8 240.14466047659516
6689.1 251.45895922742784
6689.4 399.1502310708165
6689.7 441.4083898961544
6690.0 375.0204020142555
6690.3 293.27554054558277
6690.6 408.96451449394226
6690.9 340.1946431994438
6691.2 425.8016342399642
6691.5 473.48207437992096
6691.8 561.7052429914474
6692.1 409.93300426006317
6692.4 478.56998917646706
6692.7 343.0001125088893
6693.0 342.7356809079647
6693.3 371.39584934711456
6693.6 443.4428738951683
6693.9 506.49121856689453
6694.2 395.5056252479553
6694.5 413.75448174774647
6694.8 315.60080844163895
6695.1 312.7806975822896
6695.4 435.4413688182831
6695.7 543.4328457117081
6696.0 406.1383005082607
6696.3 374.04151117801666
6696.6 517.0711941719055
6696.9 400.67476201057434
6697.2 464.9559030532837
6697.5 569.4694230556488
6697.8 458.0581387281418
6698.1 486.9476811885834
6698.4 547.2328714132309
6698.7 453.54912304878235
6699.0 450.7482090033591
6699.3 521.3633146286011
6699.6 348.78057773783803
6699.9 170.45915604569018
6700.2 366.5254060290754
6700.5 474.352667927742
6700.8 256.65102201886475
6701.1 494.39744663238525
6701.4 367.993710398674
6701.7 413.3506852388382
6702.0 321.7298631668091
6702.3 515.8581482172012
6702.6 352.00536817032844
6702.9 440.3590308353305
6703.2 484.54644840955734
6703.5 435.35352778434753
6703.8 345.2691638469696
6704.1 415.2971950173378
6704.4 639.4016839265823
6704.7 475.8515444546938
6705.0 362.3161631417461
6705.3 345.3212965577841
6705.6 354.0339297950268
6705.9 324.82606603205204
6706.2 364.7206616504118
6706.5 387.160628458485
6706.8 293.6192986378446
6707.1 335.7035226225853
6707.4 437.587550804019
6707.7 407.71178239490837
6708.0 362.45870542526245
6708.3 379.93436074256897
6708.6 279.5226928293705
6708.9 349.64600129798055
6709.2 400.11912775039673
6709.5 387.31652764230967
6709.8 390.13246215786785
6710.1 571.0944187641144
6710.4 513.2769129276276
6710.7 513.907746553421
6711.0 423.17690329253674
6711.3 576.2501094341278
6711.6 513.5466210842133
6711.9 351.50727543234825
6712.2 255.40957033704035
6712.5 378.1727790981531
6712.8 358.81738045439124
6713.1 232.7702780365944
6713.4 419.2624027840793
6713.7 252.83245731331408
6714.0 314.3268363624811
6714.3 349.48481933027506
6714.6 356.77237884141505
6714.9 474.9315540790558
6715.2 459.64179050922394
6715.5 461.8762610554695
6715.8 381.83173537254333
6716.1 421.6108966730535
6716.4 524.6164252758026
6716.7 407.2791724205017
6717.0 482.88210940361023
6717.3 287.71376414969563
6717.6 467.91473415493965
6717.9 302.7056777328253
6718.2 325.7492645420134
6718.5 500.1149368286133
6718.8 375.99477534368634
6719.1 571.8564556837082
6719.4 441.7598910331726
6719.7 545.9681403636932
6720.0 527.4669842720032
6720.3 432.5689160823822
6720.6 326.7742632627487
6720.9 311.52780878543854
6721.2 341.76505311764777
6721.5 438.4362988383509
6721.8 418.73437666893005
6722.1 268.01110135763884
6722.4 534.6620078086853
6722.7 320.4100810289383
6723.0 517.0897510051727
6723.3 519.1633378267288
6723.6 434.6551969051361
6723.9 436.0162642598152
6724.2 414.72898872662336
6724.5 478.4784733057022
6724.8 487.92926692962646
6725.1 604.4746129512787
6725.4 610.1125326156616
6725.7 465.45525896549225
6726.0 470.6137207746506
6726.3 320.7277588173747
6726.6 430.9275454208255
6726.9 309.5335548617877
6727.2 314.8702011629939
6727.5 266.9479980841279
6727.8 410.12338645756245
6728.1 435.23768854141235
6728.4 529.2757589817047
6728.7 439.6615823507309
6729.0 286.63348100334406
6729.3 433.44488425925374
6729.6 346.4038178343326
6729.9 370.05987280607224
6730.2 445.28246784210205
6730.5 372.5269798366353
6730.8 508.1668148599565
6731.1 483.5405890122056
6731.4 531.0028092265129
6731.7 468.8047535419464
6732.0 487.14311492443085
6732.3 441.70352613925934
6732.6 420.456050157547
6732.9 346.70841705054045
6733.2 427.00813192129135
6733.5 472.94179832935333
6733.8 498.08126163482666
6734.1 388.9016602039337
6734.4 391.3667594194412
6734.7 249.88114696074626
6735.0 416.9351283311844
6735.3 318.2221738677472
6735.6 511.10149455070496
6735.9 462.7279716730118
6736.2 422.2250369787216
6736.5 539.5219538211823
6736.8 472.32997554540634
6737.1 386.54698840528727
6737.4 577.0540369749069
6737.7 507.89768052101135
6738.0 666.1087951660156
6738.3 339.98985090479255
6738.6 290.51565070822835
6738.9 465.66718792915344
6739.2 266.93565976060927
6739.5 438.18914606422186
6739.8 275.271736163646
6740.1 392.7735666334629
6740.4 420.01774294674397
6740.7 526.4107421636581
6741.0 356.48267289996147
6741.3 405.39657229185104
6741.6 406.72197227180004
6741.9 415.8001751899719
6742.2 531.6795939207077
6742.5 527.756617307663
6742.8 475.067968249321
6743.1 372.95094313658774
6743.4 307.40913399960846
6743.7 433.3728840947151
6744.0 463.7823337316513
6744.3 342.9301254339516
6744.6 402.5073658153415
6744.9 225.77364692837
6745.2 407.77092429390177
6745.5 452.80607706308365
6745.8 387.6376284956932
6746.1 432.03786465525627
6746.4 392.21094292082125
6746.7 502.22735035419464
6747.0 407.95682406425476
6747.3 526.5464804172516
6747.6 401.81190967559814
6747.9 504.3388946056366
6748.2 283.7815877236426
6748.5 436.01035875082016
6748.8 435.64725345373154
6749.1 410.4028695821762
6749.4 375.7344459295273
6749.7 579.5398723483086
6750.0 388.8011216111481
6750.3 242.14151431247592
6750.6 527.0621827840805
6750.9 373.7815220989287
6751.2 378.9197487831116
6751.5 395.76212056167424
6751.8 410.5138509646058
6752.1 524.3109040260315
6752.4 335.3936738297343
6752.7 440.4723538607359
6753.0 496.6832318305969
6753.3 354.4486721754074
6753.6 404.1728890482336
6753.9 447.90288519859314
6754.2 439.2524867579341
6754.5 377.4253193233162
6754.8 374.3394654393196
6755.1 558.9681074619293
6755.4 437.67659057304263
6755.7 496.2001622915268
6756.0 531.8484622240067
6756.3 489.86056637763977
6756.6 355.6071836948395
6756.9 371.89961779117584
6757.2 627.0211508274078
6757.5 508.09441018104553
6757.8 472.61898732185364
6758.1 375.0035744011402
6758.4 456.86858117580414
6758.7 462.60879850387573
6759.0 412.5046185851097
6759.3 437.1317949295044
6759.6 331.79592268541455
6759.9 256.6937429299578
6760.2 427.4128034710884
6760.5 418.06724287569523
6760.8 437.1868899464607
6761.1 405.03922453934865
6761.4 389.05026867985725
6761.7 416.4996065273881
6762.0 410.3859199285507
6762.3 382.16985112428665
6762.6 394.9701954126358
6762.9 385.72313989698887
6763.2 389.99290483258665
6763.5 368.4230678390595
6763.8 345.7014373783022
6764.1 355.77063478250057
6764.4 435.50918462872505
6764.7 532.780354976654
6765.0 406.4857595190406
6765.3 377.4528808714822
6765.6 452.5832369811833
6765.9 375.80157962441444
6766.2 455.80322432518005
6766.5 404.45688939094543
6766.8 413.4837074279785
6767.1 463.7855453491211
6767.4 433.00707049667835
6767.7 420.0099288839847
6768.0 450.13704919815063
6768.3 463.3833909034729
6768.6 591.1392979621887
6768.9 243.5137792341411
6769.2 358.41043829661794
6769.5 383.19553134869784
6769.8 565.4667584896088
6770.1 512.9645659923553
6770.4 326.719475556165
6770.7 568.7141526937485
6771.0 410.6717814207077
6771.3 306.30857164412737
6771.6 311.5105579905212
6771.9 454.1785714626312
6772.2 451.27081859111786
6772.5 438.3667894601822
6772.8 494.47805497050285
6773.1 456.22677302360535
6773.4 417.4391044974327
6773.7 394.3105156123638
6774.0 492.55227959156036
6774.3 450.96260529756546
6774.6 314.7418771414086
6774.9 325.2741148918867
6775.2 507.254273891449
6775.5 541.2648301124573
6775.8 383.2389029469632
6776.1 386.35662448219955
6776.4 406.6631432771683
6776.7 387.6476785875857
6777.0 353.33972370810807
6777.3 465.64139127731323
6777.6 498.1022243499756
6777.9 360.7096642255783
6778.2 490.2248013019562
6778.5 327.43688739836216
6778.8 434.7481858385727
6779.1 410.5236195791513
6779.4 410.11528265476227
6779.7 482.15223383903503
6780.0 319.4569481946528
6780.3 617.7648112773895
6780.6 381.1499246142339
6780.9 420.38258710643277
6781.2 547.7691395282745
6781.5 403.3235555589199
6781.8 498.2102451324463
6782.1 395.5139311850071
6782.4 553.2479040622711
6782.7 392.6178625822067
6783.0 514.9214477539062
6783.3 489.53979218006134
6783.6 388.65116024017334
6783.9 381.55690824240446
6784.2 202.68306874856353
6784.5 469.6162291765213
6784.8 480.9991693496704
6785.1 392.11080384254456
6785.4 376.883809030056
6785.7 345.52663387544453
6786.0 460.10153675079346
6786.3 347.65996158123016
6786.6 441.83928287774324
6786.9 513.0159755945206
6787.2 374.6093579158187
6787.5 490.46466747671366
6787.8 436.29742392897606
6788.1 529.3318771123886
6788.4 343.70684975385666
6788.7 364.35813684854656
6789.0 415.7749562691897
6789.3 488.69409185647964
6789.6 452.54423236846924
6789.9 393.7279704660177
6790.2 551.4233038499951
6790.5 596.5678013563156
6790.8 386.8296069800854
6791.1 478.52760314941406
6791.4 389.1114527657628
6791.7 573.864864230156
6792.0 511.5202040672302
6792.3 528.185834646225
6792.6 439.95717399567366
6792.9 490.5111708790064
6793.2 493.0522004365921
6793.5 334.28372928872705
6793.8 463.1839505583048
6794.1 410.8954890668392
6794.4 424.4869403243065
6794.7 257.96741314046085
6795.0 543.8694266080856
6795.3 356.79205171763897
6795.6 336.99154015257955
6795.9 473.88582068681717
6796.2 305.7887983871624
6796.5 288.5788553953171
6796.8 510.7876113653183
6797.1 487.34493984282017
6797.4 601.8439567089081
6797.7 476.6896861195564
6798.0 372.40566635131836
6798.3 493.19561541080475
6798.6 551.6757963895798
6798.9 365.834854722023
6799.2 531.6179216504097
6799.5 421.2395847439766
6799.8 329.90362598374486
6800.1 417.01285482605454
6800.4 445.7858788371086
6800.7 437.195347905159
6801.0 437.2122275829315
6801.3 379.7285597920418
6801.6 546.1076066493988
6801.9 451.2955877482891
6802.2 494.41335248947144
6802.5 458.0131817497313
6802.8 596.2360620498657
6803.1 547.0434046573937
6803.4 394.41372755216435
6803.7 361.0173163563013
6804.0 433.7688975818455
6804.3 562.1964484453201
6804.6 538.0736184120178
6804.9 462.59188159927726
6805.2 462.80600905418396
6805.5 455.09032195806503
6805.8 444.1284522805363
6806.1 630.9551177024841
6806.4 555.7075711786747
6806.7 570.5381466397666
6807.0 759.8417311906815
6807.3 764.6498721837997
6807.6 713.9511044733226
6807.9 772.358996629715
6808.2 829.3651078939438
6808.5 924.5843178033829
6808.8 1158.1805322170258
6809.1 1074.026439666748
6809.4 1025.2749404907227
6809.7 889.7760858535767
6810.0 950.0763206481934
6810.3 1006.1398663520813
6810.6 936.7076864242554
6810.9 912.970142364502
6811.2 807.4156913757324
6811.5 908.8384943008423
6811.8 798.5946726799011
6812.1 812.1584868431091
6812.4 695.3216035366058
6812.7 676.2000441551208
6813.0 604.6183621883392
6813.3 593.8737993240356
6813.6 519.7632055282593
6813.9 621.6294243335724
6814.2 693.4275267124176
6814.5 700.8893580436707
6814.8 666.9325866699219
6815.1 820.2690877914429
6815.4 770.4961953163147
6815.7 590.9894442558289
6816.0 614.8683652877808
6816.3 650.2042374610901
6816.6 602.9713277816772
6816.9 499.32734513282776
6817.2 585.0556440353394
6817.5 514.8662729263306
6817.8 422.62091505527496
6818.1 520.7764587402344
6818.4 711.5096907615662
6818.7 412.33276891708374
6819.0 431.5683968067169
6819.3 373.0338966846466
6819.6 449.67079067230225
6819.9 590.625780582428
6820.2 362.5945645943284
6820.5 698.379870891571
6820.8 585.1872870922089
6821.1 518.4487144444138
6821.4 597.2258657217026
6821.7 628.2206239700317
6822.0 666.0770100653172
6822.3 521.0514313578606
6822.6 597.6071026325226
6822.9 602.6058604717255
6823.2 771.2389694452286
6823.5 870.0519857406616
6823.8 876.1682658195496
6824.1 754.1786966323853
6824.4 895.4420375823975
6824.7 884.5020895004272
6825.0 810.97456407547
6825.3 913.128212928772
6825.6 777.283341884613
6825.9 566.757640838623
6826.2 812.3083391189575
6826.5 826.339747428894
6826.8 925.3899893760681
6827.1 1057.6357383728027
6827.4 811.7191076278687
6827.7 735.1874859333038
6828.0 667.5694024562836
6828.3 428.16329517401755
6828.6 560.2025678157806
6828.9 1078.4676275253296
6829.2 720.3523797821254
6829.5 741.7746807932854
6829.8 1434.3013401031494
6830.1 875.1950783729553
6830.4 432.39222824713215
6830.7 583.7243542671204
6831.0 605.0761282444
6831.3 533.2463202476501
6831.6 542.7179996967316
6831.9 652.4408750534058
6832.2 620.856965303421
6832.5 636.7809882164001
6832.8 420.5652256011963
6833.1 603.663471698761
6833.4 422.12394116073847
6833.7 952.0068318843842
6834.0 1112.8021478652954
6834.3 563.5838604904711
6834.6 907.9577135015279
6834.9 1090.2137458324432
6835.2 431.1050978824496
6835.5 486.92351272702217
6835.8 535.2378830909729
6836.1 365.1253518462181
6836.4 336.2442721053958
6836.7 416.69301367457956
6837.0 165.3756589256227
6837.3 599.1875030994415
6837.6 360.50042700767517
6837.9 508.8082802295685
6838.2 396.4715950489044
6838.5 513.98432970047
6838.8 477.39618560671806
6839.1 338.023403942585
6839.4 283.96916281990707
6839.7 267.47055894881487
6840.0 519.5392577648163
6840.3 468.73213720321655
6840.6 437.8989629596472
6840.9 452.7745985984802
6841.2 481.31071853637695
6841.5 541.3742535114288
6841.8 389.5372130163014
6842.1 617.4112159460783
6842.4 502.1008448600769
6842.7 288.78952756524086
6843.0 413.31198823451996
6843.3 340.8915251791477
6843.6 398.41613683104515
6843.9 440.92227268218994
6844.2 477.7152569293976
6844.5 451.94081377983093
6844.8 473.65947341918945
6845.1 400.2263835668564
6845.4 413.2507061958313
6845.7 368.75057649612427
6846.0 591.8607742786407
6846.3 423.15480184555054
6846.6 501.91166615486145
6846.9 487.79667711257935
6847.2 270.52534490823746
6847.5 395.8744788169861
6847.8 401.9305715560913
6848.1 479.29153275489807
6848.4 324.73319550650194
6848.7 222.5649581104517
6849.0 246.1488270824775
6849.3 473.12648606300354
6849.6 501.4975012540817
6849.9 629.0691343545914
6850.2 423.1007325677201
6850.5 544.036504983902
6850.8 518.8802345991135
6851.1 554.2647720575333
6851.4 435.6587302684784
6851.7 371.158132314682
6852.0 256.81550815701485
6852.3 308.6797407567501
6852.6 489.06830382347107
6852.9 279.9299137443304
6853.2 383.7132529914379
6853.5 341.7899454906583
6853.8 298.21589486300945
6854.1 460.3730872273445
6854.4 405.1558757610619
6854.7 455.68530797958374
6855.0 316.5036299889907
6855.3 526.5896979570389
6855.6 394.18575888872147
6855.9 417.8489607870579
6856.2 386.1245452016592
6856.5 407.85597091168165
6856.8 320.70307897310704
6857.1 337.11785800009966
6857.4 475.8911918774247
6857.7 343.5587918421952
6858.0 390.2775791818276
6858.3 259.5645086877048
6858.6 279.2639362476766
6858.9 431.9207415757701
6859.2 524.2016612514853
6859.5 571.3037489652634
6859.8 309.6023155450821
6860.1 267.7097056694329
6860.4 325.806560266763
6860.7 323.1879760324955
6861.0 343.0278774164617
6861.3 239.87513571977615
6861.6 485.4958107471466
6861.9 564.5906647443771
6862.2 732.0478322505951
6862.5 1165.3826241493225
6862.8 1532.9872031211853
6863.1 2888.775960922241
6863.4 3564.8655376434326
6863.7 1862.5968844890594
6864.0 475.796161711216
6864.3 2499.3766870498657
6864.6 1468.6455535236746
6864.9 128.24898110888898
6865.2 388.36225179210305
6865.5 383.0590084679425
6865.8 194.79885104950517
6866.1 463.53634095191956
6866.4 467.7322030067444
6866.7 605.3220353126526
6867.0 554.9502353668213
6867.3 697.0948514938354
6867.6 706.3754239082336
6867.9 434.20471930503845
6868.2 557.8222131729126
6868.5 617.6772146224976
6868.8 715.265533208847
6869.1 341.9465594291687
6869.4 0.0
6869.7 0.0
