6165.0 0.0
6165.3 0.0
6165.6 0.0
6165.9 0.0
6166.2 0.0
6166.5 0.0
6166.8 0.0
6167.1 0.0
6167.4 0.0
6167.7 0.0
6168.0 0.0
6168.3 0.0
6168.6 0.0
6168.9 0.0
6169.2 0.0
6169.5 0.0
6169.8 0.0
6170.1 0.0
6170.4 0.0
6170.7 0.0
6171.0 0.0
6171.3 0.0
6171.6 0.0
6171.9 0.0
6172.2 0.0
6172.5 0.0
6172.8 0.0
6173.1 0.0
6173.4 0.0
6173.7 0.0
6174.0 -742.3394947648048
6174.3 -825.4827208518982
6174.6 -972.4450593199581
6174.9 -620.9595349729061
6175.2 26.62107504159212
6175.5 1543.887151002884
6175.8 1768.514863729477
6176.1 34.20316231250763
6176.4 -633.6914513651282
6176.7 -491.38190729916096
6177.0 -253.5041321516037
6177.3 303.4646392399445
6177.6 23.435221195220947
6177.9 -332.22007782012224
6178.2 115.34304338507354
6178.5 575.0831358060241
6178.8 -456.78746524453163
6179.1 62.56729382742196
6179.4 -253.75898103788495
6179.7 1108.65966334939
6180.0 228.8382968492806
6180.3 107.68881551828235
6180.6 -151.40821190550923
6180.9 -159.7306159734726
6181.2 -353.559587597847
6181.5 -57.89859522879124
6181.8 79.08491741120815
6182.1 -373.375732093642
6182.4 -105.71144463866949
6182.7 -353.0928085707128
6183.0 181.02758753229864
6183.3 368.0879843235016
6183.6 740.0734277963638
6183.9 313.15806906297803
6184.2 201.2341396533884
6184.5 118.33888459322043
6184.8 292.8210731414147
6185.1 28.695493329316378
6185.4 -279.323879763484
6185.7 202.70340725407004
6186.0 366.81943195685744
6186.3 -51.84378272294998
6186.6 115.44416048564017
6186.9 56.53864365257323
6187.2 6.426656358758919
6187.5 -313.8849222101271
6187.8 -105.63697169721127
6188.1 166.84465379780158
6188.4 -212.38405865617096
6188.7 -260.4780894443393
6189.0 -42.81958023365587
6189.3 -239.62172120809555
6189.6 46.545949197374284
6189.9 466.25000385940075
6190.2 309.5938005819917
6190.5 215.65868558734655
6190.8 348.2462091743946
6191.1 183.5937774470076
6191.4 175.57098303176463
6191.7 -74.53690121509135
6192.0 38.334164375439286
6192.3 119.47883427888155
6192.6 300.7147977948189
6192.9 167.77917758049443
6193.2 82.87264004256576
6193.5 104.23660115897655
6193.8 117.81789596378803
6194.1 192.6477059032768
6194.4 319.6259146928787
6194.7 -53.11476818472147
6195.0 139.52977715060115
6195.3 312.36089151352644
6195.6 417.9208040237427
6195.9 64.27008116617799
6196.2 174.67775364872068
6196.5 304.9993439167738
6196.8 259.77643007040024
6197.1 307.9689340740442
6197.4 166.3232350498438
6197.7 53.451854480430484
6198.0 70.39284596592188
6198.3 83.35761720687151
6198.6 126.93150341976434
6198.9 239.6315331282094
6199.2 96.57878180220723
6199.5 12.770699925720692
6199.8 288.1420831428841
6200.1 352.92102205753326
6200.4 209.83246113173664
6200.7 140.84969660674687
6201.0 196.1109265210107
6201.3 24.061246059834957
6201.6 173.7063929401338
6201.9 65.70216341444757
6202.2 -435.2003122791648
6202.5 -97.01113714464009
6202.8 236.39295160770416
6203.1 231.92999272048473
6203.4 406.15558425337076
6203.7 55.091292413766496
6204.0 35.14879886060953
6204.3 -14.575896668771747
6204.6 27.69467837549746
6204.9 13.249412649311125
6205.2 109.98161715269089
6205.5 116.44324281066656
6205.8 233.5334335938096
6206.1 52.910109389573336
6206.4 -15.276184584014118
6206.7 -149.78650679066777
6207.0 86.34753016196191
6207.3 185.1174926031381
6207.6 135.28856946527958
6207.9 194.28449967876077
6208.2 86.52275475300848
6208.5 -6.404027705080807
6208.8 157.78539674915373
6209.1 112.42963401414454
6209.4 234.03882604185492
6209.7 229.475544298999
6210.0 68.29370954819024
6210.3 138.46012421697378
6210.6 -39.357750572264194
6210.9 54.11981461197138
6211.2 106.53705590590835
6211.5 291.732600286603
6211.8 117.99789316765964
6212.1 154.5144551852718
6212.4 216.52975982055068
6212.7 10.68036613613367
6213.0 441.18436098098755
6213.3 188.63018981181085
6213.6 93.13118577376008
6213.9 249.91148932650685
6214.2 379.5820761322975
6214.5 236.7588640972972
6214.8 188.65366863447707
6215.1 158.83379917452112
6215.4 224.5017754882574
6215.7 273.7053371295333
6216.0 112.73911108681932
6216.3 170.14875846542418
6216.6 -27.732408292591572
6216.9 -49.28919977135956
6217.2 280.22260494250804
6217.5 184.82088343659416
6217.8 213.00674230605364
6218.1 -40.64164134860039
6218.4 -145.94674654584378
6218.7 -18.928229801356792
6219.0 19.787633661180735
6219.3 125.1988485045731
6219.6 10.412112578749657
6219.9 47.161472883075476
6220.2 190.13426377251744
6220.5 36.97318049706519
6220.8 -66.07127296179533
6221.1 -35.636816404759884
6221.4 -524.4726530611515
6221.7 -225.44905126094818
6222.0 272.31176567077637
6222.3 59.333445988595486
6222.6 122.84315236844122
6222.9 272.4384509511292
6223.2 87.98817273136228
6223.5 176.24214592576027
6223.8 201.96715273708105
6224.1 137.69562939368188
6224.4 162.65450486540794
6224.7 155.0672921091318
6225.0 -126.75378596037626
6225.3 95.45025998726487
6225.6 79.44138767849654
6225.9 -26.22761659929529
6226.2 274.3228984028101
6226.5 188.60167056508362
6226.8 100.44892510212958
6227.1 145.6481849430129
6227.4 100.63420889526606
6227.7 53.368551414459944
6228.0 78.52276641968638
6228.3 137.3278419263661
6228.6 148.94586072769016
6228.9 126.3847683519125
6229.2 44.510468792170286
6229.5 86.70826255530119
6229.8 158.45920512080193
6230.1 34.062424645293504
6230.4 295.2935934755951
6230.7 251.38212729245424
6231.0 229.97038277983665
6231.3 289.00050058349734
6231.6 -27.792045371606946
6231.9 -72.44018370658159
6232.2 242.2352270372212
6232.5 234.97926400788128
6232.8 216.67677978426218
6233.1 -17.343400981277227
6233.4 -72.50472206994891
6233.7 -323.93006575107574
6234.0 -179.0119833908975
6234.3 194.8391564246267
6234.6 211.17542337998748
6234.9 183.97246320918202
6235.2 -59.61268784850836
6235.5 -495.0717424489558
6235.8 -134.60610090196133
6236.1 -56.00347970239818
6236.4 14.066347465617582
6236.7 38.560977559536695
6237.0 280.58447140059434
6237.3 -58.26470299065113
6237.6 177.2640141248703
6237.9 135.04392119898694
6238.2 79.99284836836159
6238.5 351.18869680166245
6238.8 241.11097615212202
6239.1 198.4329521972686
6239.4 308.61349026858807
6239.7 -3.4088339121080935
6240.0 39.75534783117473
6240.3 180.29418400023133
6240.6 158.50787521805614
6240.9 137.8701540316397
6241.2 41.45245751179755
6241.5 218.1065760324709
6241.8 201.24432927090675
6242.1 24.050239603966475
6242.4 193.90426264703274
6242.7 131.7991990209557
6243.0 5.1095520404633135
6243.3 -130.1472185999155
6243.6 -13.502000726759434
6243.9 266.34624132514
6244.2 -2.2963795715477318
6244.5 258.4020633313339
6244.8 111.54997089016251
6245.1 -93.03130432218313
6245.4 56.479160629212856
6245.7 69.45741879194975
6246.0 327.4528235197067
6246.3 164.0854359548539
6246.6 195.15061504469486
6246.9 124.56011653207861
6247.2 239.20903199911118
6247.5 213.07223438471556
6247.8 -117.22507485747337
6248.1 248.93282940075733
6248.4 284.64030742645264
6248.7 197.30713800201192
6249.0 197.08782386500388
6249.3 206.14694457920268
6249.6 -61.11244408413768
6249.9 152.96459890715778
6250.2 262.1222290266305
6250.5 35.147178653627634
6250.8 111.82168737385655
6251.1 102.66035895126697
6251.4 236.02617242746055
6251.7 346.7602564096451
6252.0 101.7694447520189
6252.3 40.29951810836792
6252.6 202.95228757336736
6252.9 97.6767193377018
6253.2 41.862988613545895
6253.5 239.64152326248586
6253.8 296.86664718948305
6254.1 259.45530320703983
6254.4 203.5230887643993
6254.7 130.74895455963815
6255.0 -6.402526429854333
6255.3 -36.62073344737291
6255.6 -0.3251589024439454
6255.9 179.3996114959009
6256.2 235.10111540555954
6256.5 -110.4592555956915
6256.8 184.21430861909175
6257.1 106.91991628706455
6257.4 -1097.910696029663
6257.7 -727.5944413915277
6258.0 521.4522401094437
6258.3 216.91168796271086
6258.6 66.274972576648
6258.9 182.4683900969103
6259.2 20.77172337844968
6259.5 92.85650671087205
6259.8 238.74056056141853
6260.1 345.00261467695236
6260.4 -15.321459975093603
6260.7 161.13614789117128
6261.0 208.5004407381639
6261.3 55.189147882163525
6261.6 282.9666558508761
6261.9 39.159180724673206
6262.2 -8.996896171942353
6262.5 88.38053253106773
6262.8 232.44523517787457
6263.1 168.50671314122155
6263.4 270.505064480938
6263.7 245.35121183656156
6264.0 261.32350708544254
6264.3 407.15789556503296
6264.6 -2.588618600741029
6264.9 -140.95615154318511
6265.2 205.10314217582345
6265.5 82.91090385615826
6265.8 151.25091374991462
6266.1 -53.55203057080507
6266.4 191.8981050727889
6266.7 327.25194281339645
6267.0 321.54748471826315
6267.3 238.7608401903417
6267.6 237.2727838754654
6267.9 82.10770894773304
6268.2 71.96995068714023
6268.5 48.90000023273751
6268.8 1.4635503441095352
6269.1 86.58873174712062
6269.4 32.065944586880505
6269.7 292.57636139541864
6270.0 154.80636060610414
6270.3 122.64765116292983
6270.6 275.3819412589073
6270.9 295.8004616126418
6271.2 206.1845624409616
6271.5 55.97810363024473
6271.8 120.23087545484304
6272.1 139.50177865987644
6272.4 202.00956945493817
6272.7 111.93169609084725
6273.0 98.86642791330814
6273.3 97.10130312960246
6273.6 299.3556994199753
6273.9 320.8018660247326
6274.2 165.007778883446
6274.5 242.83345100283623
6274.8 184.95282000303268
6275.1 112.57890778081492
6275.4 -42.90383920818567
6275.7 51.93551004678011
6276.0 313.6346254646778
6276.3 262.04283294826746
6276.6 196.2183774188161
6276.9 215.14701960980892
6277.2 143.5480271074921
6277.5 156.85249075386673
6277.8 217.77120586112142
6278.1 233.4196738600731
6278.4 307.08803685195744
6278.7 180.801194017753
6279.0 190.97442287951708
6279.3 276.5287386775017
6279.6 143.52132452838123
6279.9 361.8265390396118
6280.2 270.28034824691713
6280.5 181.9250484625809
6280.8 241.5483383834362
6281.1 190.0016164779663
6281.4 181.57248800667003
6281.7 359.64575117081404
6282.0 236.27927935495973
6282.3 188.89258676511236
6282.6 308.5648586153984
6282.9 175.93766270764172
6283.2 170.2726805061102
6283.5 193.74890318140388
6283.8 -21.03425581008196
6284.1 -58.33279795013368
6284.4 171.02076122630388
6284.7 232.07850878220052
6285.0 271.83112733997405
6285.3 467.15847730636597
6285.6 378.3752410411835
6285.9 230.85089140757918
6286.2 297.0088627040386
6286.5 400.317489027977
6286.8 -441.82764492183924
6287.1 -772.6612824359909
6287.4 244.09946759976447
6287.7 304.5919197946787
6288.0 107.31332177016884
6288.3 217.53854899760336
6288.6 -98.34575631842017
6288.9 143.48869502078742
6289.2 265.7750297328457
6289.5 416.7096750475466
6289.8 229.61171593517065
6290.1 229.3837493211031
6290.4 315.0885455608368
6290.7 361.60850629396737
6291.0 95.16727180522867
6291.3 135.30770813673735
6291.6 307.520213926211
6291.9 284.1378381252289
6292.2 191.7065785427112
6292.5 103.25506467372179
6292.8 94.4143423512578
6293.1 -71.89650229364634
6293.4 159.41902300529182
6293.7 218.32389607280493
6294.0 186.85720762703568
6294.3 151.75426324270666
6294.6 54.212165173201356
6294.9 139.8120695776306
6295.2 -44.944282703101635
6295.5 53.04455580934882
6295.8 193.53829944133759
6296.1 90.61720426101238
6296.4 122.60270465631038
6296.7 152.03286804724485
6297.0 128.58829760865774
6297.3 174.61524349357933
6297.6 13.686429823748767
6297.9 -465.29315592348576
6298.2 -49.531274516135454
6298.5 60.70396673679352
6298.8 -2835.965709209442
6299.1 5747.496528625488
6299.4 7099.45281124115
6299.7 -32654.526443481445
6300.0 -36960.784439086914
6300.3 7400.842281341553
6300.6 7978.718162536621
6300.9 -1574.830823481083
6301.2 -297.16673277691007
6301.5 12.382041649892926
6301.8 -265.9196784220403
6302.1 129.5920007750392
6302.4 192.78336120117456
6302.7 46.9366903770715
6303.0 186.10472922434565
6303.3 164.7807363322936
6303.6 10.258828847203404
6303.9 11.228878865018487
6304.2 201.62840547040105
6304.5 157.13018671120517
6304.8 -148.1139572430402
6305.1 197.93512412020937
6305.4 -27.275704123079777
6305.7 68.28724948316813
6306.0 333.5398299396038
6306.3 -605.1860940754414
6306.6 -750.4689146876335
6306.9 612.1251857280731
6307.2 125.47256586048752
6307.5 70.48537419363856
6307.8 271.79062854126096
6308.1 46.02562388405204
6308.4 101.77060333266854
6308.7 380.5484986305237
6309.0 16.10170771740377
6309.3 160.7460382222198
6309.6 129.5427964925766
6309.9 135.1408290200634
6310.2 303.31002950668335
6310.5 212.9626413229853
6310.8 165.96270870324224
6311.1 280.2914968132973
6311.4 174.59088030084968
6311.7 276.145728956908
6312.0 242.66399389505386
6312.3 247.703256174922
6312.6 156.70971265994012
6312.9 312.1025872826576
6313.2 166.68751734792022
6313.5 208.31944155320525
6313.8 115.99044334504288
6314.1 152.86398098315112
6314.4 146.14920279756188
6314.7 273.8836181499064
6315.0 201.65546671999618
6315.3 195.6875173971057
6315.6 287.9192263893783
6315.9 110.64175716135651
6316.2 217.36847814638168
6316.5 60.697550846263766
6316.8 174.37953130574897
6317.1 251.0875760940835
6317.4 50.77802576171234
6317.7 278.1057282090187
6318.0 106.66642297804356
6318.3 24.93288988992572
6318.6 215.8080979846418
6318.9 49.48690885398537
6319.2 -47.709823962301016
6319.5 179.62494777771644
6319.8 230.74613899644464
6320.1 452.77119040489197
6320.4 459.04291236400604
6320.7 20.83787236781791
6321.0 -354.07338070869446
6321.3 405.98938878811896
6321.6 413.8517284989357
6321.9 -10.451282860711217
6322.2 352.46312322840095
6322.5 178.14659643359482
6322.8 66.6091567678377
6323.1 273.7671864926815
6323.4 183.63446826301515
6323.7 114.21295662969351
6324.0 205.29780056886375
6324.3 256.6192814260721
6324.6 269.83740447461605
6324.9 306.092734336853
6325.2 177.87646336015314
6325.5 452.82564295455813
6325.8 343.586692661047
6326.1 270.33923360705376
6326.4 236.8542041897308
6326.7 133.37818582216278
6327.0 269.9647436514497
6327.3 232.84279226511717
6327.6 195.32048324123025
6327.9 88.1158798201941
6328.2 277.4042698740959
6328.5 179.3876665038988
6328.8 309.25270338123664
6329.1 -173.11246625334024
6329.4 -786.3159811794758
6329.7 4.946518418611959
6330.0 454.81898307800293
6330.3 169.9117791056633
6330.6 242.14438698557205
6330.9 442.51795992068946
6331.2 360.0810641050339
6331.5 218.76511852629483
6331.8 181.81461852276698
6332.1 213.73979863524437
6332.4 161.27306361682713
6332.7 177.40019381791353
6333.0 -103.60809637606144
6333.3 27.493866814300418
6333.6 145.45868811570108
6333.9 204.05021400749683
6334.2 263.23873499596084
6334.5 226.9593616463244
6334.8 208.4872272806242
6335.1 379.47013798356056
6335.4 287.41971135511994
6335.7 59.49589970335364
6336.0 248.26150069385767
6336.3 266.7988705635071
6336.6 210.60930533707142
6336.9 62.29440995492041
6337.2 263.3810170209035
6337.5 180.22705283295363
6337.8 168.80115509033203
6338.1 54.4650731603615
6338.4 191.6627870928496
6338.7 88.96123808994889
6339.0 285.19094437360764
6339.3 209.2756939129904
6339.6 277.6306232898496
6339.9 42.63350616628304
6340.2 209.28471294988412
6340.5 178.69595184084028
6340.8 196.62765328632668
6341.1 148.21012876555324
6341.4 375.14248901605606
6341.7 290.13966109603643
6342.0 295.6864895373583
6342.3 290.52472430095077
6342.6 -6.336956023238599
6342.9 54.81908704712987
6343.2 112.71080441959202
6343.5 462.0090651512146
6343.8 240.36010567098856
6344.1 233.6569255683571
6344.4 258.38698997255415
6344.7 165.26916731521487
6345.0 23.048092413693666
6345.3 62.58073373697698
6345.6 300.23381926328875
6345.9 420.8680233359337
6346.2 191.6806697146967
6346.5 225.73039680719376
6346.8 230.17923802137375
6347.1 279.4629714488983
6347.4 244.39003585465252
6347.7 230.3768253363669
6348.0 19.226764356717467
6348.3 -187.27363833785057
6348.6 188.4549869094044
6348.9 233.56098162196577
6349.2 275.03709566034377
6349.5 364.7494735121727
6349.8 179.9781720987521
6350.1 229.69898582994938
6350.4 246.02143892087042
6350.7 296.37459686398506
6351.0 194.90712690353394
6351.3 186.05746561661363
6351.6 82.2704063707497
6351.9 197.60403466969728
6352.2 313.9683627523482
6352.5 136.04506247490644
6352.8 250.95052944298368
6353.1 168.6366122663021
6353.4 457.23494815826416
6353.7 412.89069014787674
6354.0 237.42587778531015
6354.3 228.31861401721835
6354.6 145.727877760306
6354.9 73.46639703214169
6355.2 173.71164916362613
6355.5 246.1856085062027
6355.8 51.07723290100694
6356.1 140.19436416320968
6356.4 387.33406686782837
6356.7 349.0434311032295
6357.0 387.92028683423996
6357.3 302.33979120850563
6357.6 265.04045951366425
6357.9 379.84073758125305
6358.2 447.5621495246887
6358.5 259.18090857565403
6358.8 142.59483195398934
6359.1 246.50578462705016
6359.4 252.38106755912304
6359.7 272.3782707750797
6360.0 547.815548658371
6360.3 311.15671485615894
6360.6 205.0745852123946
6360.9 411.8995260000229
6361.2 149.61689192429185
6361.5 -116.53471982106566
6361.8 287.6075653899461
6362.1 201.69941119942814
6362.4 -1154.477913081646
6362.7 3827.160955429077
6363.0 -1415.7198708951473
6363.3 -12091.76350402832
6363.6 -4268.234966278076
6363.9 5436.379665374756
6364.2 30.99688820913434
6364.5 -453.59118086099625
6364.8 361.55548870563507
6365.1 -119.34863710775971
6365.4 118.0773820662871
6365.7 383.5097885131836
6366.0 249.65785237122327
6366.3 145.70213931426406
6366.6 496.35308146476746
6366.9 230.27815510705113
6367.2 370.2291093207896
6367.5 236.8283870604355
6367.8 343.3662627940066
6368.1 304.1034652888775
6368.4 130.52017367002554
6368.7 206.46322086872533
6369.0 152.67513898015022
6369.3 286.8958233259618
6369.6 154.6975107807666
6369.9 439.61778450012207
6370.2 257.7902802824974
6370.5 296.26165038347244
6370.8 368.38115856051445
6371.1 247.16298269852996
6371.4 255.94609928131104
6371.7 104.48415163543541
6372.0 205.3751278440468
6372.3 220.43604968860745
6372.6 290.3814813354984
6372.9 136.94099572114646
6373.2 297.40218655765057
6373.5 37.56444554589689
6373.8 210.6838849633932
6374.1 258.955446831882
6374.4 141.6977911964059
6374.7 281.3130881434772
6375.0 318.09986943006516
6375.3 284.8615008890629
6375.6 154.10474296286702
6375.9 346.0044329697266
6376.2 287.0139051740989
6376.5 169.35781967360526
6376.8 339.3368978686631
6377.1 484.9003177881241
6377.4 496.3229296207428
6377.7 343.57371294498444
6378.0 454.7761685848236
6378.3 245.2174472513143
6378.6 128.724123287946
6378.9 143.95435488875955
6379.2 200.30612521292642
6379.5 312.46735030040145
6379.8 477.0083909034729
6380.1 430.16856306791306
6380.4 342.2954016327858
6380.7 445.75002129748464
6381.0 306.6459499001503
6381.3 268.9811315983534
6381.6 566.7258584499359
6381.9 294.3073512564879
6382.2 274.7860581278801
6382.5 356.2889424022287
6382.8 185.45152128115296
6383.1 286.7872458547354
6383.4 370.04815640486777
6383.7 313.5385377407074
6384.0 297.28613954782486
6384.3 517.2487097978592
6384.6 505.7238916158676
6384.9 278.414098277688
6385.2 425.84128481149673
6385.5 294.3850950989872
6385.8 217.8553199148737
6386.1 72.78496866486967
6386.4 437.96747037768364
6386.7 276.4969945475459
6387.0 83.75300279445946
6387.3 354.23812329769135
6387.6 217.30762786790729
6387.9 329.65497671067715
6388.2 156.20341992937028
6388.5 378.25710225105286
6388.8 163.19963284861296
6389.1 347.03754310309887
6389.4 501.93234968185425
6389.7 221.42948274314404
6390.0 202.6682977117598
6390.3 407.08361649513245
6390.6 407.73917409032583
6390.9 306.2196797132492
6391.2 408.5271909236908
6391.5 397.08834731578827
6391.8 320.1604352965951
6392.1 383.1894484758377
6392.4 227.10637610778213
6392.7 302.55136724188924
6393.0 426.4089481830597
6393.3 199.729861760512
6393.6 127.84918886981905
6393.9 411.3288910984993
6394.2 258.1169708073139
6394.5 189.3716305345297
6394.8 265.70477778464556
6395.1 284.890219271183
6395.4 235.0482042133808
6395.7 301.9420698080212
6396.0 306.3443908393383
6396.3 347.2421122789383
6396.6 356.2341613434255
6396.9 368.24998766183853
6397.2 208.4547110677231
6397.5 241.2542775440961
6397.8 316.64689630270004
6398.1 236.66213029623032
6398.4 247.51031424105167
6398.7 208.40035765292123
6399.0 284.3835372249596
6399.3 350.6612698128447
6399.6 603.6161826848984
6399.9 453.6242564320564
6400.2 421.4887019395828
6400.5 351.4186886548996
6400.8 349.20214438438416
6401.1 257.944785118103
6401.4 358.51354863122106
6401.7 235.14341041445732
6402.0 430.889373421669
6402.3 252.9340839292854
6402.6 245.63422439806163
6402.9 234.17680248059332
6403.2 335.8773891404271
6403.5 357.15759962797165
6403.8 444.6770519018173
6404.1 326.2344693541527
6404.4 404.38097536563873
6404.7 325.39264050498605
6405.0 186.0319226558786
6405.3 332.68456791341305
6405.6 139.94733892939985
6405.9 91.8618690688163
6406.2 403.7972239255905
6406.5 326.1117049753666
6406.8 444.72906017303467
6407.1 492.03804564476013
6407.4 185.19030279107392
6407.7 345.901891708374
6408.0 384.9403055906296
6408.3 441.1146610081196
6408.6 256.56140935234725
6408.9 323.58742161188275
6409.2 414.8730313181877
6409.5 331.69011460244656
6409.8 498.281640291214
6410.1 408.52504736185074
6410.4 343.71622452139854
6410.7 285.65710809174925
6411.0 285.7468290925026
6411.3 466.9320389069617
6411.6 437.4628201723099
6411.9 295.8173735141754
6412.2 347.3348454236984
6412.5 233.69924068450928
6412.8 386.0642958879471
6413.1 510.11188781261444
6413.4 214.5834617447108
6413.7 175.65311131998897
6414.0 345.4516761023551
6414.3 470.10578048974276
6414.6 378.30813554674387
6414.9 368.64173101074994
6415.2 293.49364070780575
6415.5 386.6962330453098
6415.8 433.4508187174797
6416.1 298.0718952715397
6416.4 405.78516960144043
6416.7 419.1086927652359
6417.0 405.3800264298916
6417.3 435.18609523773193
6417.6 427.2738080024719
6417.9 427.90099465847015
6418.2 439.71648305281997
6418.5 271.9175589461811
6418.8 541.460816025734
6419.1 503.745911359787
6419.4 520.4555576443672
6419.7 257.15579856873956
6420.0 270.6453111767769
6420.3 271.17723548412323
6420.6 224.96118752588518
6420.9 289.4560852278955
6421.2 270.5922582745552
6421.5 362.9131056666374
6421.8 446.776999482885
6422.1 358.90168507397175
6422.4 385.42062270641327
6422.7 309.9723185393959
6423.0 237.84285661461763
6423.3 516.816905349493
6423.6 416.1212592124939
6423.9 266.8885804414749
6424.2 381.10854971408844
6424.5 382.62826396524906
6424.8 361.08223351836205
6425.1 287.63263999298215
6425.4 476.75758278369904
6425.7 426.26780700683594
6426.0 426.74680066108704
6426.3 223.7047748286277
6426.6 386.2529375255108
6426.9 413.7073412537575
6427.2 384.26148331165314
6427.5 389.9957044860348
6427.8 428.2816491983831
6428.1 328.88009116984904
6428.4 443.07656812667847
6428.7 566.680067665875
6429.0 492.3767024278641
6429.3 424.488510645926
6429.6 613.0232071205974
6429.9 220.755475230515
6430.2 221.037173807621
6430.5 363.2484002709389
6430.8 302.67752703279257
6431.1 226.61503024026752
6431.4 464.95519840717316
6431.7 289.314600199461
6432.0 385.7263249158859
6432.3 294.3987390305847
6432.6 295.7083876654506
6432.9 517.1161420345306
6433.2 399.28515726327896
6433.5 543.1871535778046
6433.8 325.74394837766886
6434.1 383.3659373521805
6434.4 320.8402320742607
6434.7 377.18580573797226
6435.0 525.9520325660706
6435.3 353.95789002627134
6435.6 499.70027081947774
6435.9 599.2017356157303
6436.2 349.21495704352856
6436.5 333.6735909357667
6436.8 175.7136118952185
6437.1 300.26400856487453
6437.4 290.89800536073744
6437.7 442.97643864154816
6438.0 494.10289692878723
6438.3 298.547047868371
6438.6 359.4709132909775
6438.9 300.04502338171005
6439.2 304.8300434798002
6439.5 298.62080696225166
6439.8 304.83960988745093
6440.1 462.842667222023
6440.4 333.0582480430603
6440.7 415.1173138618469
6441.0 364.0430957078934
6441.3 505.2579947710037
6441.6 455.83232444524765
6441.9 380.5796893835068
6442.2 324.43599486351013
6442.5 81.315599411726
6442.8 373.0963989496231
6443.1 95.37771931663156
6443.4 368.73409320786595
6443.7 557.9317963123322
6444.0 333.9936103820801
6444.3 457.8197894692421
6444.6 420.5705714225769
6444.9 303.6833909540437
6445.2 367.71922829188406
6445.5 368.6270928867161
6445.8 308.9184931027703
6446.1 469.50087213516235
6446.4 390.4373599886894
6446.7 229.08676915615797
6447.0 306.8472096323967
6447.3 444.6729384660721
6447.6 344.9631805419922
6447.9 453.26263999938965
6448.2 378.24612390995026
6448.5 348.6382591724396
6448.8 387.1007189154625
6449.1 305.18751460313797
6449.4 370.6236547753215
6449.7 292.00815947167575
6450.0 511.68048620224
6450.3 300.66786593198776
6450.6 197.29397385241464
6450.9 182.94076272845268
6451.2 454.19088077545166
6451.5 451.34201180934906
6451.8 575.2122228145599
6452.1 429.17575637996197
6452.4 340.0029157958925
6452.7 323.3326157927513
6453.0 463.4918678998947
6453.3 450.0629667043686
6453.6 315.25864630937576
6453.9 519.3489468097687
6454.2 553.6433751583099
6454.5 426.58676958084106
6454.8 359.64416867494583
6455.1 499.2162920832634
6455.4 312.0130758183077
6455.7 445.67374885082245
6456.0 373.892613530159
6456.3 481.94649958610535
6456.6 590.1914358139038
6456.9 261.1997085195035
6457.2 441.1663063764572
6457.5 485.4964928627014
6457.8 461.10178769007325
6458.1 387.8989503905177
6458.4 120.03552820533514
6458.7 300.81787697412074
6459.0 373.2220035791397
6459.3 343.1945056915283
6459.6 375.51836317777634
6459.9 454.0759196281433
6460.2 446.7419857978821
6460.5 436.40682566165924
6460.8 544.0747201442719
6461.1 475.37268728017807
6461.4 323.77398626785725
6461.7 288.0924175605178
6462.0 497.1108306646347
6462.3 253.35946211218834
6462.6 520.8767395019531
6462.9 537.302826166153
6463.2 84.89849067293108
6463.5 347.9075477421284
6463.8 488.69392120838165
6464.1 455.10120552778244
6464.4 257.9943047668785
6464.7 116.98806062527001
6465.0 499.1011720299721
6465.3 209.83989328658208
6465.6 234.87828435190022
6465.9 854.710973739624
6466.2 359.13550409674644
6466.5 336.37120646238327
6466.8 542.2229135036469
6467.1 262.48718215338886
6467.4 237.32971737533808
6467.7 453.02225065231323
6468.0 356.1207443475723
6468.3 507.39216661453247
6468.6 443.6540791615844
6468.9 390.5766478590667
6469.2 504.69132828712463
6469.5 245.2706682831049
6469.8 148.08112502470613
6470.1 789.3797516822815
6470.4 28.775135001633316
6470.7 206.64022908592597
6471.0 664.1664264202118
6471.3 376.39722730219364
6471.6 468.81516775488853
6471.9 634.2634437084198
6472.2 508.72117280960083
6472.5 244.00311888661236
6472.8 387.09506970795337
6473.1 438.6194245759398
6473.4 260.67392103606835
6473.7 455.8853381872177
6474.0 515.2607871294022
6474.3 487.80619525909424
6474.6 501.3951933979988
6474.9 561.6190931797028
6475.2 285.08544284885284
6475.5 347.57670773472637
6475.8 447.2635014653206
6476.1 623.8299878239632
6476.4 423.06327110528946
6476.7 330.0926749110222
6477.0 215.43534841854125
6477.3 303.82550268643536
6477.6 423.2729261517525
6477.9 516.0181856714189
6478.2 507.43719840049744
6478.5 350.94489562511444
6478.8 470.8702449798584
6479.1 402.28201097249985
6479.4 564.0079262256622
6479.7 588.563807785511
6480.0 445.2045645713806
6480.3 477.7194046974182
6480.6 397.2812749147415
6480.9 364.12743616104126
6481.2 401.548016667366
6481.5 413.0448049902916
6481.8 422.70972615480423
6482.1 454.3699907064438
6482.4 475.4071492701769
6482.7 415.1307812035084
6483.0 441.2839734554291
6483.3 483.6735463757068
6483.6 464.2374758720398
6483.9 484.00896394252777
6484.2 489.2107795076445
6484.5 508.17341589927673
6484.8 392.2906196936965
6485.1 416.6992723271251
6485.4 499.50395035743713
6485.7 501.62823486328125
6486.0 465.3704694509506
6486.3 520.6984116919339
6486.6 577.3404877185822
6486.9 516.7268365621567
6487.2 480.67419600486755
6487.5 285.216001085937
6487.8 373.3503380837501
6488.1 397.8780723810196
6488.4 399.8996442556381
6488.7 553.5079302564263
6489.0 473.74305987358093
6489.3 486.9804447889328
6489.6 513.7006895542145
6489.9 531.1819915175438
6490.2 431.1416838169098
6490.5 464.0966173745692
6490.8 464.289332985878
6491.1 612.8427441120148
6491.4 561.0166367292404
6491.7 584.6777596473694
6492.0 501.1844062805176
6492.3 509.0681006908417
6492.6 502.7051336467266
6492.9 464.58867521956563
6493.2 437.2129192357388
6493.5 261.4386955879163
6493.8 373.91056567430496
6494.1 376.13945293426514
6494.4 669.7392809391022
6494.7 456.7749642506242
6495.0 484.9995427131653
6495.3 699.1624841690063
6495.6 436.20833567809314
6495.9 473.66343319416046
6496.2 218.09300495684147
6496.5 345.5768908262253
6496.8 530.8209934234619
6497.1 265.7928684973158
6497.4 243.08808932639658
6497.7 1312.656464099884
6498.0 500.833025932312
6498.3 -602.3032586928457
6498.6 853.2888107299805
6498.9 1098.9592781066895
6499.2 -78.38863018900156
6499.5 482.7558387517929
6499.8 453.0899714231491
6500.1 453.79753828048706
6500.4 503.29190492630005
6500.7 647.1279513835907
6501.0 545.4441550374031
6501.3 512.1963393688202
6501.6 402.69286024570465
6501.9 514.7096810936928
6502.2 449.04290306568146
6502.5 643.346880197525
6502.8 328.08742754533887
6503.1 481.43174201250076
6503.4 641.4250267744064
6503.7 463.31453931331635
6504.0 632.227511882782
6504.3 512.6750056743622
6504.6 260.04879772104323
6504.9 671.9676688313484
6505.2 595.4696915149689
6505.5 365.36012530326843
6505.8 746.6508598327637
6506.1 564.3892241222784
6506.4 607.1011807322502
6506.7 522.4280255232006
6507.0 534.2283363342285
6507.3 655.541375875473
6507.6 393.73239278793335
6507.9 275.2361288415268
6508.2 489.45167511701584
6508.5 451.0662096440792
6508.8 385.45694552361965
6509.1 456.528998978436
6509.4 422.0892228335142
6509.7 385.2109067235142
6510.0 387.29040677601006
6510.3 420.90879401005805
6510.6 584.0164083465934
6510.9 518.2722188234329
6511.2 497.0857856273651
6511.5 373.82181614637375
6511.8 769.6923491954803
6512.1 649.572907358408
6512.4 521.1938409209251
6512.7 423.3717834763229
6513.0 552.4712737798691
6513.3 465.2499326467514
6513.6 663.7506741285324
6513.9 647.4354835748672
6514.2 327.5512222032994
6514.5 567.1722491681576
6514.8 718.7729221582413
6515.1 512.5460849702358
6515.4 353.75740679726005
6515.7 511.6800450193696
6516.0 490.33696377277374
6516.3 574.9307427406311
6516.6 413.1253435611725
6516.9 680.2979476451874
6517.2 526.84725689888
6517.5 544.4178634881973
6517.8 650.4911956787109
6518.1 595.4303294420242
6518.4 599.5631699562073
6518.7 572.0162423849106
6519.0 438.4396152496338
6519.3 356.19972344115376
6519.6 683.292263507843
6519.9 580.4954636096954
6520.2 550.683695435524
6520.5 640.0995208024979
6520.8 579.5793926715851
6521.1 294.3987167496234
6521.4 779.2632681131363
6521.7 634.2490833997726
6522.0 568.4085474014282
6522.3 832.7842328548431
6522.6 665.3540351390839
6522.9 434.2569856643677
6523.2 538.4612278938293
6523.5 534.085077047348
6523.8 454.47122073173523
6524.1 610.0872020721436
6524.4 489.0181798040867
6524.7 495.4650305509567
6525.0 442.89265608787537
6525.3 592.8141579627991
6525.6 782.6886785030365
6525.9 579.2104568481445
6526.2 664.174896478653
6526.5 583.7528731822968
6526.8 407.89993435144424
6527.1 557.6050763130188
6527.4 514.4305925369263
6527.7 420.4481320977211
6528.0 471.19728006012156
6528.3 476.7384629845619
6528.6 555.0273479223251
6528.9 538.5799038410187
6529.2 621.5328409671783
6529.5 389.38477234262973
6529.8 455.77368503808975
6530.1 572.3450289964676
6530.4 387.731314599514
6530.7 551.6564466357231
6531.0 866.8453228473663
6531.3 693.1286869049072
6531.6 127.75837612216128
6531.9 608.5608856678009
6532.2 956.7063045501709
6532.5 -106.40891056787223
6532.8 489.64601938426495
6533.1 1236.4250192642212
6533.4 317.57358660548925
6533.7 493.45683904737234
6534.0 743.0212759971619
6534.3 418.90809243172407
6534.6 337.884044572711
6534.9 518.8804651796818
6535.2 708.6559495925903
6535.5 531.0051152445376
6535.8 371.3115737810731
6536.1 459.012734413147
6536.4 479.53980353474617
6536.7 530.9619884490967
6537.0 690.4785101413727
6537.3 587.6742405891418
6537.6 570.9344747066498
6537.9 546.6859493255615
6538.2 444.25256395339966
6538.5 420.3111035525799
6538.8 401.525665640831
6539.1 570.2872327566147
6539.4 513.6542193293571
6539.7 431.23272538371384
6540.0 431.475571911782
6540.3 541.5020620822906
6540.6 626.4322035014629
6540.9 497.14290822390467
6541.2 550.3240410760045
6541.5 432.6204674690962
6541.8 495.1338425129652
6542.1 614.9456006288528
6542.4 367.0235210559331
6542.7 274.0882440942805
6543.0 628.9476726055145
6543.3 575.72538626194
6543.6 269.89182672742754
6543.9 905.5507402420044
6544.2 671.9188826084137
6544.5 356.683984272182
6544.8 810.4361102581024
6545.1 568.7902364805341
6545.4 469.890947163105
6545.7 493.54669773578644
6546.0 407.14876326173544
6546.3 430.4079612493515
6546.6 613.950739979744
6546.9 594.3621088266373
6547.2 478.0674124956131
6547.5 671.5224328041077
6547.8 567.4075449705124
6548.1 642.4082690477371
6548.4 552.3218126296997
6548.7 518.193300485611
6549.0 551.4733102321625
6549.3 596.6582534313202
6549.6 329.84603840112686
6549.9 397.88238430023193
6550.2 602.3542068004608
6550.5 647.8528096675873
6550.8 675.7487003803253
6551.1 544.187105178833
6551.4 494.83538031578064
6551.7 708.4931290149689
6552.0 590.0492072105408
6552.3 310.68882593140006
6552.6 1344.3953161239624
6552.9 802.0609934329987
6553.2 47.376195784658194
6553.5 1088.9324126243591
6553.8 818.9340090751648
6554.1 101.52773465495557
6554.4 520.7218767106533
6554.7 563.6504498720169
6555.0 437.9560819864273
6555.3 520.9578507170081
6555.6 636.4574395418167
6555.9 688.5768024921417
6556.2 575.0396510362625
6556.5 537.1950166225433
6556.8 776.2287111282349
6557.1 495.65104272402823
6557.4 451.2032700777054
6557.7 464.4926265478134
6558.0 446.40177595615387
6558.3 597.7131754159927
6558.6 624.0932776927948
6558.9 581.5020554065704
6559.2 701.2328729629517
6559.5 710.9974210262299
6559.8 509.03369534015656
6560.1 536.0273054540157
6560.4 361.62161712534726
6560.7 546.5075038671494
6561.0 712.2726240158081
6561.3 360.4133008089848
6561.6 730.9335923194885
6561.9 1056.3180344104767
6562.2 217.69831422623247
6562.5 796.6560606956482
6562.8 1132.2321243286133
6563.1 277.98378314077854
6563.4 399.96452017500997
6563.7 624.7954149246216
6564.0 583.7143452824093
6564.3 479.19967255811207
6564.6 758.8116271495819
6564.9 830.8582062721252
6565.2 658.1151597499847
6565.5 532.5425093173981
6565.8 557.9989494960755
6566.1 577.6440453529358
6566.4 659.8721091747284
6566.7 626.8688423633575
6567.0 525.9927897453308
6567.3 470.2308645248413
6567.6 592.9613499641418
6567.9 777.4476494789124
6568.2 455.7591359745711
6568.5 519.3217440843582
6568.8 726.7165725231171
6569.1 571.2230417132378
6569.4 682.008752822876
6569.7 564.9284949302673
6570.0 660.4122829437256
6570.3 622.9442809820175
6570.6 474.13026463985443
6570.9 424.95958310365677
6571.2 483.4488901682198
6571.5 574.7785836458206
6571.8 649.0069875717163
6572.1 461.5243807975203
6572.4 540.6687457561493
6572.7 460.4713590145111
6573.0 560.8258745372295
6573.3 720.5198237895966
6573.6 770.115505695343
6573.9 606.8237850666046
6574.2 675.418867111206
6574.5 832.6246824264526
6574.8 507.6838821172714
6575.1 568.8770672082901
6575.4 691.470481812954
6575.7 507.628324508667
6576.0 596.3958379030228
6576.3 1133.144329071045
6576.6 639.2588007487357
6576.9 217.23021692037582
6577.2 1076.1153283119202
6577.5 766.5425101518631
6577.8 124.77652882784605
6578.1 667.7630543708801
6578.4 765.578560590744
6578.7 415.3333934545517
6579.0 630.2843372821808
6579.3 760.0513919591904
6579.6 598.9365603923798
6579.9 510.44374203681946
6580.2 624.7156226634979
6580.5 573.1123008728027
6580.8 416.0607779324055
6581.1 633.3608808517456
6581.4 734.9217796325684
6581.7 404.54993872437626
6582.0 568.9449965953827
6582.3 611.3433043956757
6582.6 554.2085778713226
6582.9 610.4569238424301
6583.2 506.6440818309784
6583.5 550.9799697399139
6583.8 608.7146857976913
6584.1 617.6268858909607
6584.4 509.75847494602203
6584.7 680.8364260196686
6585.0 715.8466467857361
6585.3 618.7595905065536
6585.6 656.6657180786133
6585.9 594.6866202354431
6586.2 563.2613599300385
6586.5 733.5830454826355
6586.8 546.3923066854477
6587.1 503.65820491313934
6587.4 566.9547381401062
6587.7 724.5625598430634
6588.0 700.2002309560776
6588.3 716.4275434017181
6588.6 737.378796339035
6588.9 370.5027904410381
6589.2 477.7838521003723
6589.5 508.105024933815
6589.8 612.3745350837708
6590.1 673.6418571472168
6590.4 604.980892688036
6590.7 524.0195480585098
6591.0 507.28531897068024
6591.3 609.2353046238422
6591.6 603.9487273693085
6591.9 614.2371798753738
6592.2 716.8945223093033
6592.5 657.3523137569427
6592.8 536.0407792329788
6593.1 560.6652263104916
6593.4 553.3152371644974
6593.7 649.4325152635574
6594.0 513.7447094917297
6594.3 436.4142026901245
6594.6 618.198200583458
6594.9 548.2930365800858
6595.2 634.7187443971634
6595.5 938.1155972480774
6595.8 839.3778754472733
6596.1 723.0672109425068
6596.4 757.339367389679
6596.7 819.3389129638672
6597.0 444.4411250129342
6597.3 671.7876037955284
6597.6 650.2514708042145
6597.9 915.8028652667999
6598.2 687.1865150928497
6598.5 582.5021810531616
6598.8 545.9650993347168
6599.1 603.8353142738342
6599.4 611.6316471099854
6599.7 556.066388130188
6600.0 566.3674493432045
6600.3 579.3446297645569
6600.6 616.4800746440887
6600.9 735.8038365840912
6601.2 506.4923503398895
6601.5 723.0501910448074
6601.8 731.0273590087891
6602.1 583.9271585345268
6602.4 667.0306986570358
6602.7 521.6507559716702
6603.0 580.2708790302277
6603.3 1062.3393607139587
6603.6 774.3690265417099
6603.9 826.2709891796112
6604.2 1015.3695769309998
6604.5 552.5251171588898
6604.8 571.7493678852916
6605.1 704.1034474372864
6605.4 698.8400585651398
6605.7 523.3040436506271
6606.0 558.971993803978
6606.3 534.5160200735554
6606.6 590.3408932685852
6606.9 424.194518327713
6607.2 658.7032141685486
6607.5 692.0453836917877
6607.8 572.5292255878448
6608.1 430.915782392025
6608.4 607.5794773697853
6608.7 540.231160402298
6609.0 487.8624578714371
6609.3 581.233193397522
6609.6 606.4656519889832
6609.9 719.0647625923157
6610.2 668.7222089767456
6610.5 628.0288889408112
6610.8 528.7370750904083
6611.1 598.018257856369
6611.4 573.4014839529991
6611.7 538.7484418153763
6612.0 693.8410339355469
6612.3 568.9124510288239
6612.6 742.6986763477325
6612.9 640.8991742134094
6613.2 461.3126771450043
6613.5 692.8477232456207
6613.8 554.6441811323166
6614.1 495.40301817655563
6614.4 726.9541680812836
6614.7 557.1906533241272
6615.0 703.4945840835571
6615.3 695.1748900413513
6615.6 642.6251845732331
6615.9 667.4601459503174
6616.2 507.99402621388435
6616.5 560.519709365908
6616.8 827.9891564846039
6617.1 701.1784162521362
6617.4 722.7677011489868
6617.7 616.0124034881592
6618.0 737.962579190731
6618.3 755.2020217180252
6618.6 722.0361560583115
6618.9 737.1099059581757
6619.2 634.8184514045715
6619.5 687.8270001411438
6619.8 802.1322104930878
6620.1 723.9665997028351
6620.4 422.3928732126951
6620.7 578.9598934650421
6621.0 624.1543410420418
6621.3 531.1087723970413
6621.6 529.4723740816116
6621.9 497.7458847761154
6622.2 633.3774960041046
6622.5 603.3995928764343
6622.8 643.698514342308
6623.1 605.8116981387138
6623.4 693.8463633060455
6623.7 764.4045797586441
6624.0 738.4781744480133
6624.3 592.8494964838028
6624.6 710.2772564888
6624.9 521.9075576215982
6625.2 754.535364151001
6625.5 735.0737361907959
6625.8 819.2196204662323
6626.1 591.497540473938
6626.4 737.3852354288101
6626.7 771.8500797748566
6627.0 735.7450425624847
6627.3 718.6295528411865
6627.6 649.5359525680542
6627.9 698.0316286087036
6628.2 614.3165808916092
6628.5 671.9509851932526
6628.8 578.8441842794418
6629.1 701.1236383914948
6629.4 546.8396416604519
6629.7 594.1191027164459
6630.0 727.4409067630768
6630.3 468.6352915763855
6630.6 515.6468712091446
6630.9 637.7244629859924
6631.2 655.1089222431183
6631.5 628.924143075943
6631.8 631.8332326412201
6632.1 755.7155224084854
6632.4 724.4151104688644
6632.7 599.6317737400532
6633.0 540.9485951066017
6633.3 648.7256361246109
6633.6 718.6815452575684
6633.9 631.746582865715
6634.2 741.5692574977875
6634.5 690.8779067993164
6634.8 648.6662554740906
6635.1 618.7096728682518
6635.4 721.2788269519806
6635.7 667.7201929092407
6636.0 666.602667927742
6636.3 733.2680628299713
6636.6 914.7782866954803
6636.9 956.1619829386473
6637.2 993.5957734584808
6637.5 994.1334140300751
6637.8 1006.2838594913483
6638.1 897.6561224460602
6638.4 907.7414515018463
6638.7 737.9026721715927
6639.0 499.88096034526825
6639.3 532.3143852949142
6639.6 619.8058409690857
6639.9 709.6930274963379
6640.2 726.8484356403351
6640.5 795.3468227386475
6640.8 701.8263168334961
6641.1 720.3108448982239
6641.4 844.2444002628326
6641.7 834.6133184432983
6642.0 741.3959527015686
6642.3 773.9821782112122
6642.6 666.5714926719666
6642.9 677.1709814071655
6643.2 692.3162298202515
6643.5 417.52686178684235
6643.8 702.9030134677887
6644.1 742.3450117111206
6644.4 546.1308841705322
6644.7 469.8841098546982
6645.0 570.0490365028381
6645.3 676.4693174362183
6645.6 666.9191267490387
6645.9 716.8910465240479
6646.2 741.0027060508728
6646.5 763.8299678564072
6646.8 670.4848253726959
6647.1 506.9043411016464
6647.4 663.5634362697601
6647.7 684.1026546955109
6648.0 571.8467713594437
6648.3 485.3907878398895
6648.6 484.8569160848856
6648.9 411.039994597435
6649.2 520.3233098983765
6649.5 718.4552993774414
6649.8 754.2538595199585
6650.1 913.7370574474335
6650.4 889.2705414295197
6650.7 1178.0957381725311
6651.0 1496.6224188804626
6651.3 1812.3351306915283
6651.6 2192.7904777526855
6651.9 2378.7206406593323
6652.2 2474.2260179519653
6652.5 2313.5308799743652
6652.8 1794.3069701194763
6653.1 1453.8890340328217
6653.4 1376.5835311412811
6653.7 1139.9285435676575
6654.0 1405.9958109855652
6654.3 1189.564547777176
6654.6 964.9972779750824
6654.9 951.3157816529274
6655.2 778.9918055832386
6655.5 776.7212765216827
6655.8 779.5562470108271
6656.1 593.0204408019781
6656.4 665.7716603279114
6656.7 805.5869271755219
6657.0 942.4710943102837
6657.3 814.35150449723
6657.6 775.5615994557738
6657.9 826.6955379992723
6658.2 708.5613264888525
6658.5 837.9449719265103
6658.8 567.7614782601595
6659.1 794.7247514128685
6659.4 836.5939901769161
6659.7 866.7433029562235
6660.0 877.6019779443741
6660.3 705.136507421732
6660.6 742.3718612641096
6660.9 855.2303305268288
6661.2 782.4443695545197
6661.5 822.6138179302216
6661.8 715.2156348228455
6662.1 735.1147036552429
6662.4 526.300639629364
6662.7 472.47491431236267
6663.0 538.2095073461533
6663.3 422.3716291487217
6663.6 487.0126035362482
6663.9 664.6984022855759
6664.2 608.3820691406727
6664.5 606.9404482245445
6664.8 781.0451295375824
6665.1 766.8599971532822
6665.4 745.1926931142807
6665.7 736.921994715929
6666.0 690.4228181838989
6666.3 629.0741307139397
6666.6 747.0838010311127
6666.9 685.9870963096619
6667.2 536.5829175710678
6667.5 698.4828109741211
6667.8 532.876482963562
6668.1 601.6913919448853
6668.4 467.12755942344666
6668.7 628.3504629135132
6669.0 730.2212450504303
6669.3 645.2601029872894
6669.6 690.2545602321625
6669.9 795.5757894515991
6670.2 722.1357398033142
6670.5 618.2236797809601
6670.8 738.1516678333282
6671.1 718.3698663711548
6671.4 759.6904764175415
6671.7 982.2514636516571
6672.0 1171.3350596427917
6672.3 1214.5005481243134
6672.6 1478.5772923231125
6672.9 1627.1006970405579
6673.2 1526.6519298553467
6673.5 1298.1080786585808
6673.8 1121.4863058328629
6674.1 1019.1144733428955
6674.4 1009.7248430252075
6674.7 811.3223004341125
6675.0 1017.5576672554016
6675.3 915.6930619478226
6675.6 854.5031620264053
6675.9 827.0398502349854
6676.2 844.9892334938049
6676.5 745.3921658992767
6676.8 625.0652347654104
6677.1 620.5016930215061
6677.4 553.2107931375504
6677.7 788.1244313716888
6678.0 709.0609948635101
6678.3 907.1772882938385
6678.6 931.0563325881958
6678.9 771.894570350647
6679.2 960.8938629627228
6679.5 739.5011361315846
6679.8 780.227220594883
6680.1 753.2453078776598
6680.4 923.0986825823784
6680.7 878.1201969385147
6681.0 742.1494020223618
6681.3 659.0883694589138
6681.6 740.6116302013397
6681.9 797.9228373765945
6682.2 749.205109834671
6682.5 817.6889367103577
6682.8 777.1368429660797
6683.1 555.4755583405495
6683.4 833.0547204017639
6683.7 577.4472389221191
6684.0 799.4669818878174
6684.3 719.855126619339
6684.6 512.0809140205383
6684.9 954.1850714683533
6685.2 625.3553547859192
6685.5 709.3626437187195
6685.8 631.6579679846764
6686.1 733.4619683027267
6686.4 684.6193344593048
6686.7 769.1726174354553
6687.0 821.2150378227234
6687.3 452.59584498405457
6687.6 609.5022124052048
6687.9 623.9845435619354
6688.2 698.1598069667816
6688.5 641.7859048843384
6688.8 621.7705538868904
6689.1 655.7803976535797
6689.4 582.2991219758987
6689.7 858.5928571224213
6690.0 843.3909850120544
6690.3 552.0488841533661
6690.6 614.408802986145
6690.9 631.5060840845108
6691.2 617.5490421056747
6691.5 752.973735332489
6691.8 807.1876981258392
6692.1 806.6263267993927
6692.4 831.6499240398407
6692.7 677.2464210987091
6693.0 658.287587583065
6693.3 736.9769829511642
6693.6 836.8766021728516
6693.9 759.0471379756927
6694.2 729.407283782959
6694.5 727.2039148807526
6694.8 505.72357013076544
6695.1 705.6992958784103
6695.4 701.1092708110809
6695.7 739.290355682373
6696.0 740.7649722099304
6696.3 821.2156767845154
6696.6 863.6461536884308
6696.9 796.7464618682861
6697.2 744.454948425293
6697.5 798.0701832771301
6697.8 810.0733454227448
6698.1 899.2838177680969
6698.4 813.9026727676392
6698.7 697.8703894615173
6699.0 736.196035861969
6699.3 862.2333254814148
6699.6 647.7246881425381
6699.9 612.3926712088287
6700.2 701.8502563238144
6700.5 657.1580338478088
6700.8 683.7938648462296
6701.1 639.7483587265015
6701.4 572.4424169063568
6701.7 735.3655400276184
6702.0 716.8762168884277
6702.3 671.0952351093292
6702.6 745.9565588235855
6702.9 652.2988834381104
6703.2 775.5865430831909
6703.5 731.0820527076721
6703.8 682.1696935892105
6704.1 722.8266487121582
6704.4 813.2400569915771
6704.7 892.490514755249
6705.0 774.8101675510406
6705.3 644.0147181749344
6705.6 679.4279181957245
6705.9 663.3480550050735
6706.2 771.5028398036957
6706.5 844.0048837661743
6706.8 840.5336050987244
6707.1 765.2364225387573
6707.4 961.3358449935913
6707.7 855.0529375076294
6708.0 737.9198784828186
6708.3 709.6201248168945
6708.6 769.9789558649063
6708.9 654.3097576498985
6709.2 699.1622896194458
6709.5 735.5287358760834
6709.8 699.790048956871
6710.1 738.2545509338379
6710.4 712.8068251609802
6710.7 728.1146895885468
6711.0 659.9031475782394
6711.3 760.5390629768372
6711.6 615.4719089269638
6711.9 656.5944793820381
6712.2 698.7626076936722
6712.5 575.026952624321
6712.8 530.6789314318448
6713.1 627.4319729804993
6713.4 815.5988743305206
6713.7 613.7782031297684
6714.0 746.895566701889
6714.3 891.1356847286224
6714.6 656.837487578392
6714.9 640.1722872257233
6715.2 645.6371400356293
6715.5 778.18909907341
6715.8 697.5189745426178
6716.1 717.1980173587799
6716.4 748.0127863883972
6716.7 655.0365968942642
6717.0 713.4419026374817
6717.3 646.7829505205154
6717.6 828.8851000070572
6717.9 815.9060025215149
6718.2 762.7362666130066
6718.5 727.3033709526062
6718.8 678.9648214578629
6719.1 933.0570015907288
6719.4 749.4402189254761
6719.7 732.2568595409393
6720.0 780.527027130127
6720.3 806.2644577026367
6720.6 614.7405781745911
6720.9 658.9775388240814
6721.2 675.9870991706848
6721.5 697.4809494018555
6721.8 804.1493308544159
6722.1 772.1731499433517
6722.4 776.1027994155884
6722.7 667.7936894893646
6723.0 743.1771311759949
6723.3 825.3526556491852
6723.6 663.0495939254761
6723.9 762.6296646595001
6724.2 581.2825179100037
6724.5 620.9999998807907
6724.8 737.9579141139984
6725.1 729.4395983219147
6725.4 933.9294509887695
6725.7 831.1938345432281
6726.0 1000.428297996521
6726.3 1034.0612201690674
6726.6 841.586508512497
6726.9 723.0085960626602
6727.2 581.2333310246468
6727.5 625.6816076040268
6727.8 633.6254106760025
6728.1 765.179358959198
6728.4 795.1017999649048
6728.7 968.3533387184143
6729.0 595.0963060855865
6729.3 682.5785527229309
6729.6 797.1955459117889
6729.9 660.7582567930222
6730.2 927.1927993297577
6730.5 726.4732269048691
6730.8 831.8908692598343
6731.1 863.7179622650146
6731.4 720.2140026092529
6731.7 887.1297764778137
6732.0 923.0467591285706
6732.3 938.4723625183105
6732.6 1074.051569223404
6732.9 859.0171182155609
6733.2 814.1272809505463
6733.5 802.236168384552
6733.8 786.8662283420563
6734.1 685.3533561229706
6734.4 712.0758426189423
6734.7 769.4782392978668
6735.0 696.3706718087196
6735.3 702.9600192308426
6735.6 751.4299430847168
6735.9 801.9969415664673
6736.2 660.3404577970505
6736.5 711.258118391037
6736.8 739.5577862262726
6737.1 757.9258468151093
6737.4 824.8204505443573
6737.7 695.8886020183563
6738.0 711.9450106620789
6738.3 608.4723885059357
6738.6 467.3318748474121
6738.9 539.4167712926865
6739.2 737.227288722992
6739.5 818.7801351547241
6739.8 743.7170491218567
6740.1 745.0921430587769
6740.4 859.3406465053558
6740.7 679.3291187286377
6741.0 717.1461107730865
6741.3 712.9422564506531
6741.6 782.1924149990082
6741.9 769.7459161281586
6742.2 1004.2588777542114
6742.5 867.6060447692871
6742.8 676.6366889476776
6743.1 834.8675116300583
6743.4 654.7461339235306
6743.7 886.7646787166595
6744.0 852.5521085262299
6744.3 704.9371538162231
6744.6 819.8126829266548
6744.9 769.492145895958
6745.2 819.2626841068268
6745.5 721.5908422470093
6745.8 656.0183029174805
6746.1 906.9974579811096
6746.4 769.12140417099
6746.7 935.0852880477905
6747.0 853.611385345459
6747.3 778.6813514232635
6747.6 831.1255223751068
6747.9 921.5369651317596
6748.2 723.9050515890121
6748.5 823.5295498371124
6748.8 682.7331719398499
6749.1 670.3213824033737
6749.4 622.6805274486542
6749.7 996.7488548755646
6750.0 708.5229309797287
6750.3 729.7233020067215
6750.6 628.0338740348816
6750.9 779.70361161232
6751.2 830.2611260414124
6751.5 683.1339640617371
6751.8 846.0968637466431
6752.1 741.1312339305878
6752.4 831.6004793643951
6752.7 771.9979839324951
6753.0 830.7814574241638
6753.3 804.3515691757202
6753.6 697.4808993339539
6753.9 801.3937511444092
6754.2 824.3761885166168
6754.5 652.6974954605103
6754.8 826.5288569927216
6755.1 789.7101697921753
6755.4 775.3231225013733
6755.7 829.2804145812988
6756.0 724.9565168619156
6756.3 852.9133586883545
6756.6 767.1965544223785
6756.9 740.0198847055435
6757.2 835.6241750717163
6757.5 750.1365668773651
6757.8 775.2617220878601
6758.1 847.4530506134033
6758.4 739.3013362884521
6758.7 926.0469627380371
6759.0 669.669325709343
6759.3 711.1685881614685
6759.6 814.5499441623688
6759.9 608.3116528391838
6760.2 835.7433185577393
6760.5 866.4106495380402
6760.8 669.6533143520355
6761.1 749.5100283622742
6761.4 837.1627004146576
6761.7 879.6034691333771
6762.0 675.9474513530731
6762.3 728.345326423645
6762.6 739.1561808586121
6762.9 971.7648904323578
6763.2 829.9391114711761
6763.5 733.9225831031799
6763.8 943.9698150157928
6764.1 672.9533905982971
6764.4 789.2957075238228
6764.7 983.4293556213379
6765.0 623.0040323734283
6765.3 863.2356870174408
6765.6 817.1893135309219
6765.9 845.8899269104004
6766.2 708.8409152030945
6766.5 780.1005234718323
6766.8 687.906229019165
6767.1 824.8073551654816
6767.4 760.756005525589
6767.7 815.2860383987427
6768.0 818.8675609827042
6768.3 756.16419672966
6768.6 971.4660401344299
6768.9 728.122394323349
6769.2 785.951476931572
6769.5 778.3773677349091
6769.8 777.187582731247
6770.1 702.6140773296356
6770.4 799.0316354036331
6770.7 949.7191476821899
6771.0 676.3708639144897
6771.3 617.6667774915695
6771.6 868.8155200481415
6771.9 828.165123462677
6772.2 605.0758111476898
6772.5 896.3390502929688
6772.8 863.9327929019928
6773.1 754.6855556964874
6773.4 778.4085147380829
6773.7 898.4971108436584
6774.0 820.7400908470154
6774.3 1056.906922340393
6774.6 571.3513083457947
6774.9 742.417230129242
6775.2 705.1192030906677
6775.5 917.2313914299011
6775.8 745.0355494022369
6776.1 856.4985384941101
6776.4 781.2737650871277
6776.7 829.0846524238586
6777.0 941.795818567276
6777.3 805.159170627594
6777.6 782.6490404605865
6777.9 728.1303176879883
6778.2 819.7115163803101
6778.5 677.4309077262878
6778.8 982.9627013206482
6779.1 679.944493368268
6779.4 688.597896695137
6779.7 719.8294808864594
6780.0 705.6621192097664
6780.3 891.0584120750427
6780.6 625.9045128822327
6780.9 833.1235729455948
6781.2 937.1009149551392
6781.5 581.5957396030426
6781.8 732.0060594081879
6782.1 795.6027747392654
6782.4 861.121705532074
6782.7 904.2006933689117
6783.0 798.2183434963226
6783.3 842.663699388504
6783.6 814.6625514030457
6783.9 850.6504003107548
6784.2 768.4898996353149
6784.5 904.0671997070312
6784.8 801.6508984565735
6785.1 753.4832043647766
6785.4 907.2733631134033
6785.7 885.0975816249847
6786.0 762.5919647216797
6786.3 676.389791727066
6786.6 690.0117338895798
6786.9 757.6354069709778
6787.2 613.0582882165909
6787.5 867.8085055351257
6787.8 735.1308963298798
6788.1 758.7983660697937
6788.4 652.3309401273727
6788.7 869.7998208999634
6789.0 789.0254712104797
6789.3 701.0332486629486
6789.6 973.6008734703064
6789.9 1001.6701645851135
6790.2 789.9318633079529
6790.5 1015.5529670715332
6790.8 850.8627732992172
6791.1 919.5696775913239
6791.4 838.2095248699188
6791.7 841.7599954605103
6792.0 693.4353284835815
6792.3 912.7344055175781
6792.6 801.2331955432892
6792.9 892.9021742343903
6793.2 847.0894734859467
6793.5 811.4466062784195
6793.8 868.1404044628143
6794.1 643.3014131188393
6794.4 937.1715698242188
6794.7 758.5822299718857
6795.0 654.4055569171906
6795.3 688.5784693956375
6795.6 783.839629650116
6795.9 953.182550907135
6796.2 883.9270060062408
6796.5 671.6683008670807
6796.8 855.4760377407074
6797.1 796.516925573349
6797.4 680.6450595855713
6797.7 739.7405202388763
6798.0 788.5166691541672
6798.3 821.8039708137512
6798.6 941.7320170402527
6798.9 778.0538382530212
6799.2 864.2402300834656
6799.5 755.040246129036
6799.8 840.8657348155975
6800.1 817.835468351841
6800.4 905.403174161911
6800.7 833.718124628067
6801.0 1026.6297931671143
6801.3 967.8411312103271
6801.6 824.4402503967285
6801.9 919.559588432312
6802.2 756.792934179306
6802.5 695.2200081348419
6802.8 928.9409818649292
6803.1 942.1394762992859
6803.4 856.1855270862579
6803.7 878.3747684955597
6804.0 782.4301791191101
6804.3 613.9397048950195
6804.6 910.7338910102844
6804.9 632.6086750030518
6805.2 721.3158942461014
6805.5 840.4592807292938
6805.8 602.8900139331818
6806.1 817.6337881088257
6806.4 763.310343503952
6806.7 822.8652105331421
6807.0 992.8992872238159
6807.3 1073.9591870307922
6807.6 1152.5489451885223
6807.9 1116.2572209835052
6808.2 1180.994645357132
6808.5 1370.5574173927307
6808.8 1206.1483073234558
6809.1 1016.2244610786438
6809.4 878.956862449646
6809.7 752.0696420669556
6810.0 813.2278032302856
6810.3 760.1197166442871
6810.6 726.7107427120209
6810.9 823.9792881011963
6811.2 657.2651052474976
6811.5 731.7699272632599
6811.8 848.915150642395
6812.1 683.1264951229095
6812.4 853.8984756469727
6812.7 935.3553171157837
6813.0 711.358050942421
6813.3 841.5777020454407
6813.6 666.2154264450073
6813.9 798.1017985343933
6814.2 894.772213935852
6814.5 887.7964601516724
6814.8 783.4361441135406
6815.1 753.6508250236511
6815.4 894.998863697052
6815.7 630.5952541828156
6816.0 651.7821190357208
6816.3 870.6375939846039
6816.6 901.8561449050903
6816.9 868.1067914962769
6817.2 785.9877753257751
6817.5 959.060215473175
6817.8 765.2252831459045
6818.1 881.5606637001038
6818.4 1091.442057609558
6818.7 805.0523979663849
6819.0 891.0977318286896
6819.3 836.5607917308807
6819.6 863.2106864452362
6819.9 921.1000800132751
6820.2 808.516964673996
6820.5 874.730339050293
6820.8 819.661146402359
6821.1 871.1804341077805
6821.4 679.9558897018433
6821.7 796.4447221755981
6822.0 782.9863407611847
6822.3 843.1540098190308
6822.6 759.9822342991829
6822.9 1128.99076628685
6823.2 965.8860628604889
6823.5 992.3526792526245
6823.8 935.2309203147888
6824.1 903.3784990310669
6824.4 808.4050588607788
6824.7 796.2957699298859
6825.0 670.4020800590515
6825.3 753.6053414344788
6825.6 898.7890849113464
6825.9 682.893810749054
6826.2 716.8746337890625
6826.5 529.5604372024536
6826.8 813.6561763286591
6827.1 931.3693256378174
6827.4 1049.2755126953125
6827.7 1321.6907858848572
6828.0 873.3790130615234
6828.3 754.5665383338928
6828.6 575.0036644673673
6828.9 867.8270008563995
6829.2 1599.508409023285
6829.5 2349.4090328216553
6829.8 3235.0492553710938
6830.1 2681.482804298401
6830.4 1821.915114402771
6830.7 1264.1729338169098
6831.0 981.8124718666077
6831.3 667.9920041561127
6831.6 872.3372273445129
6831.9 868.0739030838013
6832.2 901.8623788356781
6832.5 686.5016462802887
6832.8 653.8278276920319
6833.1 473.6006719470024
6833.4 302.89823581650853
6833.7 749.8276807293296
6834.0 1812.7953748703003
6834.3 2093.353528022766
6834.6 2981.950277328491
6834.9 2731.0548872947693
6835.2 1739.3301124572754
6835.5 1319.9343943595886
6835.8 884.196702003479
6836.1 941.8839011192322
6836.4 605.0502779483795
6836.7 712.7848043441772
6837.0 585.5101110637188
6837.3 934.8274574279785
6837.6 796.6490337848663
6837.9 707.68621301651
6838.2 802.4448351860046
6838.5 704.272369146347
6838.8 600.3822546005249
6839.1 664.2604347467422
6839.4 570.8222206830978
6839.7 907.902001619339
6840.0 710.4675378799438
6840.3 680.6307950019836
6840.6 687.0323333740234
6840.9 595.3058683872223
6841.2 700.9069402217865
6841.5 661.8520684242249
6841.8 1101.1404309272766
6842.1 1506.4088730812073
6842.4 1264.457200050354
6842.7 1132.9802536964417
6843.0 930.5674185752869
6843.3 862.2012460231781
6843.6 675.5641973018646
6843.9 763.4770407676697
6844.2 940.5831246376038
6844.5 1028.071059703827
6844.8 610.8407785892487
6845.1 501.6875624656677
6845.4 636.0955922603607
6845.7 799.2237215042114
6846.0 871.5429182052612
6846.3 698.1776781082153
6846.6 758.1506857872009
6846.9 710.5593366622925
6847.2 590.0011810064316
6847.5 906.3750474452972
6847.8 785.4392418861389
6848.1 745.2802183628082
6848.4 844.573261141777
6848.7 728.5458362102509
6849.0 886.0032703876495
6849.3 660.5901246070862
6849.6 659.991459608078
6849.9 819.3700716495514
6850.2 767.0910445451736
6850.5 963.2289042472839
6850.8 858.6207020282745
6851.1 994.2924928665161
6851.4 995.0613768100739
6851.7 674.1680035591125
6852.0 734.1614580154419
6852.3 736.8130785226822
6852.6 771.2751648426056
6852.9 752.8961572647095
6853.2 767.6846516132355
6853.5 594.4639749154449
6853.8 529.1059904284775
6854.1 709.0593326091766
6854.4 801.1850610971451
6854.7 837.806441783905
6855.0 722.4534840285778
6855.3 844.7789125442505
6855.6 466.91014013439417
6855.9 474.2200422473252
6856.2 873.8182961940765
6856.5 685.4717619419098
6856.8 449.1303256236424
6857.1 887.1788575649261
6857.4 866.378901720047
6857.7 660.7890036925673
6858.0 358.04253288311884
6858.3 880.8642110824585
6858.6 445.0049199461937
6858.9 526.8995099067688
6859.2 911.8683903217316
6859.5 849.8590660095215
6859.8 356.780977666378
6860.1 1325.1864142417908
6860.4 1081.3237733840942
6860.7 1068.2965323925018
6861.0 937.4990013837814
6861.3 802.5110657848418
6861.6 927.4680409431458
6861.9 385.8362444192171
6862.2 967.9839744567871
6862.5 2153.169409751892
6862.8 742.5732069313526
6863.1 1427.2282352745533
6863.4 3048.0183277130127
6863.7 4493.668497085571
6864.0 7271.639312744141
6864.3 11363.004360198975
6864.6 11057.025228500366
6864.9 4460.714634180069
6865.2 1845.484537601471
6865.5 1546.8236484527588
6865.8 1140.0555183887482
6866.1 886.7656924724579
6866.4 1461.2335376739502
6866.7 1348.9391508102417
6867.0 926.2974944114685
6867.3 1514.0794949531555
6867.6 1042.6863555908203
6867.9 638.8748712539673
6868.2 1358.838059425354
6868.5 1333.8349704742432
6868.8 1684.3809776306152
6869.1 597.8247804641724
6869.4 0.0
6869.7 0.0
