1.0 0.41452224458384096
2.0 0.18155920647167462
3.0 1.0151404573898137
4.0 1.1458259326284477
5.0 0.5649632281248032
6.0 0.4336023918102382
7.0 0.6996520864430643
8.0 1.546594108743053
9.0 1.9862978310481147
10.0 2.8806064580185384
11.0 2.0553351992398925
12.0 1.9959826650561912
13.0 1.4538963846287234
14.0 1.2600517333838366
15.0 1.060083359484268
16.0 0.9051304560240876
17.0 -0.1703518757246141
18.0 -0.38229641952209314
19.0 -0.04801370563537744
20.0 -0.6462585992085546
21.0 -0.10333038928762933
22.0 -0.11073022664381521
23.0 -0.4924955989125685
24.0 0.020214250149681007
25.0 -0.20896564646883029
26.0 -0.014010571714042845
27.0 -0.5389801796407008
28.0 -0.32612643427939697
29.0 -0.7395217239166727
30.0 -0.9466300339393126
31.0 -0.577622725269644
32.0 -0.44218770567814175
33.0 0.08287216923177551
34.0 0.11689151002739143
35.0 0.418347533137888
36.0 -0.19995592045981775
37.0 -0.5011960532257274
38.0 -0.26508133274573165
39.0 -0.07549286500090978
40.0 0.503902578550784
41.0 0.5441224035358242
42.0 0.2672973607317876
43.0 0.27600036938440625
44.0 0.17479049018759846
45.0 0.3005450668107441
46.0 0.25174683551250054
47.0 0.28515672183928736
48.0 -0.08253453043680865
49.0 -0.38107696983687467
50.0 -0.6124270694311366
51.0 -0.7399255634654403
52.0 -0.7623984106589374
53.0 -0.5928737647012978
54.0 -0.25372416293976274
55.0 -0.282811140866737
56.0 -0.11142364301483947
57.0 0.05842097469266003
58.0 0.04684035335546914
59.0 -0.19050248361234925
60.0 -0.07867386121850316
61.0 0.02031534096890771
62.0 0.09144682232553708
63.0 -0.1401072442580587
64.0 -0.29016596100422154
65.0 -0.597050324231177
66.0 -0.3853136111069551
67.0 -0.2445346445658338
68.0 -0.4085784189252678
69.0 -0.1830813070376013
70.0 -0.3103143896018676
71.0 -0.22537613071106846
72.0 0.029652207328989252
73.0 -0.09792356552441964
74.0 -0.10049834017354206
75.0 -0.2095532879707371
76.0 -0.07399892639796289
77.0 0.06057511274687369
78.0 0.010844276292061306
79.0 0.2465232977122133
80.0 0.49466077216235343
81.0 0.4104480701781301
82.0 0.548548038954325
83.0 0.5430601230670309
84.0 0.19296346035128423
85.0 0.20138003128335116
86.0 0.3544169977489909
87.0 0.07546150022129987
88.0 0.24955045573359225
89.0 0.12326156508019333
90.0 0.09267360391452695
91.0 0.3234956592437816
92.0 0.039544927891838555
93.0 0.18066668852857537
94.0 -0.13465881652248282
95.0 -0.044809177666617836
96.0 0.027392962396420785
97.0 0.056791496420984876
98.0 0.12370331686318053
99.0 0.17545923071960365
100.0 -0.05733663128047195
101.0 -0.02038774345069213
102.0 0.2797468653930298
103.0 0.03464407502618605
104.0 0.4146452600674642
105.0 0.2741047261561937
106.0 -0.06623179052681512
107.0 -0.07785899753728762
108.0 -0.1972490961693558
109.0 -0.014666558279377975
110.0 0.0820422396692044
111.0 0.12742472979666122
112.0 -0.008108963556287697
113.0 0.03888141094536796
114.0 0.025287725377402523
115.0 0.26239230045679185
116.0 0.3226981849810905
117.0 0.1300834817369402
118.0 -0.032575790369387646
119.0 -0.19597901493156006
120.0 0.03229352513919067
121.0 0.05414520815369389
122.0 0.29925139968453796
123.0 0.19748416737386737
124.0 -0.01458830630280609
125.0 0.18649249743515608
126.0 0.21227682396066483
127.0 0.09258024919611986
128.0 0.25206270530072006
129.0 0.16756017231059264
130.0 0.06284066903658525
131.0 0.05526156823725549
132.0 0.025609237662804065
133.0 -0.32852722320941924
134.0 -0.04953574247918627
135.0 0.16653574435820148
136.0 0.15081441285911684
137.0 0.13386708088555946
138.0 0.3564908643542103
139.0 0.193253245455482
140.0 0.055599194771377806
141.0 0.23213463049718347
142.0 -0.2849242197893301
143.0 -0.14423710837065534
144.0 0.24684873060586338
145.0 0.44376181907387113
146.0 0.6884129715772079
147.0 0.7448652563991667
148.0 0.47628800232057167
149.0 0.2990464052558326
150.0 0.23863631089518145
151.0 0.05911580355009901
152.0 -0.09790631338262412
153.0 -0.05072726361164188
154.0 -0.4990735249357112
155.0 -0.23169942424905796
156.0 -0.18661497612564032
157.0 -0.3726310429497952
158.0 0.15823014305173555
159.0 0.2936861383965082
160.0 0.05365872067362275
161.0 0.43095899343953914
162.0 0.18265365538806677
163.0 -0.026462282501717886
164.0 0.4767591432105984
165.0 0.06929786641843635
166.0 0.15127675417812658
167.0 0.09098619361260354
168.0 -0.10755738434667506
169.0 0.04117599793984014
170.0 0.18022424711709797
171.0 0.3384342413007107
172.0 0.47129228161859965
173.0 0.4586890316216594
174.0 0.30354634774719697
175.0 0.17737553597300568
176.0 0.1893471774295726
177.0 0.22029314607415773
178.0 0.20493071781028163
179.0 0.039656769641255994
180.0 -0.36331487395491463
181.0 -0.24971149979676258
182.0 -0.1898370012394901
183.0 0.025192802301581555
184.0 0.24977583453373556
185.0 0.1424777075396849
186.0 0.189404376271284
187.0 0.2628203948747446
188.0 0.5781623356392593
189.0 0.6856926411135217
190.0 0.5465753809056553
191.0 0.3355597573254112
192.0 0.1619765502302165
193.0 -0.033677540829708454
194.0 0.12189980950221119
195.0 0.47349868181641935
196.0 0.45255950438785264
197.0 0.31564161591622725
198.0 0.18234772506371608
199.0 -0.4647088275046237
200.0 -0.4905003094306791
201.0 -0.42440869523416913
202.0 -0.3199908179254255
203.0 0.12468598266901265
204.0 0.08919068995159074
205.0 0.3142446137021571
206.0 0.2713326485030392
207.0 0.15349106138829532
208.0 0.2305912509552603
209.0 -0.11542201450812417
210.0 -0.14207465715015127
211.0 -0.33655235262313793
212.0 -0.19554929176240823
213.0 0.002245792761164659
214.0 0.15139021404097486
215.0 -0.0056134538019457555
216.0 -0.1419099537958814
217.0 -0.3020288041436679
218.0 -0.36824172725014126
219.0 0.03754294271685319
220.0 0.15585521656200904
221.0 0.3906865793709546
222.0 0.49755230426783514
223.0 0.3124141918113659
224.0 0.08326549999378584
225.0 0.10152543402185192
226.0 -0.07070293874715658
227.0 -0.09692768970909264
228.0 -0.08478347072900197
229.0 -0.5387878228837805
230.0 -0.5837032915431347
231.0 -0.4986073949125634
232.0 -0.3170835863427168
233.0 0.1784582635808788
234.0 0.3772272784485833
235.0 0.20474573935105858
236.0 -0.30172307849355284
237.0 -0.6892237327530437
238.0 -0.4449369978297914
239.0 -0.3379045386922342
240.0 -0.1648834844261091
241.0 -0.03615060652869878
242.0 -0.16697774810560306
243.0 -0.6462143715233976
244.0 -0.3131691364015631
245.0 -0.02381987965153705
246.0 -0.5321460186189553
247.0 -0.16325966844029888
248.0 -0.09189878229907622
249.0 -0.4696274205818437
250.0 -0.4638295621307487
251.0 -0.594146589957822
252.0 -0.7675862568458935
253.0 -0.7805191222095221
254.0 -0.6590858197611726
255.0 -0.4922422388190224
256.0 -0.4710644043286242
257.0 -0.1444992487806038
258.0 0.1850572862341953
259.0 0.014774729754193493
260.0 -0.22471317391158033
261.0 -0.5660478039200498
262.0 -0.6557186231770739
263.0 -0.5793994973622417
264.0 -0.3693598375586478
265.0 -0.3367493870461299
266.0 -0.7308468962799021
267.0 -0.7547051569092766
268.0 -0.7903152898001948
269.0 -0.7731828778761057
270.0 -0.8140093087318718
271.0 -0.4750919850254832
272.0 -0.9616090689150477
273.0 -0.9783994199077851
274.0 -0.7897117009229666
275.0 -1.4427235006949404
276.0 -1.159492926335489
277.0 -0.995045421707073
278.0 -1.6278554070196667
279.0 -0.1247513606821825
280.0 -0.25416949261783
281.0 0.2764199554580876
282.0 0.062056505541521034
283.0 0.21594846980946697
284.0 0.3491140834893497
285.0 0.06690980942608804
286.0 0.0
287.0 0.0
288.0 0.0
