1.0 0.0
2.0 -0.22496462988702878
3.0 0.4297475211501335
4.0 1.6459924370841488
5.0 2.3065726637563575
6.0 1.8668732964382768
7.0 1.774008464472558
8.0 0.015219078942353748
9.0 -0.3660978674195403
10.0 0.7905919769761548
11.0 0.5898372333766061
12.0 0.6266451546778186
13.0 0.2088887951163303
14.0 0.40173435150856673
15.0 -0.02213877716385655
16.0 -0.581496159455494
17.0 -0.579948267264825
18.0 -0.7121162307371408
19.0 -0.4714036054805626
20.0 0.1467455202360679
21.0 0.05682895315520344
22.0 -0.03405808581567547
23.0 -0.17783130786756574
24.0 0.19981168853291437
25.0 0.1214265348491669
26.0 0.426711907230748
27.0 0.29268533662573526
28.0 0.4043597880943766
29.0 0.3605031755253353
30.0 0.18434659236224207
31.0 0.8135372253491476
32.0 0.22349512298074292
33.0 0.1165495408404475
34.0 0.3561074646331322
35.0 0.04770202393753903
36.0 -0.00468660840041709
37.0 -0.08380691658440809
38.0 -0.4267087769619408
39.0 -0.4901030856058592
40.0 -0.41764099303887003
41.0 -0.1581732505048014
42.0 -0.22943597526094955
43.0 -0.132285203471922
44.0 -0.32258348458257613
45.0 -0.07075841569692036
46.0 0.19151259640274285
47.0 -0.0655276210342855
48.0 0.01688687849923821
49.0 -0.16343962851641716
50.0 0.1362774316270029
51.0 0.4246276555557068
52.0 0.4556804563855358
53.0 0.018600790502463837
54.0 -0.1122748403204641
55.0 -0.3913697691955673
56.0 -0.2500382736194928
57.0 0.15575687450685805
58.0 0.15994980818868978
59.0 0.03613658846671469
60.0 -0.020968168375696965
61.0 -0.24448966800286936
62.0 -0.17548285222757787
63.0 -0.1783324937464575
64.0 -0.025518354457010176
65.0 -0.08391755033056597
66.0 -0.3472018247701386
67.0 -0.19091929836257296
68.0 -0.42132550920774664
69.0 -0.12495578977312206
70.0 -0.07615052898863711
71.0 -0.04760810617050264
72.0 -0.16074780855561036
73.0 -0.3181696467141809
74.0 -0.2164121850641985
75.0 0.012816820518635728
76.0 0.09882316710071366
77.0 0.3069025078998375
78.0 0.37763040957590377
79.0 0.18661479336254705
80.0 0.1877319102182046
81.0 0.10479259482804873
82.0 -0.10201060928860861
83.0 -0.17222813714709656
84.0 -0.1562371701906968
85.0 -0.3257820984993728
86.0 -0.24025375716663874
87.0 -0.08981825777681596
88.0 -0.2488580527368046
89.0 -0.3080924723529772
90.0 -0.3880876515520767
91.0 -0.47435580556783546
92.0 -0.3768312627505515
93.0 -0.07818421251791188
94.0 0.01057235255435693
95.0 -0.12629608539370785
96.0 -0.29321931012694097
97.0 -0.3344205016319111
98.0 -0.3045084047015053
99.0 -0.13410208801400886
100.0 -0.004994072990239283
101.0 -0.18539879260293335
102.0 -0.32368885766788713
103.0 -0.38583825293504453
104.0 -0.17179077389662256
105.0 0.15225362623667954
106.0 0.12473494473510327
107.0 -0.08821092426241785
108.0 -0.2653733215145296
109.0 -0.5561599054908793
110.0 -0.4273077988162421
111.0 -0.1304019991066819
112.0 -0.21697351124820924
113.0 -0.2831914745579301
114.0 -0.32096336338488396
115.0 -0.5334005659568688
116.0 -0.35433831566954566
117.0 -0.2640508241660283
118.0 -0.3201182536707642
119.0 -0.38644445898653146
120.0 -0.4875781019949547
121.0 -0.62701301113213
122.0 -0.4127207209119092
123.0 -0.3573518102999863
124.0 -0.43505660680895025
125.0 -0.36000755107906973
126.0 -0.40079884777602837
127.0 -0.525934214158854
128.0 -0.5224082148165164
129.0 -0.30239208230657877
130.0 -0.2882630175782697
131.0 0.03257108042567533
132.0 0.1257920019496825
133.0 -0.45342085492127365
134.0 -0.46150543011249495
135.0 -0.6090203430896479
136.0 -0.5459477155999196
137.0 -0.2673523678157693
138.0 -0.3945992086524511
139.0 -0.4652792117292989
140.0 -0.4575287636466612
141.0 -0.41044116238042455
142.0 -0.4964978192401762
143.0 -0.2686444268031773
144.0 -0.3028339446965679
145.0 -0.3061423328216489
146.0 -0.19484394387900408
147.0 -0.42130858317916625
148.0 -0.424399172215329
149.0 -0.4009220484174229
150.0 -0.3544622838508031
151.0 -0.1995219891491657
152.0 -0.31624077936217093
153.0 -0.26808195888185427
154.0 -0.27248820798454976
155.0 -0.42469149246681
156.0 -0.37043381534212466
157.0 -0.4330795581567124
158.0 -0.38682085346595463
159.0 -0.13544571430504285
160.0 -0.12747065548944622
161.0 -0.007508464223218176
162.0 -0.15025507023402895
163.0 -0.34587069987143904
164.0 -0.2611535761582335
165.0 -0.3597903855270847
166.0 -0.2979932495775074
167.0 -0.2942267058656785
168.0 -0.33013514932611626
169.0 -0.2960917504758732
170.0 -0.3836037641990082
171.0 -0.39770001941759775
172.0 -0.28854051111624723
173.0 -0.40784657477077807
174.0 -0.6214577183894495
175.0 -0.5571791655210027
176.0 -0.5635823131661565
177.0 -0.0437880858889253
178.0 0.46243430813068837
179.0 0.38253727519936365
180.0 0.436561994248302
181.0 0.09776534297609561
182.0 -0.11248707743709559
183.0 0.1942345558742782
184.0 0.19806519532744313
185.0 0.1678863261123818
186.0 0.3918327946849513
187.0 0.08935481023505243
188.0 -0.038063828880994105
189.0 0.030279470950645353
190.0 0.09687509683895748
191.0 0.38202605786644134
192.0 0.47268117494978906
193.0 0.4192748828284205
194.0 0.30547921875637707
195.0 0.011252504076539058
196.0 -0.001516479758310818
197.0 0.11165165162501028
198.0 -0.16349136967303857
199.0 -0.05054638629710652
200.0 -0.2809062230206866
201.0 -0.2181015455996784
202.0 0.0746648500194268
203.0 0.028776553628124563
204.0 0.17959963804234627
205.0 0.07875253094216168
206.0 -0.2646428861870063
207.0 -0.20864528900566387
208.0 -0.18626284963034562
209.0 -0.20576697011915268
210.0 -0.09157476416779
211.0 -0.328510899910995
212.0 -0.1692193676181481
213.0 -0.0321992933985501
214.0 0.07725039326204741
215.0 0.6776432160605941
216.0 0.5874224008868516
217.0 0.45327754002232445
218.0 0.5803694215685714
219.0 0.058608465428704876
220.0 0.048127304285661726
221.0 0.13698084165699143
222.0 0.1420170107017179
223.0 0.016740102690400483
224.0 -0.12233303146800653
225.0 -0.19060360016997027
226.0 -0.20791905119316037
227.0 0.15250876909604824
228.0 0.26070042210891714
229.0 0.08158700962198726
230.0 -0.27316841243243517
231.0 -0.37217385312526324
232.0 -0.46934298372737976
233.0 -0.27982069999924414
234.0 -0.005799405285310429
235.0 -0.25154530909874856
236.0 -0.36362853549332763
237.0 -0.46857176383337096
238.0 -0.5942809854563726
239.0 -0.04223292668701043
240.0 0.3830321706140174
241.0 0.5977267842558055
242.0 0.6877193418953067
243.0 0.5691760883464088
244.0 0.4083938681766875
245.0 0.25724024313460525
246.0 -0.02339084222416374
247.0 0.14553229575036766
248.0 0.34202270347982094
249.0 0.7359967560825338
250.0 1.072903541509717
251.0 0.9407031753836306
252.0 0.6732457520410814
253.0 0.4701063263397163
254.0 0.7231667511702154
255.0 0.6202224578146739
256.0 0.861010268185174
257.0 0.6196725743615303
258.0 0.3074920554994181
259.0 0.3193690060836211
260.0 0.6072569670356073
261.0 0.768968497910336
262.0 0.7417661920657725
263.0 0.9843453284299383
264.0 0.39236783943997244
265.0 0.4862761281957215
266.0 0.7644439206346626
267.0 0.6678903052204948
268.0 0.9943944146206787
269.0 0.8828002545292328
270.0 0.5126037107595885
271.0 0.7309300575613527
272.0 0.7541007891537123
273.0 0.9971686743323631
274.0 0.7135795470643191
275.0 0.9299621698574596
276.0 0.668780437157882
277.0 0.2797720373648794
278.0 0.3949951923911067
279.0 0.7965175290714028
280.0 1.07048210000312
281.0 1.4955462834116993
282.0 1.4609372030983576
283.0 0.640349208977734
284.0 0.11800697117562543
285.0 -0.39828193631857794
286.0 -0.128415113870649
287.0 0.0
288.0 0.0
