1.0 0.37701436903473917
2.0 1.6200518088553635
3.0 2.4985800740025006
4.0 0.1828927905971883
5.0 -3.4439354651231153
6.0 -1.8678030000751233
7.0 -2.312116965099164
8.0 -0.5992899874742957
9.0 -0.6100513355295509
10.0 0.7442450695037008
11.0 0.6666835685102969
12.0 0.16214959490635156
13.0 0.8750630032196919
14.0 0.9692408490278202
15.0 0.5601258019031428
16.0 -0.08210890850238287
17.0 -1.093694834584923
18.0 -0.307956056512224
19.0 -0.005800677903445042
20.0 0.4997689100203136
21.0 0.6830563774370388
22.0 -0.18226664465171746
23.0 -0.10288061005756663
24.0 0.1096025078405854
25.0 0.5796133139002402
26.0 0.6984848741069838
27.0 0.2709779977520827
28.0 0.05080418755281709
29.0 -0.4230178402272977
30.0 -0.537204326890615
31.0 0.11796111531224046
32.0 0.6299000764675141
33.0 1.011996825593008
34.0 1.2038635990678297
35.0 0.21520575734096092
36.0 -0.3514562665558841
37.0 -0.6002468309476947
38.0 -1.0229075747493286
39.0 -0.3082786824417932
40.0 -0.5321572431544509
41.0 -0.7869533322066311
42.0 -0.7926222138765822
43.0 -0.6817324145891704
44.0 -0.5853398428527525
45.0 -0.8471280548493422
46.0 -0.7683009117347644
47.0 -0.8912696992176117
48.0 -0.9489796891151397
49.0 -0.3758066301727929
50.0 -0.25160688757347593
51.0 -0.37230427386851617
52.0 0.3426525417034221
53.0 0.1973985860809082
54.0 0.39869071235247516
55.0 0.07314222092319293
56.0 0.13385580454665974
57.0 0.29868086135002425
58.0 0.15018530310033104
59.0 0.3057673118921294
60.0 0.24071007145052592
61.0 -0.20975762142542898
62.0 0.07433150308211621
63.0 0.44393595258579716
64.0 0.22761430372342986
65.0 0.4183711694687524
66.0 0.3051588018709774
67.0 -0.02096361797940613
68.0 -0.19993617179820924
69.0 -0.10357008672077488
70.0 0.2585101584734118
71.0 0.07188160126480922
72.0 0.25554170407678933
73.0 0.19356933413434646
74.0 -0.4622940988149565
75.0 -0.40829722251710043
76.0 -0.1696112060784927
77.0 -0.16531077707014605
78.0 0.12580275388103568
79.0 0.19235590320282298
80.0 -0.3173857565550541
81.0 -0.18874193695594652
82.0 -0.021548145185451464
83.0 -0.035088167537592585
84.0 0.09986961053748894
85.0 0.09512896363901745
86.0 -0.29988579961067496
87.0 -0.179746833231784
88.0 0.162253805639587
89.0 0.13172986936595937
90.0 0.22353407793582145
91.0 0.4266697901405148
92.0 0.38965440487305913
93.0 0.44185861799593495
94.0 0.7132463145117027
95.0 0.7488797951420468
96.0 0.43741157043881934
97.0 0.523864655134072
98.0 0.570492995079314
99.0 0.32585669881915597
100.0 0.8197381011798046
101.0 0.7745606507368947
102.0 0.47508155555623766
103.0 0.5895619090326614
104.0 0.3295924676571116
105.0 0.31024356348251
106.0 0.3277916326891644
107.0 0.23786678333927186
108.0 0.07106514801274792
109.0 0.03476171881256798
110.0 0.385302984381911
111.0 0.4183641282547774
112.0 0.5742121069882328
113.0 0.8412367171645622
114.0 0.6156292109426744
115.0 0.4994215058394482
116.0 0.4617378882903502
117.0 0.20873904288627568
118.0 0.03188806106261445
119.0 -0.005345089063008337
120.0 0.08272602487265024
121.0 -0.030630187117511906
122.0 0.3480552495290512
123.0 0.424088824332515
124.0 0.27887633994007494
125.0 0.2665911001372593
126.0 0.24695625862157536
127.0 0.13325894692021722
128.0 0.15367660746313147
129.0 0.4442470057932381
130.0 0.08862095153784338
131.0 0.1015574157846389
132.0 -0.24566219108175627
133.0 -0.7600475724399747
134.0 -0.5317805089321681
135.0 -0.5581423237082747
136.0 -0.47749613214054054
137.0 -0.4666456146747085
138.0 -0.2783100444202041
139.0 -0.2283711199401459
140.0 -0.1508155501348783
141.0 0.02861094191185839
142.0 -0.28215791587680367
143.0 -0.22452292208850597
144.0 -0.14049053353045557
145.0 0.05958800518127184
146.0 0.023778396769471168
147.0 -0.27128689874847306
148.0 -0.42026247199812683
149.0 -0.659562031175405
150.0 -0.3160085268224554
151.0 -0.030743750612166297
152.0 0.21760712551417413
153.0 0.23652251663564103
154.0 0.02239836828155521
155.0 -0.004363796834526142
156.0 -0.054797430414946724
157.0 -0.05846832085332385
158.0 0.1739968560709523
159.0 0.13540083940872932
160.0 0.25722958098480647
161.0 0.17834612877857353
162.0 -0.07924586669668865
163.0 -0.03083910420357791
164.0 -0.0973046963690272
165.0 0.17791808744526988
166.0 0.2936542924597578
167.0 0.006207907161411048
168.0 0.1339056467250398
169.0 0.06233697330544324
170.0 -0.09482120689223927
171.0 0.009011273851644146
172.0 -0.322947509834114
173.0 -0.3587998121516823
174.0 0.0323711084040351
175.0 0.30928970974442815
176.0 0.33182566128903934
177.0 0.24689339163627594
178.0 -0.0023424771500462314
179.0 -0.261465559954464
180.0 -0.2353623976155553
181.0 -0.2597867239769963
182.0 -0.010623416718913094
183.0 0.17090414689705657
184.0 0.4845579049749947
185.0 0.5210089580062324
186.0 0.427482617990037
187.0 0.4971349145085051
188.0 0.3092313342664148
189.0 0.22512691795290696
190.0 0.45954589922927513
191.0 0.4340315449310742
192.0 -0.006791681694075152
193.0 -0.0408212879371411
194.0 0.056265206948927476
195.0 -0.28682874957819887
196.0 0.15728027392690677
197.0 -0.020466389072299862
198.0 -0.5007415490443627
199.0 -0.22712842468031216
200.0 -0.27467746105193314
201.0 0.03781233996029072
202.0 0.11428963233240698
203.0 0.2350550734075415
204.0 0.2867409992168757
205.0 0.3092615378944141
206.0 0.4595570278950916
207.0 0.30176764329477423
208.0 0.2283378572373109
209.0 0.39609724534567026
210.0 0.4861096617822249
211.0 0.19898016068212
212.0 0.12387910577743767
213.0 -0.19537327628059553
214.0 -0.5646482675007856
215.0 -0.17959750684175424
216.0 -0.2127193039075031
217.0 -0.1658728392656395
218.0 -0.15313500170578598
219.0 -0.2942976795358643
220.0 -0.37169123969799517
221.0 -0.35576681303051866
222.0 -0.29369036155825734
223.0 -0.39825034112100544
224.0 -0.1853444923403585
225.0 -0.20464970060751778
226.0 -0.14093850249908696
227.0 -0.32126340470904996
228.0 -0.5442784909679741
229.0 -0.6674699857709296
230.0 -0.6264302097722801
231.0 -0.5277914630067144
232.0 -0.06274989260381521
233.0 0.18107067945195857
234.0 0.2020461586142935
235.0 0.20852308202950817
236.0 -0.10953452636310429
237.0 0.016463542484296614
238.0 0.126374156043513
239.0 0.44016904596991974
240.0 0.5771456538136721
241.0 0.6051146812148543
242.0 0.3199124657519195
243.0 0.3825687451482834
244.0 -0.18870749804505446
245.0 -0.12956555956805133
246.0 0.4399542412030032
247.0 0.15484668183315403
248.0 0.5465834817859812
249.0 0.1706350799858747
250.0 -0.38548105201081273
251.0 -0.4514968895120483
252.0 -0.35044059277332845
253.0 0.018091958839338174
254.0 -0.36901652182142913
255.0 -0.04927313956196749
256.0 -0.26954760274376327
257.0 -0.2238401807245583
258.0 0.050911559671398154
259.0 0.15535265887251334
260.0 0.34034184120790384
261.0 0.45602060651909665
262.0 0.5666409517499583
263.0 0.7749229059702886
264.0 0.7392298858699756
265.0 0.7112765294418543
266.0 0.5397961499646705
267.0 0.1721143229787686
268.0 0.08135966663574914
269.0 -0.24365712821748028
270.0 -0.5951859839094102
271.0 -0.6392805206072076
272.0 -0.564790902121946
273.0 -0.10624670154086671
274.0 0.3728447278863116
275.0 0.5104165494662364
276.0 0.3763030349909934
277.0 0.20287057681401635
278.0 0.02490390348064895
279.0 -0.058295596137517836
280.0 0.13603202616581206
281.0 0.9920119979663078
282.0 0.34180651129177286
283.0 1.3572880239603853
284.0 0.7097897873864059
285.0 -0.7277256056211412
286.0 -0.6900145139734006
287.0 0.0
288.0 0.0
