1.0 0.0
2.0 0.21139404678950274
3.0 0.10430405472351088
4.0 0.24943749757566397
5.0 0.28949380330377067
6.0 0.21989112697139065
7.0 -0.11148033687643939
8.0 -0.10803519073508033
9.0 -0.2489618591810259
10.0 -0.3742514499278534
11.0 -0.2326933677552782
12.0 -0.29916446274509095
13.0 -0.3675529633962135
14.0 -0.24701270753831533
15.0 -0.20691508214368357
16.0 0.0028802076647625194
17.0 -0.04800120412119594
18.0 -0.06606566889215047
19.0 -0.02551851309119931
20.0 0.07276994506747748
21.0 0.05930967063751368
22.0 -0.016786639623747258
23.0 -0.0152112274258051
24.0 -0.19868324670292706
25.0 -0.09634099957407469
26.0 0.03515045228856916
27.0 0.03358016112503899
28.0 0.07703979708421034
29.0 0.11389431845680963
30.0 0.1426001642631122
31.0 0.06788518435566004
32.0 0.07125180078369472
33.0 0.036745377885776226
34.0 -0.02732062324748968
35.0 -0.05608276569671551
36.0 -0.06193582238209085
37.0 -0.08483855301147393
38.0 -0.07307254669452612
39.0 -0.02884718498600553
40.0 -0.07880962881053208
41.0 -0.056019339796999315
42.0 -0.05087706767645772
43.0 -0.058599459338335505
44.0 0.019342588303135212
45.0 0.03908163280865107
46.0 0.04453928341247484
47.0 0.11758764215433774
48.0 0.1495034558345954
49.0 0.07909265086275788
50.0 0.07683517844166118
51.0 0.07409057782550946
52.0 0.09602574650209499
53.0 0.0990167234590459
54.0 0.11999100513073022
55.0 0.13343494344272452
56.0 0.11723699725006544
57.0 0.2132524669006604
58.0 0.34737446271067746
59.0 0.5292958868377324
60.0 0.8757356167558235
61.0 1.1966337607525332
62.0 1.6342171522405673
63.0 1.8999400613629787
64.0 2.135088435821024
65.0 2.497430232839237
66.0 2.6982892306536024
67.0 2.953643728261525
68.0 3.1891395776904194
69.0 3.1817914158256957
70.0 3.144263141085835
71.0 3.067437352202797
72.0 2.934100920751976
73.0 2.8304719170421437
74.0 2.7051582760279214
75.0 2.385676721541404
76.0 1.9696652775605872
77.0 1.5764866542706393
78.0 1.1351359053830314
79.0 0.8649108997806775
80.0 0.6063210876058154
81.0 0.39721124707120753
82.0 0.2330383436568035
83.0 0.15851902792892356
84.0 -0.0397849296216256
85.0 -0.09402283274013792
86.0 -0.07764714312675543
87.0 -0.09613615228598847
88.0 -0.06792623207395043
89.0 -0.048962677955776066
90.0 -0.17888111827596964
91.0 -0.14724508743707176
92.0 -0.13376339426259837
93.0 -0.04173792759259956
94.0 0.032752595905074525
95.0 -0.08881136385894464
96.0 -0.09789724724429033
97.0 -0.07500978972992847
98.0 0.04711584709489065
99.0 0.1421968599551688
100.0 0.12863402285938136
101.0 -0.048994754502694554
102.0 -0.27474192055995994
103.0 -0.1435246090913594
104.0 -0.14618952381596467
105.0 -0.03254486485561438
106.0 0.04564268270257914
107.0 0.0018921319011386412
108.0 0.13610325803591794
109.0 0.033725919440086544
110.0 0.07280264616012813
111.0 0.1803568637093934
112.0 0.10950974099470313
113.0 0.25806387666415775
114.0 0.20394977068238182
115.0 0.18267197537984411
116.0 0.1211780622243746
117.0 0.18770450021884985
118.0 0.20068633836777577
119.0 0.025554324286113077
120.0 0.18433822301653957
121.0 0.16271473386738067
122.0 0.3137624659375412
123.0 0.4064758317720884
124.0 0.3657013079606598
125.0 0.3232562203940927
126.0 0.2020928798455555
127.0 0.17868533644058285
128.0 0.22352868087906735
129.0 0.18943051516709083
130.0 0.16845967018023877
131.0 0.2838683694677679
132.0 0.31317398916601596
133.0 0.23095738035670887
134.0 0.5545768079251537
135.0 0.5766447418235655
136.0 0.521511040441182
137.0 0.8070201425825266
138.0 0.5859092079792397
139.0 0.5140012350844474
140.0 0.7422153356635136
141.0 0.6875437484515262
142.0 0.8840012620113166
143.0 0.9313139358738123
144.0 0.35619178611192037
145.0 0.1408106677791453
146.0 -0.029585571770288675
147.0 0.0
148.0 0.0
