6165.0 0.0
6165.3 0.0
6165.6 0.0
6165.9 0.0
6166.2 -1122.1835918426514
6166.5 -248.46453619003296
6166.8 -1012.4434623718262
6167.1 -484.11262702941895
6167.4 -310.5308807864785
6167.7 -321.8186044692993
6168.0 -415.55717647075653
6168.3 -551.7800669670105
6168.6 -342.94558811187744
6168.9 -166.66221261024475
6169.2 263.9743816256523
6169.5 311.5460721850395
6169.8 -245.51239812746644
6170.1 59.36059665866196
6170.4 129.2592693567276
6170.7 647.6552157402039
6171.0 78.04701116867363
6171.3 813.1161499023438
6171.6 311.25365098007023
6171.9 271.5568975508213
6172.2 438.31283581163734
6172.5 -650.3553417716175
6172.8 296.3732493519783
6173.1 -330.34324526786804
6173.4 235.8770549222827
6173.7 1176.0755532681942
6174.0 782.7445358335972
6174.3 653.2483424395323
6174.6 497.56046216841787
6174.9 131.23363707959652
6175.2 223.7506916075945
6175.5 1301.1899040937424
6175.8 1493.0202221870422
6176.1 979.196532972157
6176.4 640.2762188017368
6176.7 317.4314137175679
6177.0 -565.050627887249
6177.3 491.4708797708154
6177.6 468.75670322275255
6177.9 500.21599592268467
6178.2 106.81287284940481
6178.5 631.0162257999182
6178.8 1507.5954172611237
6179.1 1005.2232995778322
6179.4 822.3831348866224
6179.7 1473.2858629859984
6180.0 1937.2833018302917
6180.3 1266.5658573508263
6180.6 928.1160945147276
6180.9 1514.8452692562714
6181.2 1937.189458847046
6181.5 1517.006518959999
6181.8 1309.3082204088569
6182.1 1132.314124584198
6182.4 811.6274551302195
6182.7 2107.4613636881113
6183.0 2244.3274536132812
6183.3 2382.2471976280212
6183.6 3132.3048896491528
6183.9 3387.173150062561
6184.2 2146.287938594818
6184.5 2914.405116081238
6184.8 2212.8193204402924
6185.1 1617.3137457370758
6185.4 2918.8097064495087
6185.7 2625.8788180351257
6186.0 2124.5412571430206
6186.3 1704.5438323020935
6186.6 2171.6121253967285
6186.9 1981.7658596038818
6187.2 2012.3303503990173
6187.5 1534.0812709331512
6187.8 1485.5456628799438
6188.1 1592.3862776756287
6188.4 2304.2803053855896
6188.7 2020.151343345642
6189.0 2250.4244480133057
6189.3 1984.9393863677979
6189.6 2669.848235607147
6189.9 2028.9172911643982
6190.2 1724.098198890686
6190.5 2097.6512912213802
6190.8 2343.9589977264404
6191.1 2300.611623287201
6191.4 1978.4672636985779
6191.7 1802.841293334961
6192.0 2212.430717945099
6192.3 1273.0316016674042
6192.6 1579.6803822517395
6192.9 1140.172996520996
6193.2 967.1267740726471
6193.5 1624.3004851341248
6193.8 1467.7775375843048
6194.1 1175.5266737937927
6194.4 925.3266350440681
6194.7 622.4704785943031
6195.0 758.3388497829437
6195.3 460.44876539707184
6195.6 501.54201190918684
6195.9 745.9372091293335
6196.2 1081.2326860427856
6196.5 783.1186711788177
6196.8 513.8911509513855
6197.1 458.99500650167465
6197.4 416.4317306280136
6197.7 550.7630502963439
6198.0 598.4105252027512
6198.3 453.4759982191026
6198.6 610.3191850781441
6198.9 658.7020752429962
6199.2 684.1358375549316
6199.5 389.3286748365499
6199.8 547.496773481369
6200.1 469.6815149784088
6200.4 373.94309276668355
6200.7 982.8494453430176
6201.0 467.6184793896973
6201.3 315.6830349229276
6201.6 494.61765442893375
6201.9 453.7849872605875
6202.2 669.7774775028229
6202.5 723.8836146593094
6202.8 466.90249547176063
6203.1 280.7939247684553
6203.4 612.4783594608307
6203.7 911.4500152468681
6204.0 834.2728535532951
6204.3 829.2028975486755
6204.6 936.0973592996597
6204.9 495.2575150132179
6205.2 423.76120226318017
6205.5 403.60080437362194
6205.8 655.565034866333
6206.1 489.4324314594269
6206.4 573.2087169885635
6206.7 741.8874707221985
6207.0 429.06151159107685
6207.3 684.7882971763611
6207.6 502.14649321418256
6207.9 645.3555068932474
6208.2 424.49427261343226
6208.5 638.6589084267616
6208.8 665.328333735466
6209.1 656.4932254552841
6209.4 748.2879300117493
6209.7 523.9993529468775
6210.0 142.0591137362644
6210.3 638.9465552568436
6210.6 687.7589079067111
6210.9 689.3778858184814
6211.2 487.4583158828318
6211.5 544.6357462108135
6211.8 547.3299605548382
6212.1 783.4709420204163
6212.4 791.4701082706451
6212.7 610.4989473223686
6213.0 918.4989916030318
6213.3 392.6865085568279
6213.6 473.55951702594757
6213.9 996.0030045509338
6214.2 543.8413910008967
6214.5 338.01889524422586
6214.8 406.5527418386191
6215.1 631.0551027059555
6215.4 308.0038097500801
6215.7 514.8796394355595
6216.0 706.5312663316727
6216.3 577.2409520149231
6216.6 596.4731140136719
6216.9 824.6626313924789
6217.2 976.2327800989151
6217.5 392.25563660636544
6217.8 776.9138691425323
6218.1 607.0898802280426
6218.4 705.5313167572021
6218.7 698.4447898864746
6219.0 771.7457466125488
6219.3 879.7254256606102
6219.6 490.97647950053215
6219.9 648.1269435882568
6220.2 617.3882191181183
6220.5 594.6830178499222
6220.8 649.0539703369141
6221.1 827.1339781284332
6221.4 476.7375370822847
6221.7 810.6731667518616
6222.0 732.2716460227966
6222.3 468.448929034872
6222.6 707.0346715264022
6222.9 933.9253830909729
6223.2 611.6707566305995
6223.5 551.9962449073792
6223.8 571.631037529558
6224.1 384.5100688189268
6224.4 492.1832722425461
6224.7 435.568276360631
6225.0 768.4554736614227
6225.3 610.0131094455719
6225.6 503.8653312185779
6225.9 559.1968182474375
6226.2 359.88392272777855
6226.5 544.0777512788773
6226.8 815.2491357326508
6227.1 375.45937602827325
6227.4 477.15336048044264
6227.7 556.861257314682
6228.0 418.86282853782177
6228.3 302.3461937531829
6228.6 624.5450248122215
6228.9 741.1395808160305
6229.2 413.4743876508437
6229.5 538.0237607955933
6229.8 1021.9268425181508
6230.1 846.7908852528781
6230.4 95.13390453718603
6230.7 455.1719544529915
6231.0 579.1888618469238
6231.3 1027.6185939311981
6231.6 772.3834319114685
6231.9 340.6278362432495
6232.2 110.45361161534674
6232.5 635.0643571615219
6232.8 413.7361692683771
6233.1 882.9395821094513
6233.4 358.4739147797227
6233.7 562.7523670196533
6234.0 922.8606910705566
6234.3 1013.2164086103439
6234.6 984.8902781009674
6234.9 900.9668698310852
6235.2 414.2933517843485
6235.5 573.0392689818982
6235.8 897.660858631134
6236.1 840.5828094482422
6236.4 384.3621504306793
6236.7 573.1830868721008
6237.0 680.8529813289642
6237.3 440.0836107134819
6237.6 453.69798985123634
6237.9 577.2979717552662
6238.2 842.1520663797855
6238.5 748.8708844482899
6238.8 601.9936425685883
6239.1 870.7813708782196
6239.4 622.7251883819699
6239.7 479.45752941980027
6240.0 807.5002958774567
6240.3 689.019378900528
6240.6 596.3760522603989
6240.9 303.26867045275867
6241.2 890.5732955932617
6241.5 885.0232701301575
6241.8 434.39391408860683
6242.1 451.0378852188587
6242.4 455.9094181060791
6242.7 208.84446901921183
6243.0 642.4759120941162
6243.3 350.8760504582897
6243.6 627.6128352880478
6243.9 742.6947449445724
6244.2 604.9234756231308
6244.5 746.132395632565
6244.8 678.0320343375206
6245.1 690.6350455880165
6245.4 490.6488894224167
6245.7 583.9831717014313
6246.0 673.5876593589783
6246.3 708.4673382043839
6246.6 621.6339583694935
6246.9 607.7884087562561
6247.2 558.0594022274017
6247.5 692.7102607470006
6247.8 749.2929677963257
6248.1 784.5351912975311
6248.4 558.9791863560677
6248.7 518.5807146430016
6249.0 588.3032304048538
6249.3 806.6371028423309
6249.6 657.166729927063
6249.9 711.242934346199
6250.2 684.9711399078369
6250.5 375.8979670405388
6250.8 480.5670172572136
6251.1 541.3457542490214
6251.4 299.4611953208223
6251.7 525.6926698684692
6252.0 754.0185121297836
6252.3 543.4515897855163
6252.6 456.4473305493593
6252.9 441.2122928015888
6253.2 498.4351267814636
6253.5 734.8687512874603
6253.8 628.5074735879898
6254.1 391.2115558683872
6254.4 530.0023245634511
6254.7 602.8177446126938
6255.0 826.1181774139404
6255.3 481.3777655493468
6255.6 409.65632396936417
6255.9 454.38299691677094
6256.2 759.0839745998383
6256.5 431.5127303060144
6256.8 835.5339806079865
6257.1 641.8143026269972
6257.4 460.6502892971039
6257.7 725.6916825771332
6258.0 1088.3817451000214
6258.3 1181.9379329681396
6258.6 884.0319142341614
6258.9 978.7558076381683
6259.2 944.3792760372162
6259.5 612.0498059391975
6259.8 600.1718748807907
6260.1 634.9495801925659
6260.4 528.2027790769935
6260.7 814.7258839607239
6261.0 597.0897703617811
6261.3 490.68783344328403
6261.6 571.8920824602246
6261.9 442.2999610583065
6262.2 660.9585665166378
6262.5 748.3187310695648
6262.8 294.0763905122876
6263.1 556.6419206857681
6263.4 553.1914679408073
6263.7 348.47588115371764
6264.0 837.4825496673584
6264.3 987.1023688316345
6264.6 435.4708668887615
6264.9 787.390519618988
6265.2 511.5277949417941
6265.5 309.0505371144973
6265.8 674.9841103553772
6266.1 599.5410812869668
6266.4 840.4396738177165
6266.7 675.487562308088
6267.0 432.28012252412736
6267.3 329.0128656812012
6267.6 473.98031893372536
6267.9 373.8031800040044
6268.2 382.1290872329846
6268.5 544.2181517183781
6268.8 859.864545583725
6269.1 517.1399331688881
6269.4 323.32301872596145
6269.7 508.10502998903394
6270.0 821.5943752527237
6270.3 787.3392868041992
6270.6 639.5881650978699
6270.9 552.356462757336
6271.2 387.5802784804255
6271.5 542.2990588247776
6271.8 524.7290004491806
6272.1 645.7145487070084
6272.4 641.1020176988095
6272.7 626.4990633204579
6273.0 795.3857778310776
6273.3 617.7705850377679
6273.6 428.7656112611294
6273.9 222.48225412610918
6274.2 186.72433128394186
6274.5 435.86932728625834
6274.8 523.620164103806
6275.1 467.8972549373284
6275.4 507.1843845844269
6275.7 732.9171061515808
6276.0 638.4270811080933
6276.3 814.8976130485535
6276.6 617.0150348730385
6276.9 817.5187256336212
6277.2 578.2965648174286
6277.5 160.6471355529502
6277.8 572.6665346622467
6278.1 472.42437958717346
6278.4 789.7908828258514
6278.7 614.5937561616302
6279.0 550.9237077236176
6279.3 576.2190843820572
6279.6 609.3559965491295
6279.9 408.9118579030037
6280.2 674.9780968427658
6280.5 451.0600717246998
6280.8 501.46805143356323
6281.1 435.47121825814247
6281.4 422.6407731771469
6281.7 620.2096879482269
6282.0 553.1764605045319
6282.3 498.24644704163074
6282.6 664.1043968498707
6282.9 772.0906080119312
6283.2 957.0067264735699
6283.5 665.8717154897749
6283.8 688.5587763786316
6284.1 698.8601213693619
6284.4 629.94263194222
6284.7 503.49221332836896
6285.0 447.7840800276026
6285.3 446.57992708683014
6285.6 358.63175926182885
6285.9 303.55971267819405
6286.2 1137.8086218833923
6286.5 1128.4983758926392
6286.8 215.63972057960927
6287.1 622.6792899146676
6287.4 896.3634786605835
6287.7 571.9415889978409
6288.0 612.425393819809
6288.3 597.4925079345703
6288.6 661.922115445137
6288.9 565.0493953824043
6289.2 414.6602294035256
6289.5 640.2534166574478
6289.8 427.19982010126114
6290.1 354.16580717265606
6290.4 539.5137507915497
6290.7 298.78971200203523
6291.0 506.5034009888768
6291.3 640.0082253478467
6291.6 349.1848692689091
6291.9 382.65923846140504
6292.2 662.3692824840546
6292.5 916.707103729248
6292.8 715.5015754699707
6293.1 488.3176302909851
6293.4 314.42022851109505
6293.7 488.92063856869936
6294.0 564.0610740855336
6294.3 372.7509977892041
6294.6 248.87493754224852
6294.9 364.4370698928833
6295.2 424.8686535866
6295.5 653.1646695435047
6295.8 763.4794517755508
6296.1 476.48727732896805
6296.4 740.6729347705841
6296.7 447.6484413612634
6297.0 428.0008443580009
6297.3 837.6559500992298
6297.6 522.8339519500732
6297.9 -143.34049060894176
6298.2 1121.0188255310059
6298.5 762.7988754967228
6298.8 588.4926258977503
6299.1 10396.48222732544
6299.4 4345.512847810984
6299.7 -3169.99909729138
6300.0 8036.507846206427
6300.3 11487.96437382698
6300.6 2103.574872672558
6300.9 1507.401606298983
6301.2 1475.960735321045
6301.5 1037.2746269702911
6301.8 439.17299435753375
6302.1 362.47865574993193
6302.4 696.3093191981316
6302.7 549.9137922525406
6303.0 476.2303119301796
6303.3 660.9447439908981
6303.6 576.7464041113853
6303.9 461.6678622663021
6304.2 355.50438794493675
6304.5 620.0915209054947
6304.8 679.7017030715942
6305.1 721.4195812940598
6305.4 326.7055522762239
6305.7 731.1348898808938
6306.0 718.3119903802872
6306.3 107.20225139707327
6306.6 795.3247308731079
6306.9 929.5819370746613
6307.2 500.4130399301648
6307.5 538.1921217441559
6307.8 377.6793895037845
6308.1 314.35083548445255
6308.4 468.37552285194397
6308.7 514.9187356689945
6309.0 669.9659069925547
6309.3 540.9628993272781
6309.6 837.0119359493256
6309.9 586.5983159542084
6310.2 640.0246940255165
6310.5 465.18318082392216
6310.8 435.6165546979755
6311.1 707.7592316865921
6311.4 625.0847320556641
6311.7 562.3747041225433
6312.0 763.6585146784782
6312.3 476.2791116833687
6312.6 405.53260028362274
6312.9 770.3108615204692
6313.2 593.7894809544086
6313.5 442.6045550107956
6313.8 688.8456034660339
6314.1 324.5302988886833
6314.4 580.5013099666685
6314.7 1012.2216227054596
6315.0 421.03793816640973
6315.3 468.90541541576385
6315.6 468.3098841905594
6315.9 676.1313276290894
6316.2 648.6298569785431
6316.5 543.8485825476237
6316.8 363.04774839244783
6317.1 331.40831582900137
6317.4 582.8816111087799
6317.7 668.3214260339737
6318.0 625.7992990016937
6318.3 660.2993075847626
6318.6 816.1582524776459
6318.9 609.1293169260025
6319.2 422.5899530649185
6319.5 527.05137398839
6319.8 527.8277885913849
6320.1 576.3720068335533
6320.4 893.4314396381378
6320.7 600.6334803598584
6321.0 664.188951253891
6321.3 591.362530708313
6321.6 452.22241717390716
6321.9 205.46076754666865
6322.2 539.2485143262893
6322.5 435.34157317399513
6322.8 633.5294169783592
6323.1 710.1194863319397
6323.4 660.9458219707012
6323.7 585.7371876984835
6324.0 350.20713179185987
6324.3 775.7404943350703
6324.6 542.5238423943592
6324.9 476.9231733176857
6325.2 527.0987166166306
6325.5 577.0351665019989
6325.8 468.5433634519577
6326.1 435.87611439824104
6326.4 406.8811176419258
6326.7 416.06997659802437
6327.0 698.0228292942047
6327.3 868.6791787147522
6327.6 455.2058879593387
6327.9 924.1641821861267
6328.2 532.8078985214233
6328.5 398.6354470849037
6328.8 1208.5091586112976
6329.1 189.9281869782135
6329.4 325.02332550287247
6329.7 1103.9273943901062
6330.0 783.880161523819
6330.3 574.1088011264801
6330.6 639.8830032348633
6330.9 554.4690045118332
6331.2 429.62187267653644
6331.5 525.7245779037476
6331.8 481.57459127902985
6332.1 869.3626019954681
6332.4 722.1117675304413
6332.7 565.7974197864532
6333.0 448.6582453250885
6333.3 342.3194066310534
6333.6 721.3816652297974
6333.9 448.3239471539855
6334.2 598.2666311264038
6334.5 434.5218251608312
6334.8 531.655290722847
6335.1 630.3998100757599
6335.4 366.50136011838913
6335.7 665.7277472019196
6336.0 523.1113439798355
6336.3 335.9361965190619
6336.6 372.32516968250275
6336.9 631.4580785036087
6337.2 155.2151693450287
6337.5 415.89974840404466
6337.8 291.70909672323614
6338.1 196.84277522948105
6338.4 451.9854235649109
6338.7 587.7191539406776
6339.0 613.4619138240814
6339.3 334.7652071528137
6339.6 504.220755728893
6339.9 373.6400487278588
6340.2 281.6749652083963
6340.5 401.9195121526718
6340.8 606.2109453678131
6341.1 572.1878973245621
6341.4 424.8621808276512
6341.7 642.4659978151321
6342.0 736.355447947979
6342.3 496.4107266161591
6342.6 656.9965471029282
6342.9 759.9435474872589
6343.2 776.7198793888092
6343.5 666.3298082351685
6343.8 524.4130167961121
6344.1 517.8225364685059
6344.4 325.4428592324257
6344.7 487.09638249874115
6345.0 758.1028435230255
6345.3 573.8214424848557
6345.6 670.1367402076721
6345.9 416.15175300836563
6346.2 548.5456195026636
6346.5 675.3263540863991
6346.8 385.54548290371895
6347.1 502.0278288125992
6347.4 648.7149069309235
6347.7 433.3169598579407
6348.0 476.5889508910477
6348.3 558.0983933806419
6348.6 637.5104280114174
6348.9 827.0094111561775
6349.2 659.0072891712189
6349.5 660.9808365926147
6349.8 761.425222158432
6350.1 520.8092650175095
6350.4 264.48686088077375
6350.7 546.9244014173746
6351.0 695.1046389900148
6351.3 466.41342927888036
6351.6 417.1465188264847
6351.9 618.208624958992
6352.2 486.38251465559006
6352.5 349.6446507247165
6352.8 256.15769102051854
6353.1 396.3633688762784
6353.4 457.11003720387816
6353.7 174.7065696362406
6354.0 513.0068162679672
6354.3 439.2134768113028
6354.6 595.5927801942453
6354.9 645.0198652148247
6355.2 763.7102773189545
6355.5 602.0385499000549
6355.8 377.4936472834088
6356.1 935.3433673381805
6356.4 624.1483557224274
6356.7 627.4361482858658
6357.0 817.487290263176
6357.3 524.9131664633751
6357.6 758.6764132976532
6357.9 344.34904450178146
6358.2 114.23651613190304
6358.5 487.22624292969704
6358.8 640.6259473562241
6359.1 537.7909798622131
6359.4 360.6163054406643
6359.7 656.1302276998758
6360.0 444.55486743012443
6360.3 545.562796369195
6360.6 651.5909336805344
6360.9 708.306534409523
6361.2 443.8528699837625
6361.5 624.9199886322021
6361.8 865.8026347160339
6362.1 139.68884987314232
6362.4 1764.3074731826782
6362.7 3998.8609714508057
6363.0 -685.2468656003475
6363.3 -3298.386880248785
6363.6 1986.9783154428005
6363.9 2946.5915585011244
6364.2 1445.6859699487686
6364.5 773.417601659894
6364.8 854.5409400463104
6365.1 642.1461013555527
6365.4 286.8397466670722
6365.7 573.989820599556
6366.0 628.111701965332
6366.3 342.2437747512013
6366.6 615.5082387924194
6366.9 548.9823855161667
6367.2 575.922780783847
6367.5 339.1676458530128
6367.8 401.2373689711094
6368.1 541.3089628815651
6368.4 621.2584802508354
6368.7 724.71038210392
6369.0 392.1335223019123
6369.3 319.0898202518001
6369.6 256.01530802994967
6369.9 445.95710492134094
6370.2 498.10763907432556
6370.5 561.4602403044701
6370.8 281.79098479636014
6371.1 575.8801159858704
6371.4 494.04739385843277
6371.7 415.8794240690768
6372.0 303.38430735934526
6372.3 534.2849515611306
6372.6 567.9208978414536
6372.9 582.1575314998627
6373.2 523.4047997798771
6373.5 436.23361214250326
6373.8 799.3950886726379
6374.1 458.0397228002548
6374.4 444.05785089731216
6374.7 359.409378439188
6375.0 604.2657260894775
6375.3 497.55547116324306
6375.6 472.44714868068695
6375.9 356.65769600868225
6376.2 326.142014073208
6376.5 543.4371324777603
6376.8 825.2667499780655
6377.1 560.4299012422562
6377.4 720.4758517742157
6377.7 503.00777589250356
6378.0 623.3268192708492
6378.3 546.5106915682554
6378.6 252.87977321632206
6378.9 518.4048898518085
6379.2 491.96456229686737
6379.5 161.62640271522105
6379.8 362.8526122153271
6380.1 545.3480510376394
6380.4 322.4360249108868
6380.7 739.9238864183426
6381.0 462.6038332860917
6381.3 414.98115591704845
6381.6 339.937079728581
6381.9 303.3605613265827
6382.2 668.8252348899841
6382.5 426.56185676157475
6382.8 407.2040307447314
6383.1 526.6824654340744
6383.4 419.819327281788
6383.7 369.57871866226196
6384.0 657.4155821204185
6384.3 533.4499601200223
6384.6 612.533076973632
6384.9 536.9848083928227
6385.2 412.1941435812041
6385.5 412.59293290181085
6385.8 384.09636237472296
6386.1 478.7129149213433
6386.4 721.4881001710892
6386.7 533.9546331232414
6387.0 365.13498835265636
6387.3 718.1167114973068
6387.6 278.7777262981981
6387.9 217.56999610178173
6388.2 593.6191309988499
6388.5 511.3181194588542
6388.8 452.7351050376892
6389.1 553.0175911746919
6389.4 563.3482059240341
6389.7 506.23753133416176
6390.0 410.04887526948005
6390.3 681.5092337727547
6390.6 497.3197182333097
6390.9 531.8095964491367
6391.2 700.4917284250259
6391.5 525.5865802764893
6391.8 561.046432543546
6392.1 788.5473513901234
6392.4 636.2864935189718
6392.7 523.9598650597036
6393.0 443.68379939347506
6393.3 553.3624673485756
6393.6 803.1956636570394
6393.9 813.1810040920973
6394.2 607.3978372812271
6394.5 764.3347470238805
6394.8 913.1878389036283
6395.1 796.4927201271057
6395.4 478.9783384036273
6395.7 619.4884439110756
6396.0 563.2003306150436
6396.3 681.4597881858936
6396.6 666.1234315633774
6396.9 439.7578245550394
6397.2 678.0050833821297
6397.5 590.0212849378586
6397.8 455.3953865170479
6398.1 479.4680199921131
6398.4 749.8221690654755
6398.7 576.2223521098495
6399.0 575.8319470286369
6399.3 665.7929396629333
6399.6 792.613110601902
6399.9 739.3165356516838
6400.2 712.2354425806552
6400.5 183.14814057201147
6400.8 379.91829067561775
6401.1 450.0232873186469
6401.4 485.79023883864284
6401.7 455.99219501949847
6402.0 523.2183398604393
6402.3 476.64032235741615
6402.6 676.6605793852359
6402.9 492.8234528489411
6403.2 297.34115155786276
6403.5 815.1324386014603
6403.8 594.2009881748818
6404.1 616.0117679834366
6404.4 515.83551171422
6404.7 370.11784386634827
6405.0 423.9873349503614
6405.3 414.065436899662
6405.6 629.4422489404678
6405.9 483.3400888829492
6406.2 568.6437406539917
6406.5 389.6896456913091
6406.8 608.4942753911018
6407.1 446.15631249174476
6407.4 446.29603565484285
6407.7 705.6327211856842
6408.0 225.43083124933764
6408.3 437.12671422958374
6408.6 474.29146206378937
6408.9 283.6573749202653
6409.2 553.1322121024132
6409.5 452.9491188961547
6409.8 577.0774557292461
6410.1 596.9839912122115
6410.4 435.07165099680424
6410.7 582.3988277316093
6411.0 337.29257176438114
6411.3 470.2840265929699
6411.6 674.0061990097165
6411.9 814.6242809593678
6412.2 556.6265179514885
6412.5 525.2652060389519
6412.8 752.5122380256653
6413.1 493.9843268096447
6413.4 411.7190317809582
6413.7 772.2131615430117
6414.0 772.6250494159758
6414.3 567.7396056652069
6414.6 437.7545763903763
6414.9 500.18596859276295
6415.2 565.948084115982
6415.5 589.1485503315926
6415.8 709.6598708629608
6416.1 857.8636600971222
6416.4 449.87466878443956
6416.7 554.3463921393268
6417.0 446.56847043102607
6417.3 515.1322830319405
6417.6 647.4058055281639
6417.9 528.2099473699927
6418.2 522.9007488666102
6418.5 460.98342006560415
6418.8 555.5933324098587
6419.1 692.7373623251915
6419.4 610.8883260264993
6419.7 266.37435012916103
6420.0 507.1243031024933
6420.3 623.1742037534714
6420.6 563.8570691347122
6420.9 709.267646074295
6421.2 592.3051155805588
6421.5 315.19550321344286
6421.8 437.3256681151688
6422.1 534.9408640116453
6422.4 341.31588381528854
6422.7 427.9608222413808
6423.0 396.0457376651466
6423.3 353.84319913201034
6423.6 521.3617607690394
6423.9 572.7001038789749
6424.2 428.2602221220732
6424.5 515.7935361862183
6424.8 419.2619293257594
6425.1 443.2766584008932
6425.4 625.0746126361191
6425.7 558.2985765337944
6426.0 358.21831741929054
6426.3 306.0275515951216
6426.6 172.48064496926963
6426.9 335.19475133530796
6427.2 606.9319071173668
6427.5 518.5836201161146
6427.8 591.2648658007383
6428.1 496.0707562137395
6428.4 466.0225708130747
6428.7 630.2986307144165
6429.0 603.2453218698502
6429.3 467.422516733408
6429.6 476.88492052350193
6429.9 690.9950665235519
6430.2 759.4124124571681
6430.5 425.44011402130127
6430.8 486.77172189950943
6431.1 625.5374727845192
6431.4 483.55418583750725
6431.7 636.7590975761414
6432.0 300.20398027822375
6432.3 287.2260526716709
6432.6 659.9505690336227
6432.9 553.9160687327385
6433.2 482.03049793839455
6433.5 345.36008296441287
6433.8 447.0208266377449
6434.1 554.145012140274
6434.4 594.7661749515682
6434.7 679.6322597684339
6435.0 602.8690343499184
6435.3 400.6802472770214
6435.6 428.66691810640623
6435.9 513.8805148676038
6436.2 664.4613199327141
6436.5 433.74992839060724
6436.8 325.43465743772686
6437.1 355.80472200736403
6437.4 376.328829924576
6437.7 559.4252200126648
6438.0 449.9109733104706
6438.3 333.37446902215015
6438.6 280.98428259044886
6438.9 712.5415782928467
6439.2 650.2013991833664
6439.5 132.41563531197608
6439.8 594.7793060541153
6440.1 627.6825404167175
6440.4 472.36089169979095
6440.7 525.1701909783296
6441.0 809.6117494851351
6441.3 664.1616812376305
6441.6 468.10823445022106
6441.9 577.1785202026367
6442.2 304.04404641967267
6442.5 583.5159862423316
6442.8 671.3648874387145
6443.1 312.1448751091957
6443.4 650.9936310648918
6443.7 429.04934499040246
6444.0 726.2541235629469
6444.3 552.5830009281635
6444.6 275.9434692673385
6444.9 452.66209831275046
6445.2 642.5518746376038
6445.5 444.9816620349884
6445.8 424.7747539281845
6446.1 648.9424831867218
6446.4 409.9020312689245
6446.7 705.3045103549957
6447.0 448.0422183200717
6447.3 664.186041675508
6447.6 535.2652039602399
6447.9 442.89568226225674
6448.2 325.67925529554486
6448.5 535.7791270017624
6448.8 445.02367001771927
6449.1 501.0447361469269
6449.4 496.35938416421413
6449.7 582.1267955303192
6450.0 612.4676258862019
6450.3 783.7596156597137
6450.6 454.9983438849449
6450.9 602.7729914039373
6451.2 485.9296313226223
6451.5 539.603154040873
6451.8 598.2997393682599
6452.1 699.9398993849754
6452.4 639.7001066207886
6452.7 597.7386159896851
6453.0 426.5405207313597
6453.3 616.6596628427505
6453.6 768.6125020980835
6453.9 606.1028719972819
6454.2 502.66837102919817
6454.5 401.7630117237568
6454.8 402.20779594639316
6455.1 531.4257510220632
6455.4 382.27766180376057
6455.7 553.616122841835
6456.0 656.824517250061
6456.3 521.4592348150909
6456.6 646.1835404634476
6456.9 388.0074972198345
6457.2 524.7459675599821
6457.5 521.1798285311088
6457.8 351.2274526357651
6458.1 440.7141967713833
6458.4 641.0554466247559
6458.7 505.9074276685715
6459.0 568.2804188728333
6459.3 703.9824489355087
6459.6 789.7854297757149
6459.9 550.9985556455795
6460.2 576.2674539089203
6460.5 502.70669984817505
6460.8 596.7602075561881
6461.1 467.2110256552696
6461.4 521.4734979644418
6461.7 820.5384566783905
6462.0 589.959534805268
6462.3 640.6931526064873
6462.6 667.0408903812058
6462.9 593.6303740441799
6463.2 515.623582156375
6463.5 471.2264991402626
6463.8 256.9238637536764
6464.1 379.906970012933
6464.4 451.89935375284404
6464.7 400.10767978802323
6465.0 786.0016659498215
6465.3 411.4575015340233
6465.6 685.8712936639786
6465.9 632.0489628911018
6466.2 700.9819642305374
6466.5 439.5201508104801
6466.8 773.5326654911041
6467.1 811.1310721635818
6467.4 398.8739082105458
6467.7 427.5654120333493
6468.0 508.3434021100402
6468.3 358.7435358688235
6468.6 543.3285863399506
6468.9 514.3261437416077
6469.2 450.5113220401108
6469.5 517.7684231996536
6469.8 489.69923749007285
6470.1 356.0095220543444
6470.4 639.5590675473213
6470.7 574.3440422620624
6471.0 410.59903344139457
6471.3 268.86428161896765
6471.6 626.6447571516037
6471.9 577.9162817597389
6472.2 270.40515437396243
6472.5 392.32241154275835
6472.8 439.95152148604393
6473.1 418.2021432155743
6473.4 462.8170993924141
6473.7 583.3905264921486
6474.0 589.6268053650856
6474.3 410.2030278593302
6474.6 441.8720009922981
6474.9 622.7155320048332
6475.2 459.1643114387989
6475.5 504.0462366640568
6475.8 349.39004313666373
6476.1 403.46719544008374
6476.4 380.40669667720795
6476.7 470.66860377788544
6477.0 573.087700843811
6477.3 541.3255174309015
6477.6 381.35212184488773
6477.9 698.8598048686981
6478.2 361.1914997550193
6478.5 261.79948714375496
6478.8 583.6817472791299
6479.1 474.15304290968925
6479.4 265.527242153883
6479.7 544.5156570672989
6480.0 617.0636360645294
6480.3 550.8855494111776
6480.6 621.9451828077435
6480.9 608.2042717710137
6481.2 545.0982409715652
6481.5 403.71743969619274
6481.8 623.8631743835285
6482.1 378.942972461693
6482.4 484.04349641501904
6482.7 660.5528336763382
6483.0 459.0232355594635
6483.3 290.92217189236544
6483.6 346.43462832074147
6483.9 565.3604856226593
6484.2 340.48315395063037
6484.5 344.9993584640324
6484.8 424.9911973401904
6485.1 336.3380041345954
6485.4 598.7115163765848
6485.7 737.0785191655159
6486.0 416.011420506984
6486.3 474.27057452872396
6486.6 530.2187482863665
6486.9 332.7389486897737
6487.2 476.1932202298194
6487.5 497.26953759789467
6487.8 417.9790656864643
6488.1 297.63808274641633
6488.4 428.2821463076398
6488.7 279.3420939501375
6489.0 525.6540133774397
6489.3 630.0793010350317
6489.6 669.1831008195877
6489.9 798.7417397499084
6490.2 429.59421610832214
6490.5 497.4671902060509
6490.8 586.893223285675
6491.1 500.6248023174703
6491.4 410.22241401299834
6491.7 663.8974132537842
6492.0 284.5854036770761
6492.3 548.1240421533585
6492.6 630.6167954802513
6492.9 317.73198451753706
6493.2 546.94212462008
6493.5 385.75303641334176
6493.8 512.7172739952803
6494.1 537.2151857198332
6494.4 388.0604863166809
6494.7 340.7516507431865
6495.0 461.88270028308034
6495.3 652.0763100981712
6495.6 534.7233101725578
6495.9 340.62225599132944
6496.2 418.5600444325246
6496.5 656.291820583865
6496.8 863.1517204940319
6497.1 601.9729989767075
6497.4 494.3460088586435
6497.7 505.76227997615933
6498.0 784.2649302482605
6498.3 209.0456932578236
6498.6 98.53832846344449
6498.9 301.2755103353411
6499.2 841.3492101430893
6499.5 460.74525906611234
6499.8 406.7301742192358
6500.1 405.3225305378437
6500.4 480.21803353726864
6500.7 560.297246533446
6501.0 458.3859200850129
6501.3 381.94971816428006
6501.6 482.6099581718445
6501.9 326.42229616083205
6502.2 490.82937318086624
6502.5 559.3457374870777
6502.8 417.83985218498856
6503.1 610.6700418479741
6503.4 439.790041343309
6503.7 528.9132851362228
6504.0 375.33750268863514
6504.3 655.7992115020752
6504.6 595.6013453006744
6504.9 515.4489721329883
6505.2 451.302222173661
6505.5 413.76769224042073
6505.8 554.1988348960876
6506.1 710.1220446825027
6506.4 595.1626070737839
6506.7 228.82317487010732
6507.0 399.37364148907363
6507.3 540.625311858952
6507.6 577.1695266962051
6507.9 453.37126134708524
6508.2 515.5484913935652
6508.5 611.3869121074677
6508.8 478.08080726861954
6509.1 556.0448156148195
6509.4 765.5990066900849
6509.7 454.4052475094795
6510.0 354.1899751406163
6510.3 479.46656279917806
6510.6 573.6203538179398
6510.9 401.41729833744466
6511.2 554.1306062098593
6511.5 247.84015343803912
6511.8 364.2150515373796
6512.1 436.43200194463134
6512.4 594.7556773424149
6512.7 266.1623856178485
6513.0 654.7928200960159
6513.3 576.8700063787401
6513.6 621.5937161780894
6513.9 810.5916497707367
6514.2 682.3182680243626
6514.5 460.7333981692791
6514.8 344.66410242486745
6515.1 401.00473833316937
6515.4 557.4449070319533
6515.7 434.8568713068962
6516.0 219.36839940818027
6516.3 459.1482222676277
6516.6 524.3626381158829
6516.9 707.2394653558731
6517.2 642.6814079284668
6517.5 308.762773594819
6517.8 402.161797657609
6518.1 652.7965113334358
6518.4 401.2730934396386
6518.7 545.6762860706076
6519.0 705.8991440534592
6519.3 640.8342915903777
6519.6 305.84891334176064
6519.9 485.8358881510794
6520.2 569.0355921164155
6520.5 309.2605189830065
6520.8 548.115962356329
6521.1 364.4861042732373
6521.4 372.9413537804503
6521.7 420.6758276904002
6522.0 654.255520503968
6522.3 544.8314980901778
6522.6 435.4542050976306
6522.9 564.373456120491
6523.2 498.94773493520916
6523.5 537.308510187082
6523.8 402.3872090280056
6524.1 321.6582326903008
6524.4 372.47421120107174
6524.7 467.96955465339124
6525.0 514.905644774437
6525.3 481.4491187483072
6525.6 359.46351090073586
6525.9 557.9751642942429
6526.2 447.1935255108401
6526.5 649.9397961888462
6526.8 553.5687144994736
6527.1 358.00954534485936
6527.4 879.2408690452576
6527.7 505.52732756361365
6528.0 623.9425268732011
6528.3 619.9931913912296
6528.6 373.51492958469316
6528.9 444.04943439457566
6529.2 397.73190414340934
6529.5 460.55325136706233
6529.8 382.21906161517836
6530.1 519.5212612180039
6530.4 747.0393599495292
6530.7 440.8968084519729
6531.0 625.1829727888107
6531.3 775.1394999809563
6531.6 428.2300540897995
6531.9 591.6909795999527
6532.2 379.13593803346157
6532.5 810.7418482303619
6532.8 293.6851824577898
6533.1 333.5510688293725
6533.4 667.9886885825545
6533.7 386.9361893814057
6534.0 353.83327904716134
6534.3 634.0301072597504
6534.6 513.4095458239317
6534.9 516.6424649506807
6535.2 509.30192068964243
6535.5 390.5056628584862
6535.8 515.9797931909561
6536.1 404.4730969518423
6536.4 353.90203207731247
6536.7 590.7878495454788
6537.0 432.16802275180817
6537.3 542.6941854059696
6537.6 626.6686357706785
6537.9 480.63514383137226
6538.2 441.78464409708977
6538.5 357.7720766135026
6538.8 391.3805524427444
6539.1 567.0641146600246
6539.4 390.600561210842
6539.7 551.89373254776
6540.0 500.65096477791667
6540.3 194.55160821974277
6540.6 438.8225309944246
6540.9 468.196947671473
6541.2 405.3135364539921
6541.5 658.1104123964906
6541.8 563.449050694704
6542.1 604.3425748925656
6542.4 621.9341995660216
6542.7 561.8442243337631
6543.0 549.3551197936758
6543.3 872.2713108062744
6543.6 668.5800451524556
6543.9 474.6086029242724
6544.2 326.55907804798335
6544.5 292.17799554392695
6544.8 604.8375015854836
6545.1 653.6615783423185
6545.4 202.29935177737207
6545.7 408.3180801710114
6546.0 463.78840094804764
6546.3 399.54510463774204
6546.6 567.0837702155113
6546.9 534.5337886810303
6547.2 351.0508221173659
6547.5 414.1867510713637
6547.8 538.410159535706
6548.1 533.4869294166565
6548.4 513.1765809059143
6548.7 555.085613604635
6549.0 370.3595461733639
6549.3 334.7675983607769
6549.6 449.03082998096943
6549.9 207.60637859255075
6550.2 293.38430689089
6550.5 534.7088266015053
6550.8 501.9277068832889
6551.1 465.71543197892606
6551.4 612.5237934158649
6551.7 639.0830872147344
6552.0 389.07853214093484
6552.3 544.949510072358
6552.6 576.1390835791826
6552.9 645.7978155612946
6553.2 493.10731309093535
6553.5 589.1226252391934
6553.8 880.101063221693
6554.1 515.8339260295033
6554.4 410.02104381565005
6554.7 897.2848883867264
6555.0 500.141569159925
6555.3 430.393698386848
6555.6 715.4439414739609
6555.9 489.15243173390627
6556.2 507.94183013308793
6556.5 455.3149252869189
6556.8 430.28274887800217
6557.1 629.30863904953
6557.4 499.30601197481155
6557.7 412.4813072346151
6558.0 635.3143811225891
6558.3 287.2417656360194
6558.6 622.7307961434126
6558.9 621.537112833932
6559.2 381.820226110518
6559.5 403.56216602027416
6559.8 504.03883069753647
6560.1 528.4095481038094
6560.4 399.47556188330054
6560.7 643.8169503845274
6561.0 591.1761152632535
6561.3 621.62852473557
6561.6 349.4850163497031
6561.9 529.571335548535
6562.2 794.8122436404228
6562.5 222.66568018822
6562.8 391.35960253700614
6563.1 645.2213205695152
6563.4 519.0152701510815
6563.7 464.03770154714584
6564.0 655.6606388390064
6564.3 424.5182324536145
6564.6 641.97799693048
6564.9 565.2839756049216
6565.2 376.01728351414204
6565.5 499.1922136545181
6565.8 400.0234363786876
6566.1 510.8440143726766
6566.4 476.07598961517215
6566.7 343.67686058580875
6567.0 665.1453428268433
6567.3 425.6776565904729
6567.6 306.48681370541453
6567.9 466.1995186060667
6568.2 299.48932822298957
6568.5 325.7771576375235
6568.8 379.517853833735
6569.1 472.36797055602074
6569.4 394.68723096168833
6569.7 677.1806243658066
6570.0 605.1433182954788
6570.3 462.7651042416692
6570.6 467.31484869564883
6570.9 677.3375766724348
6571.2 643.9940509867811
6571.5 397.69692782126367
6571.8 260.5501442202367
6572.1 385.70010322891176
6572.4 524.4953291397542
6572.7 602.3248300552368
6573.0 350.2006776658818
6573.3 389.38107357081026
6573.6 618.8005282115191
6573.9 661.475627720356
6574.2 559.7738907337189
6574.5 356.41393609158695
6574.8 505.94058409077115
6575.1 785.574123352766
6575.4 594.6264377497137
6575.7 347.00545673421584
6576.0 618.3285766541958
6576.3 179.24331869417801
6576.6 315.71942629641853
6576.9 725.7441749572754
6577.2 346.30404034256935
6577.5 364.02527608163655
6577.8 619.4650098085403
6578.1 479.3752401024103
6578.4 537.044650234282
6578.7 571.0167277576402
6579.0 406.02536122035235
6579.3 596.0314260013402
6579.6 414.7415731973015
6579.9 446.62902728281915
6580.2 506.38565073069185
6580.5 658.47807264328
6580.8 438.4923782553524
6581.1 364.9766692519188
6581.4 374.6126437187195
6581.7 432.86043545254506
6582.0 486.6900194529444
6582.3 671.443801522255
6582.6 384.773887835443
6582.9 751.6366373300552
6583.2 390.93023557029665
6583.5 395.6053005203139
6583.8 542.5658601550385
6584.1 485.86124566197395
6584.4 611.1710927188396
6584.7 677.6135775819421
6585.0 513.1159261465073
6585.3 357.0271944627166
6585.6 364.4906617347151
6585.9 601.1947073340416
6586.2 596.6056897100061
6586.5 433.3804494217038
6586.8 661.8147073984146
6587.1 284.01058366615325
6587.4 439.12520769611
6587.7 539.7280009388924
6588.0 537.8208571821451
6588.3 489.6916201710701
6588.6 661.7057646648027
6588.9 510.26255893707275
6589.2 453.8855019211769
6589.5 493.83260411024094
6589.8 854.1897839307785
6590.1 422.79883232712746
6590.4 549.6835050540685
6590.7 466.4516023825854
6591.0 303.4269351810217
6591.3 288.79549732618034
6591.6 516.6357317604125
6591.9 392.30641355831176
6592.2 659.9377221167088
6592.5 458.16275856271386
6592.8 569.7299753725529
6593.1 606.434493303299
6593.4 458.81413835287094
6593.7 564.767477594316
6594.0 748.4266582448035
6594.3 598.0612872838974
6594.6 304.1934572267346
6594.9 505.1882766485214
6595.2 531.8428328484297
6595.5 468.90775463171303
6595.8 632.648112937808
6596.1 694.2599370479584
6596.4 305.23449121788144
6596.7 353.5596301215046
6597.0 523.9861592724919
6597.3 532.3866200447083
6597.6 442.0188866853714
6597.9 571.3679423332214
6598.2 405.0688592088409
6598.5 356.07173022115603
6598.8 575.2416710853577
6599.1 619.7836960554123
6599.4 404.56796358153224
6599.7 617.8762583136559
6600.0 305.0316710155457
6600.3 288.7682917295024
6600.6 515.5481680035591
6600.9 565.9615287552588
6601.2 397.35711818933487
6601.5 433.495281024836
6601.8 441.4229622129351
6602.1 477.1698654592037
6602.4 592.0194056034088
6602.7 279.6066855234094
6603.0 380.9726574065571
6603.3 529.3119634278119
6603.6 379.6325420839712
6603.9 475.52554964087903
6604.2 579.5541018926888
6604.5 677.3206102848053
6604.8 210.66154616791755
6605.1 533.672770857811
6605.4 461.771976405289
6605.7 508.8914851397276
6606.0 507.5781134068966
6606.3 534.4762252382934
6606.6 519.9054422974586
6606.9 222.4072464685887
6607.2 700.5152825117111
6607.5 387.90586775541306
6607.8 491.5557791441679
6608.1 546.2767502143979
6608.4 293.89976363256574
6608.7 654.618306696415
6609.0 579.5335414819419
6609.3 507.32659527193755
6609.6 826.6710968017578
6609.9 607.0351580530405
6610.2 518.7665047347546
6610.5 591.8531764280051
6610.8 453.07113382034004
6611.1 330.3633456751704
6611.4 568.0469350656494
6611.7 319.75039716623724
6612.0 709.0298700332642
6612.3 542.1618230901659
6612.6 567.2477484941483
6612.9 488.1289581172168
6613.2 490.2111144140363
6613.5 396.29943605326116
6613.8 334.8134857264813
6614.1 423.43004176951945
6614.4 657.039511680603
6614.7 401.44785363972187
6615.0 442.32787216454744
6615.3 579.4209557771683
6615.6 408.7809458980337
6615.9 463.66957527399063
6616.2 424.03050908632576
6616.5 567.0421089194715
6616.8 342.95982410991564
6617.1 532.2133210748434
6617.4 529.439906835556
6617.7 660.528148829937
6618.0 518.7729632593691
6618.3 565.648204986006
6618.6 631.293583901599
6618.9 553.0973662389442
6619.2 322.96943919034675
6619.5 597.8492362499237
6619.8 478.4489229619503
6620.1 466.1885924860835
6620.4 566.4783533364534
6620.7 482.24475837498903
6621.0 382.8444929085672
6621.3 341.11965073645115
6621.6 581.9031552169472
6621.9 489.58849295414984
6622.2 592.5700840149075
6622.5 496.8562394203618
6622.8 493.94429360330105
6623.1 485.35537922382355
6623.4 450.1049305777997
6623.7 497.2689916002564
6624.0 459.2976197076496
6624.3 497.31178660318255
6624.6 428.2668358683586
6624.9 245.2722456753254
6625.2 576.4466653093696
6625.5 479.88290767744184
6625.8 598.452013105154
6626.1 601.7142823860049
6626.4 539.8710953593254
6626.7 415.2359927482903
6627.0 626.160328567028
6627.3 379.11776269227266
6627.6 404.9355370812118
6627.9 336.46246474049985
6628.2 516.8727599903941
6628.5 390.80867242836393
6628.8 493.97292590513825
6629.1 600.4555973261595
6629.4 410.0644249729812
6629.7 735.5249144434929
6630.0 751.3905623108149
6630.3 516.4401283632033
6630.6 576.0956837385893
6630.9 692.4608423113823
6631.2 225.52186687290668
6631.5 413.22116020321846
6631.8 402.9410071801394
6632.1 516.9988427571952
6632.4 866.8150565624237
6632.7 575.3062081933022
6633.0 617.5561599731445
6633.3 578.0365560650826
6633.6 513.2978621516377
6633.9 440.3846701536095
6634.2 628.2631914913654
6634.5 499.73334311228245
6634.8 512.5660548927262
6635.1 658.3040695860982
6635.4 280.95181279443204
6635.7 572.3827807977796
6636.0 554.1108048334718
6636.3 506.45231635309756
6636.6 302.123859917745
6636.9 332.52435767650604
6637.2 401.7805542908609
6637.5 380.03782040439546
6637.8 603.507288529654
6638.1 685.0558538064361
6638.4 520.3263388238847
6638.7 452.0103813074529
6639.0 593.5332633387297
6639.3 522.8122786190361
6639.6 353.29704369977117
6639.9 406.95471359579824
6640.2 569.5933971647173
6640.5 343.73292187415063
6640.8 759.8055584449321
6641.1 589.4123652651906
6641.4 727.5217806696892
6641.7 602.9830192346126
6642.0 631.2853347677737
6642.3 840.0202680826187
6642.6 760.8805479332805
6642.9 740.8878920041025
6643.2 636.4992248120252
6643.5 577.2421426703222
6643.8 589.9388260003179
6644.1 679.5134956538677
6644.4 566.3318994939327
6644.7 689.6773866191506
6645.0 495.14772086404264
6645.3 615.9164302106947
6645.6 485.71322552114725
6645.9 601.4578336924314
6646.2 521.9427696317434
6646.5 610.3051026444882
6646.8 547.5230479203165
6647.1 587.0097036715597
6647.4 629.6198489628732
6647.7 777.6554385293275
6648.0 720.5284268539399
6648.3 733.6718911528587
6648.6 399.52015888295136
6648.9 498.9565916545689
6649.2 527.2218588590622
6649.5 580.2186179473065
6649.8 537.652553034015
6650.1 782.09642547369
6650.4 420.87175826192833
6650.7 381.6771766580641
6651.0 344.2350751757622
6651.3 724.1324546914548
6651.6 508.58189844712615
6651.9 544.6531939124689
6652.2 285.722807854414
6652.5 335.668810531497
6652.8 266.4810029231012
6653.1 300.36424231901765
6653.4 728.6017498672009
6653.7 837.1232867017388
6654.0 807.158809542656
6654.3 889.108285062015
6654.6 1101.3162589073181
6654.9 1150.115551520139
6655.2 894.1723311273381
6655.5 1267.592939114198
6655.8 1271.6728946603835
6656.1 1471.0726884827018
6656.4 1498.1825857013464
6656.7 1493.4425552785397
6657.0 1634.600322427228
6657.3 1527.5412814617157
6657.6 1626.7525246441364
6657.9 1582.3353903070092
6658.2 1476.887586120516
6658.5 1477.1020634174347
6658.8 1331.9588892161846
6659.1 1524.0188358575106
6659.4 1294.5599335208535
6659.7 1440.4238790897653
6660.0 1353.6020767390728
6660.3 1326.670368090272
6660.6 1584.1984595954418
6660.9 1376.0516905114055
6661.2 1475.9105064868927
6661.5 1855.4898374378681
6661.8 1764.0758550306782
6662.1 1775.4257182590663
6662.4 1597.6923468708992
6662.7 1370.1536934152246
6663.0 1194.8156222365797
6663.3 1255.2898599505424
6663.6 960.975317619741
6663.9 879.8951636701822
6664.2 443.72913565300405
6664.5 512.0593422893435
6664.8 443.07804374117404
6665.1 505.3411611393094
6665.4 424.14164374768734
6665.7 601.6087547014467
6666.0 611.6714199110866
6666.3 379.13806034624577
6666.6 722.6260266080499
6666.9 510.2103438824415
6667.2 483.17433765903115
6667.5 620.4608391523361
6667.8 416.6239839885384
6668.1 457.71546652913094
6668.4 611.3380652777851
6668.7 549.5233758818358
6669.0 702.8712905049324
6669.3 617.6604084819555
6669.6 319.22984477784485
6669.9 516.4843071587384
6670.2 401.93458766210824
6670.5 525.4193724617362
6670.8 560.8886812683195
6671.1 659.2363095134497
6671.4 495.47893346613273
6671.7 439.5057830577716
6672.0 610.3448934555054
6672.3 612.2480376847088
6672.6 496.1592849753797
6672.9 419.62014899402857
6673.2 441.4091590018943
6673.5 595.1601245589554
6673.8 510.8629134260118
6674.1 413.6537017505616
6674.4 388.1995028909296
6674.7 840.5082421428524
6675.0 562.9196411697194
6675.3 709.2015152808744
6675.6 637.9423142913729
6675.9 529.3904667758034
6676.2 780.0032924804837
6676.5 841.5728554087691
6676.8 729.3076739665121
6677.1 888.376822038088
6677.4 1120.0413940735161
6677.7 1158.4354423787445
6678.0 1008.1293531816918
6678.3 1075.230974963284
6678.6 988.368230741471
6678.9 1108.0291147520766
6679.2 953.9237516224384
6679.5 1078.349352531135
6679.8 812.0627023652196
6680.1 845.13782267645
6680.4 1233.766075430438
6680.7 840.730992520228
6681.0 809.5702274665236
6681.3 1162.1469491124153
6681.6 838.4183646505699
6681.9 1067.066055096686
6682.2 860.1623173011467
6682.5 917.1998278349638
6682.8 958.5623527355492
6683.1 986.1547445729375
6683.4 1074.1739533245564
6683.7 643.2908252775669
6684.0 665.8628189731389
6684.3 874.7983733527362
6684.6 813.6006476283073
6684.9 743.3075950741768
6685.2 808.4767444431782
6685.5 610.0295366980135
6685.8 436.85122330486774
6686.1 574.0655713528395
6686.4 398.61004733410664
6686.7 526.865678133443
6687.0 633.5037655625492
6687.3 613.730151625583
6687.6 386.50962460786104
6687.9 461.3306343089789
6688.2 460.00804709643126
6688.5 477.1104307062924
6688.8 722.6519564390182
6689.1 464.4072613567114
6689.4 289.64057600474916
6689.7 298.9097845032811
6690.0 599.1681493660435
6690.3 491.13352709263563
6690.6 279.2137074563652
6690.9 535.5290369987488
6691.2 473.413686664775
6691.5 423.49054058478214
6691.8 513.607938092202
6692.1 590.441821552813
6692.4 819.3095661299303
6692.7 517.4019604828209
6693.0 398.7906849645078
6693.3 540.5473956279457
6693.6 843.2850345373154
6693.9 621.2608375586569
6694.2 452.6883557885885
6694.5 620.6922002150677
6694.8 550.3608032111079
6695.1 450.73578137438744
6695.4 517.0050565060228
6695.7 437.25644649751484
6696.0 511.08087384700775
6696.3 665.0035046339035
6696.6 485.38060449436307
6696.9 457.275002297014
6697.2 506.2919378876686
6697.5 434.9080884461291
6697.8 593.0521818436682
6698.1 564.8407257189974
6698.4 372.7752101035876
6698.7 441.80576392000876
6699.0 356.59158522449434
6699.3 395.3130370993167
6699.6 516.6094352006912
6699.9 590.2928783968091
6700.2 294.1796197039075
6700.5 522.6011132672429
6700.8 441.2863937243819
6701.1 514.0685356948525
6701.4 365.37084495811723
6701.7 359.50358446501195
6702.0 618.739796563983
6702.3 608.413596406579
6702.6 486.12195729700034
6702.9 577.6904787775129
6703.2 652.6115408865735
6703.5 434.89284862950444
6703.8 583.5868235900998
6704.1 585.0722746909596
6704.4 449.91925061680377
6704.7 428.8650377471931
6705.0 620.147791869007
6705.3 560.7834947053343
6705.6 465.63461260218173
6705.9 437.49472630023956
6706.2 404.54270566953346
6706.5 459.6667033974081
6706.8 393.1706067286432
6707.1 580.4079950116575
6707.4 553.8690096624196
6707.7 420.54008806310594
6708.0 671.0457166545093
6708.3 467.6828199289739
6708.6 587.6597055792809
6708.9 677.3832500874996
6709.2 443.8636786034331
6709.5 611.5431793928146
6709.8 464.53719044290483
6710.1 634.8617916498333
6710.4 367.6120682968758
6710.7 622.7645125836134
6711.0 643.1310013756156
6711.3 457.707797838375
6711.6 552.5090068038553
6711.9 593.6933513954282
6712.2 390.3437320869416
6712.5 523.9325568675995
6712.8 500.19296412169933
6713.1 444.20432149711996
6713.4 432.5596745517105
6713.7 522.4248385429382
6714.0 369.3688927106559
6714.3 225.63047896232456
6714.6 140.5943031385541
6714.9 98.54095727950335
6715.2 266.1204862599261
6715.5 489.7785018388531
6715.8 385.1648486922495
6716.1 497.8356197476387
6716.4 513.3474435959943
6716.7 622.8978229425848
6717.0 380.97186143510044
6717.3 281.5100053437054
6717.6 587.2046161480248
6717.9 425.85581777617335
6718.2 533.4598792418838
6718.5 641.2671840786934
6718.8 448.4614320062101
6719.1 545.4855417907238
6719.4 704.884237293154
6719.7 545.9003497306257
6720.0 427.1949948410038
6720.3 581.6236524879932
6720.6 675.1132651269436
6720.9 445.0601178109646
6721.2 520.5956863872707
6721.5 449.5977428627666
6721.8 463.98216216266155
6722.1 366.80604945891537
6722.4 498.4752708664164
6722.7 542.4594170451164
6723.0 494.6276588952169
6723.3 637.1909639518708
6723.6 533.3277326729149
6723.9 502.729290205054
6724.2 424.7252848064527
6724.5 690.6920846700668
6724.8 526.0547312162817
6725.1 517.8780701179057
6725.4 566.0811344590038
6725.7 559.2660768590868
6726.0 516.6623752382584
6726.3 471.25629852712154
6726.6 482.77897675707936
6726.9 332.9888757118024
6727.2 522.4075362458825
6727.5 414.9603842042852
6727.8 461.86130507290363
6728.1 563.1579127162695
6728.4 513.9801954030991
6728.7 487.3110087364912
6729.0 438.4233793504536
6729.3 405.57342495024204
6729.6 504.32097328826785
6729.9 425.5377884777263
6730.2 427.02253275818657
6730.5 329.43645815365016
6730.8 422.1520834630355
6731.1 466.7861891798675
6731.4 478.0952650057152
6731.7 437.89057929534465
6732.0 397.68327411357313
6732.3 684.1929198922589
6732.6 674.112788066268
6732.9 873.8494896888733
6733.2 642.7253647572361
6733.5 650.2192398682237
6733.8 495.2190470090136
6734.1 455.2094202199951
6734.4 566.5613874197006
6734.7 532.2945283651352
6735.0 372.2638792525977
6735.3 715.3310795128345
6735.6 618.1959964223206
6735.9 630.601977262646
6736.2 523.9059250988066
6736.5 354.319229260087
6736.8 499.7459005615674
6737.1 476.870840519201
6737.4 528.4901133384556
6737.7 475.44403940439224
6738.0 720.5377013981342
6738.3 96.26510140486062
6738.6 438.31508406996727
6738.9 687.2833027616143
6739.2 641.7000501705334
6739.5 628.8953327536583
6739.8 535.4766204990447
6740.1 319.9758648457937
6740.4 603.7651386521757
6740.7 597.5496276151389
6741.0 501.5970470001921
6741.3 696.3074016571045
6741.6 274.8949416319374
6741.9 499.38057082891464
6742.2 282.73120521986857
6742.5 536.1375373005867
6742.8 476.9690065551549
6743.1 464.2625133506954
6743.4 319.80477291020725
6743.7 514.5575461667031
6744.0 625.2254362031817
6744.3 500.8947083093226
6744.6 447.94939476950094
6744.9 520.8057004958391
6745.2 487.49745527654886
6745.5 386.133855494787
6745.8 557.3122941851616
6746.1 487.14792063832283
6746.4 450.9848897457123
6746.7 620.531752102077
6747.0 564.5833769440651
6747.3 664.5491584539413
6747.6 222.93177502183244
6747.9 514.1208390053362
6748.2 552.3557990863919
6748.5 487.02739745378494
6748.8 451.28891340876
6749.1 429.63225966587197
6749.4 675.0969264917076
6749.7 675.6932629048824
6750.0 592.2270223032683
6750.3 322.74917878583074
6750.6 660.0897626252845
6750.9 573.9873999645934
6751.2 432.77667570114136
6751.5 493.60949760861695
6751.8 602.1244830191135
6752.1 740.9637949243188
6752.4 208.7034316714853
6752.7 638.6275510005653
6753.0 272.1163556370884
6753.3 489.4688906481024
6753.6 493.6671354994178
6753.9 334.12044574227184
6754.2 566.9224740192294
6754.5 495.591889295727
6754.8 445.5332269668579
6755.1 655.4525008797646
6755.4 409.5141978020547
6755.7 713.1880133152008
6756.0 481.7900884440169
6756.3 583.0515649318695
6756.6 414.81743785971776
6756.9 325.6868723279331
6757.2 314.54967895150185
6757.5 300.46700366586447
6757.8 720.521898817271
6758.1 367.6094824853353
6758.4 588.5701716542244
6758.7 463.49438938871026
6759.0 452.26725492905825
6759.3 581.059523656033
6759.6 52.74549556430429
6759.9 434.61507304757833
6760.2 608.3180214194581
6760.5 537.4670918956399
6760.8 459.45077292621136
6761.1 389.1140445964411
6761.4 428.3097601113841
6761.7 378.73553359974176
6762.0 427.7972651948221
6762.3 432.20648263022304
6762.6 353.9232465531677
6762.9 350.6602667393163
6763.2 612.2640285156667
6763.5 419.5577618833631
6763.8 510.5547728538513
6764.1 472.06853073835373
6764.4 587.5118101090193
6764.7 407.25495982542634
6765.0 679.9642615914345
6765.3 172.94331527128816
6765.6 617.1796645820141
6765.9 593.0554566681385
6766.2 489.24320268724114
6766.5 491.3702058084309
6766.8 455.989678170532
6767.1 488.3531844653189
6767.4 474.4343421396334
6767.7 493.38068706309423
6768.0 484.67509100260213
6768.3 630.7865991927683
6768.6 439.9940821779892
6768.9 530.0092323645949
6769.2 600.0161760598421
6769.5 685.2576835243963
6769.8 766.2497521960177
6770.1 639.3039991855621
6770.4 545.6005967510864
6770.7 530.6471945736557
6771.0 413.45800583343953
6771.3 589.5472357422113
6771.6 606.0777726173401
6771.9 516.3442115783691
6772.2 470.61961722932756
6772.5 457.1227049231529
6772.8 431.0868929848075
6773.1 492.1353562436998
6773.4 570.0734999068081
6773.7 558.040620809421
6774.0 595.6455355882645
6774.3 507.1541089117527
6774.6 568.1028564423323
6774.9 546.1781524941325
6775.2 492.45825994201005
6775.5 547.7856912929565
6775.8 574.7934294990264
6776.1 477.45231710374355
6776.4 765.1174681186676
6776.7 516.2530143149197
6777.0 315.551826662384
6777.3 603.5264991521835
6777.6 435.78185969777405
6777.9 445.6012541651726
6778.2 376.893438026309
6778.5 501.9634013772011
6778.8 311.02624218701385
6779.1 516.551167903468
6779.4 735.6134307384491
6779.7 652.7245571681997
6780.0 683.7679705768824
6780.3 450.0413685031235
6780.6 582.8137519955635
6780.9 681.6329586990178
6781.2 499.90245767124
6781.5 560.3540281262249
6781.8 741.3793170452118
6782.1 442.4500529617071
6782.4 487.28818744421005
6782.7 642.9802742553875
6783.0 619.6416858956218
6783.3 642.342545431573
6783.6 495.44801070168614
6783.9 617.6890880204737
6784.2 384.8396748067462
6784.5 484.12375235557556
6784.8 372.431202726686
6785.1 612.0680966377258
6785.4 656.1578679084778
6785.7 327.18392864242196
6786.0 672.8741908073425
6786.3 501.18749594688416
6786.6 578.5526703968644
6786.9 490.29340890049934
6787.2 488.6702216491103
6787.5 552.5533960964531
6787.8 548.7316908426583
6788.1 561.500689771492
6788.4 449.6194726116955
6788.7 556.4122542766854
6789.0 561.621033936739
6789.3 413.0832561815914
6789.6 586.404303252697
6789.9 250.66160289384425
6790.2 474.4126784577966
6790.5 604.7992189582437
6790.8 453.972251584677
6791.1 447.6403688136488
6791.4 455.4702418446541
6791.7 517.0838941074908
6792.0 672.0115938570816
6792.3 615.882067002356
6792.6 798.5428730249405
6792.9 456.0942774056457
6793.2 580.8478226168081
6793.5 514.8242731858045
6793.8 628.2220207452774
6794.1 394.4248958211392
6794.4 288.3748044860549
6794.7 443.39360069064423
6795.0 461.1073956619948
6795.3 245.81163069233298
6795.6 629.1209665834904
6795.9 651.875291287899
6796.2 414.66012887097895
6796.5 432.77299679163843
6796.8 772.9604760482907
6797.1 626.8595463633537
6797.4 418.74566420319024
6797.7 574.3698360919952
6798.0 683.924956202507
6798.3 420.5914534800686
6798.6 340.86411132803187
6798.9 321.16026842966676
6799.2 338.3447158699855
6799.5 504.9075156748295
6799.8 546.8049861406907
6800.1 622.1532114231959
6800.4 320.2132727652788
6800.7 515.5715579688549
6801.0 727.7521028518677
6801.3 312.31820784136653
6801.6 560.8184478911571
6801.9 556.8339176923037
6802.2 357.62565515050665
6802.5 455.7471282361075
6802.8 406.0870147459209
6803.1 764.578938961029
6803.4 782.1044255644083
6803.7 459.1895467909053
6804.0 549.2658583452576
6804.3 565.5082345232368
6804.6 488.8112810328603
6804.9 522.7315762629732
6805.2 473.10244432091713
6805.5 332.6061183572747
6805.8 414.30385273322463
6806.1 435.171062476933
6806.4 508.20347891305573
6806.7 360.6251821368933
6807.0 460.01681119948626
6807.3 753.7559513747692
6807.6 512.93423611857
6807.9 469.81196814449504
6808.2 456.561210711021
6808.5 421.6707383804023
6808.8 850.7978625297546
6809.1 594.4745184881613
6809.4 396.4555580802262
6809.7 588.5852504838258
6810.0 550.8959225201979
6810.3 531.4560608509928
6810.6 641.9101807633415
6810.9 901.9204689338803
6811.2 794.394259814173
6811.5 994.7020436674356
6811.8 803.5660623013973
6812.1 687.6370577238267
6812.4 903.3860008604825
6812.7 717.2041827663779
6813.0 925.8580817878246
6813.3 725.6210826560855
6813.6 837.940744234249
6813.9 1012.8567179143429
6814.2 787.7043440639973
6814.5 772.1564099784009
6814.8 1057.149597145617
6815.1 958.4565714672208
6815.4 1007.5228335782886
6815.7 854.3694490501657
6816.0 834.5288662239909
6816.3 983.4482435383834
6816.6 1028.9154531508684
6816.9 888.8684468511492
6817.2 1120.8210523724556
6817.5 840.8394020190462
6817.8 877.0834826827049
6818.1 1004.1765322387218
6818.4 842.485686570406
6818.7 630.1208922415972
6819.0 711.9408606374636
6819.3 712.0469010993838
6819.6 570.2296686246991
6819.9 518.3926607095636
6820.2 258.89436188712716
6820.5 754.5284243300557
6820.8 744.902377052349
6821.1 528.7658268355299
6821.4 550.5193983912468
6821.7 510.7580195963383
6822.0 495.8333163037896
6822.3 518.0209569549188
6822.6 454.86870543286204
6822.9 513.4576877774671
6823.2 433.23496900498867
6823.5 616.4838795936666
6823.8 620.4688005335629
6824.1 567.344708668068
6824.4 668.5567585751414
6824.7 620.4435001183301
6825.0 682.8612583242357
6825.3 731.4077548175119
6825.6 821.1285035014153
6825.9 752.7980610756204
6826.2 875.0628463067114
6826.5 523.0454020500183
6826.8 1169.1557731926441
6827.1 1435.9688874483109
6827.4 463.70274474844337
6827.7 514.6740956134163
6828.0 1396.936277270317
6828.3 629.0674121752381
6828.6 812.9229102737827
6828.9 1829.9693532586098
6829.2 834.5266112461686
6829.5 -231.9708987697959
6829.8 642.7903924435377
6830.1 678.5820994377136
6830.4 113.45322678610682
6830.7 621.1889755725861
6831.0 757.428845028393
6831.3 733.5755802874919
6831.6 802.2532209828496
6831.9 945.7447397708893
6832.2 985.551011657808
6832.5 946.3051189547405
6832.8 1034.7427648156881
6833.1 1458.2572796868626
6833.4 1040.7803030014038
6833.7 1616.2341569066048
6834.0 1081.772122003138
6834.3 -184.8189765382558
6834.6 -191.37592588365078
6834.9 930.7668757736683
6835.2 -253.72389873489738
6835.5 473.5030682105571
6835.8 648.5863910913467
6836.1 309.01795210689306
6836.4 431.15039948001504
6836.7 362.12564475485124
6837.0 381.22844664985314
6837.3 466.09112362377346
6837.6 497.27045942191035
6837.9 324.75030751153827
6838.2 512.67660805583
6838.5 694.8284317851067
6838.8 568.2310147620738
6839.1 414.18240309134126
6839.4 547.331169734709
6839.7 509.16909664147533
6840.0 456.70657746866345
6840.3 408.71535177063197
6840.6 632.8907562680542
6840.9 694.1414369544946
6841.2 819.8086550291628
6841.5 848.957543993427
6841.8 317.77908353926614
6842.1 127.6809384371154
6842.4 671.353358745575
6842.7 208.38784295879304
6843.0 230.43530121422373
6843.3 440.3952882811427
6843.6 363.0752808060497
6843.9 498.3447310542688
6844.2 436.3509139716625
6844.5 729.8889358639717
6844.8 495.5093160159886
6845.1 313.94332448672503
6845.4 485.36598869226873
6845.7 605.3644159957767
6846.0 612.8577489573509
6846.3 421.9850500971079
6846.6 417.4870648384094
6846.9 554.5566311068833
6847.2 476.3970667794347
6847.5 587.7137950323522
6847.8 535.9824395654723
6848.1 466.03201434388757
6848.4 334.68202539288905
6848.7 461.2323976382613
6849.0 357.96227609552443
6849.3 595.7995291016996
6849.6 657.661125689745
6849.9 371.2721819439903
6850.2 652.6467043966986
6850.5 709.4232320785522
6850.8 422.28472024947405
6851.1 438.07457878626883
6851.4 620.5686199367046
6851.7 555.876285623759
6852.0 652.4896442294121
6852.3 562.9288953039795
6852.6 660.8002852275968
6852.9 254.11935028946027
6853.2 391.22113220766187
6853.5 504.94127881526947
6853.8 445.6189497858286
6854.1 680.1392197087407
6854.4 492.8936392776668
6854.7 639.497657418251
6855.0 369.86640311136307
6855.3 406.4218030963093
6855.6 467.56048952043056
6855.9 454.1199404746294
6856.2 196.57213116809726
6856.5 510.78200187766925
6856.8 446.1829545199871
6857.1 524.0572999119759
6857.4 647.432597219944
6857.7 396.3980835415423
6858.0 478.7701410576701
6858.3 515.992858953774
6858.6 522.4608627895359
6858.9 598.8062905371189
6859.2 393.7207521438686
6859.5 368.968402499333
6859.8 454.26089227199554
6860.1 238.65849584154785
6860.4 586.4644678980112
6860.7 687.296351313591
6861.0 629.2653230428696
6861.3 517.918489605654
6861.6 756.1510197338648
6861.9 846.3340312279761
6862.2 1505.117540212348
6862.5 1623.5475539527833
6862.8 1736.8402517382056
6863.1 1677.5423148423433
6863.4 3182.5557556152344
6863.7 556.6667600721121
6864.0 -2185.48877453804
6864.3 1971.1826353743672
6864.6 1821.5255714654922
6864.9 -27.868798434734344
6865.2 652.6893904209137
6865.5 612.0245978832245
6865.8 -19.182224645279348
6866.1 664.4719216525555
6866.4 567.0840030675754
6866.7 453.6018632198684
6867.0 836.056870393455
6867.3 573.7304199337959
6867.6 410.52051373547874
6867.9 763.8934667482972
6868.2 742.027952671051
6868.5 475.5644849538803
6868.8 181.34091369470116
6869.1 635.8850299715996
6869.4 0.0
6869.7 0.0
