1.0 0.0
2.0 -0.06445624566388594
3.0 0.45587906678051615
4.0 0.5288462473764941
5.0 0.179049859322239
6.0 0.20559010030120822
7.0 0.15186184414446233
8.0 0.22405607872398886
9.0 0.16996536625844355
10.0 0.18247154538564003
11.0 0.027134309753309563
12.0 0.022645399492766574
13.0 0.03778858160594954
14.0 0.060835445438559885
15.0 -0.0402161806507318
16.0 -0.0481501184139639
17.0 -0.006111330013289349
18.0 0.025365002554723973
19.0 0.1855188696943514
20.0 0.22250223127783264
21.0 0.13727455628911892
22.0 0.12707149446626137
23.0 -0.02740466020785984
24.0 -0.10404168223460178
25.0 -0.1699214301719547
26.0 -0.1504047166702649
27.0 -0.055005654708162495
28.0 -0.0076857116726220176
29.0 -0.0032027142056465746
30.0 -0.025573946387257265
31.0 -0.1814876941239978
32.0 -0.11796805005978943
33.0 -0.08931489955968215
34.0 -0.07838588190525628
35.0 0.048189600833289846
36.0 0.04794947206160212
37.0 0.08210843266632224
38.0 0.08037954956567572
39.0 0.03968098896306678
40.0 0.014483303240431683
41.0 0.0399726600336745
42.0 -0.026639007729932794
43.0 -0.03727327173779116
44.0 0.009285949357186355
45.0 -0.010514780527810564
46.0 0.028132931320139925
47.0 0.05153068724921519
48.0 -0.06577827546726117
49.0 -0.03411925334548188
50.0 -0.09511945921153941
51.0 -0.061868626119270353
52.0 -0.022028437788640512
53.0 -0.06894566639021044
54.0 0.002277068384096326
55.0 -0.023038144056004115
56.0 -0.06898185286316298
57.0 -0.08238500999047492
58.0 -0.10464916369893094
59.0 -0.12414187183268269
60.0 -0.0382305266539434
61.0 -0.0027232008613589714
62.0 0.08261469966391366
63.0 0.17667144950801844
64.0 0.23284803678210855
65.0 0.3060454046345238
66.0 0.46203421275561435
67.0 0.5341785472361467
68.0 0.6376439035385545
69.0 0.7501216249233387
70.0 0.7977512932108453
71.0 0.8614632065571042
72.0 0.8323116808380692
73.0 0.808977477402592
74.0 0.6729674090389695
75.0 0.5482323968730726
76.0 0.4607450766773064
77.0 0.39421818752521115
78.0 0.26980794198246943
79.0 0.23780844364113993
80.0 0.18587510273456279
81.0 0.10043748049609211
82.0 0.11754868688513782
83.0 0.04621793632295892
84.0 0.016702862955531913
85.0 0.03668619106999891
86.0 0.02007844901618807
87.0 0.02820981686719906
88.0 -0.05391767843741611
89.0 -0.08760556416093532
90.0 -0.07736374148087749
91.0 -0.07506951001738107
92.0 0.016193816888079776
93.0 0.03697211474684528
94.0 -0.0006039895138945772
95.0 0.015578354216349425
96.0 0.061123976836108276
97.0 0.08549756488912255
98.0 0.12763099698265515
99.0 0.16466233156588636
100.0 0.1070757277406749
101.0 0.08687992360365972
102.0 -0.010032731342170743
103.0 -0.08370601711769633
104.0 -0.054857784517726105
105.0 -0.13675050277983697
106.0 -0.10955364387984325
107.0 -0.09616744883775319
108.0 -0.11815705805451111
109.0 -0.010657735903849783
110.0 0.023865483147744865
111.0 0.04710591296547166
112.0 0.02685067698753178
113.0 -0.07338882996682225
114.0 -0.12456027766383047
115.0 -0.2242045076385039
116.0 -0.2601074011044574
117.0 -0.24011404182890655
118.0 -0.2578402882740843
119.0 -0.1457016631388264
120.0 -0.10990690095005043
121.0 0.09185679947941586
122.0 0.16935257868594417
123.0 0.3436015298034186
124.0 0.3428253996808942
125.0 0.0924735743390512
126.0 0.03611746039136772
127.0 -0.08885341943400885
128.0 -0.09928616057524375
129.0 0.042966180058203546
130.0 0.1459106986246437
131.0 -0.04168685767694645
132.0 -0.0661032487817745
133.0 -0.28490952252001644
134.0 -0.2904694000621716
135.0 -0.2611282750594808
136.0 -0.2455034800640376
137.0 -0.09555221758517984
138.0 -0.20754523907974762
139.0 -0.33858298791708985
140.0 -0.2776021075577143
141.0 -0.2640996918955664
142.0 -0.18488465614838875
143.0 -0.18322707691353202
144.0 -0.06229898618672346
145.0 0.0112686711496814
146.0 0.0
147.0 0.0
148.0 0.0
