1.0 0.0
2.0 0.31077688893703304
3.0 0.3163796195060895
4.0 0.21572694200041614
5.0 0.15659032702992584
6.0 -0.035729759189698
7.0 -0.04344739224174549
8.0 -0.12569353781678883
9.0 -0.15672077537771228
10.0 0.06082188797271316
11.0 0.09434308351848121
12.0 0.07712111903197047
13.0 0.12262967412689568
14.0 0.10240046487326462
15.0 0.14146114655748343
16.0 0.18966530497499495
17.0 0.06640407749014113
18.0 0.03693738598067452
19.0 -0.06197619356106082
20.0 -0.10940905469120386
21.0 -0.03059582064625118
22.0 -0.05092734028581679
23.0 0.028607176923364886
24.0 0.04531281139839243
25.0 0.007527492358165281
26.0 0.07016475774317298
27.0 -0.06459306082139636
28.0 -0.029803889591756536
29.0 -0.01508453862597943
30.0 -0.11362549892770539
31.0 -0.08771306699723141
32.0 -0.048430661504001535
33.0 -0.06931391205914411
34.0 -0.04764114072856617
35.0 0.04679632133415909
36.0 -0.03407302448948799
37.0 -0.030971991199759567
38.0 -0.057370467412947886
39.0 -0.12592454016835097
40.0 -0.022204086675212197
41.0 0.0223133308593622
42.0 0.0696699611373407
43.0 0.12969406265156436
44.0 0.0570132867238804
45.0 0.004040329544304086
46.0 0.057189545139901724
47.0 0.009630416476024943
48.0 0.09181616065585403
49.0 0.17295653153311244
50.0 0.11709315468092513
51.0 0.18160063157214335
52.0 0.21258989871495634
53.0 0.25218371496320535
54.0 0.266842593140864
55.0 0.3628164161407915
56.0 0.45007731124659706
57.0 0.6577327342075313
58.0 0.9572774909253238
59.0 1.364304951626693
60.0 1.6904999840722208
61.0 2.1304029527968176
62.0 2.3519418829876284
63.0 2.4560266922521063
64.0 2.452840770880658
65.0 2.2920288514735954
66.0 2.1750173908137564
67.0 1.9453895526918594
68.0 1.721454296526563
69.0 1.5566668332072708
70.0 1.4226058309074376
71.0 1.412483383565824
72.0 1.364004166833898
73.0 1.2912417580603466
74.0 1.2732716555029482
75.0 1.0905655543768054
76.0 0.9540095888077409
77.0 0.8223596594364012
78.0 0.5976986032713048
79.0 0.4706957247068339
80.0 0.32610116629411856
81.0 0.21023027252962173
82.0 0.14610669588449948
83.0 0.11744003235394458
84.0 0.06312163024344578
85.0 0.079665271275559
86.0 0.041137129700716146
87.0 0.030550858491962957
88.0 0.08882747763637108
89.0 0.0556395071993039
90.0 0.06958119995958918
91.0 0.030149498535547277
92.0 -0.026031743419961763
93.0 -0.07321309828695617
94.0 -0.07576919563222348
95.0 -0.046562812408551806
96.0 -0.04429645113691703
97.0 -0.01575292695156596
98.0 -0.0294750477956668
99.0 -0.031982167195172884
100.0 -0.07854183003556736
101.0 -0.03601337400303767
102.0 -0.05904965259380107
103.0 -0.051297295310885394
104.0 0.05458298600656822
105.0 0.009002362731209643
106.0 0.055158885370761086
107.0 0.033373992541419185
108.0 -0.009634263871392707
109.0 0.07261162887161238
110.0 0.04270940182241687
111.0 0.029085899599552108
112.0 0.06727772956830613
113.0 0.025062504503712085
114.0 0.07111301268631785
115.0 0.10768771480851025
116.0 0.16384943809911034
117.0 0.15147611461526223
118.0 0.13536950500306666
119.0 0.18152856218752444
120.0 0.13878379121965073
121.0 0.2503166411954196
122.0 0.3170906345458667
123.0 0.3509852873910544
124.0 0.38015777180848637
125.0 0.3219054973505633
126.0 0.3288564816298024
127.0 0.32256271100766937
128.0 0.35318013416656213
129.0 0.315574376362456
130.0 0.25400486004407513
131.0 0.24711779381257198
132.0 0.1534161493267652
133.0 0.28487379153727754
134.0 0.3233865094526189
135.0 0.5107497946676106
136.0 0.48714837899335783
137.0 0.4981394021594248
138.0 0.6127851944655572
139.0 0.11784578987811536
140.0 0.3259511652198977
141.0 0.2020370519878707
142.0 0.3632517949410704
143.0 0.34162070778436293
144.0 -0.011721259822092302
145.0 0.0
146.0 0.0
147.0 0.0
148.0 0.0
