1.0 0.0
2.0 0.3826492693296339
3.0 1.450201666289625
4.0 1.0362908031675993
5.0 0.3896526630521359
6.0 0.7745190371902595
7.0 0.6203594250938568
8.0 2.245590751893595
9.0 2.7041724179385622
10.0 3.236950262151909
11.0 2.188199100790611
12.0 1.6985199748168975
13.0 0.9952166273411964
14.0 0.2969768837588469
15.0 0.3485169512013368
16.0 0.0958593035395374
17.0 -0.10674280458794777
18.0 -0.24158696781011577
19.0 0.29618138351299944
20.0 0.5586578991880298
21.0 0.03443894947053328
22.0 0.35845870550361864
23.0 -0.5605946730570559
24.0 -0.2419954651817288
25.0 -0.13284372620837825
26.0 -0.24106286064573562
27.0 0.1807853011607141
28.0 0.24325633724137236
29.0 -0.3468162948214155
30.0 -0.6673274108079779
31.0 -0.8520205274175175
32.0 -1.1858970175988306
33.0 -0.7557165941536267
34.0 -0.5307263518602289
35.0 -0.5343456408974242
36.0 -0.9943917329353125
37.0 -0.4889611417488261
38.0 -0.2516350235019869
39.0 -0.23551076597583276
40.0 0.7257502969426277
41.0 0.7036500116539806
42.0 0.4015245108185827
43.0 0.6336267415805076
44.0 0.1566733280013677
45.0 -0.028332889018891656
46.0 0.021113363528731888
47.0 -0.3004742856598894
48.0 -0.7432167159896693
49.0 -0.919891461954161
50.0 -0.6500349092582349
51.0 -0.37816157365343583
52.0 0.02741274912378865
53.0 0.611351491110096
54.0 0.3810824109086147
55.0 0.42479006120235924
56.0 0.40463457588397755
57.0 -0.004611073705345137
58.0 0.24145011858343335
59.0 -0.05238646064341483
60.0 -0.09719954434611033
61.0 -0.060409177141005334
62.0 0.18441110582272063
63.0 0.3379178205727256
64.0 0.2632926941512178
65.0 0.44165688832281236
66.0 0.2190506148287714
67.0 0.18836392225853796
68.0 0.38197931186943795
69.0 0.17588890269426533
70.0 -0.06603794525708293
71.0 -0.2479690949054321
72.0 -0.1489311778613974
73.0 -0.05813990344085636
74.0 0.4818661690802314
75.0 0.7730362900226032
76.0 0.6051911194073029
77.0 0.7382271680840505
78.0 0.6485013378004376
79.0 0.6551006363718106
80.0 0.8175414495078112
81.0 0.5956083593690751
82.0 0.6210520233937116
83.0 0.5275919453724078
84.0 0.40183663931903285
85.0 0.5297015200062737
86.0 0.47405148855104395
87.0 0.7664042057483005
88.0 0.867888589016828
89.0 0.8823920497589478
90.0 0.6681338921116989
91.0 0.3109483202132126
92.0 0.22332734231450568
93.0 0.6044623425943906
94.0 0.46100257431818636
95.0 0.7066260977774382
96.0 0.6626772414267257
97.0 0.16150052366599993
98.0 0.3235675176509564
99.0 0.4269713210631309
100.0 0.5437147935131246
101.0 0.6800355633591002
102.0 0.9851986730295027
103.0 0.8511901022187102
104.0 0.8561721876543561
105.0 0.7036674201959113
106.0 0.5543810627948369
107.0 0.5046040456442099
108.0 0.2724599852812139
109.0 0.49390377449909206
110.0 0.3160177487537321
111.0 0.39985810616259865
112.0 0.5927176848763439
113.0 0.5519532439862368
114.0 0.7326376642207556
115.0 0.7285548583121296
116.0 0.8164686158100499
117.0 0.7536022624852683
118.0 0.6709010304671782
119.0 0.6019624794786775
120.0 0.6214073622812605
121.0 0.5688900614942689
122.0 0.395721128240431
123.0 0.022039051802514482
124.0 -0.06137681586651752
125.0 -0.02111008896801102
126.0 0.2211116586100869
127.0 0.3040809354796875
128.0 0.17368271414675962
129.0 0.1436190736241259
130.0 -0.2520668404402611
131.0 -0.12649067869418795
132.0 -0.08159990249175447
133.0 -0.04326925454947071
134.0 0.09656571001245817
135.0 0.07319959689035155
136.0 -0.049887027748210605
137.0 -0.1565562850203905
138.0 -0.06616511678835729
139.0 -0.11718180561658045
140.0 0.05841034796655595
141.0 0.12605359290953297
142.0 0.1821514365001139
143.0 0.26085519514109967
144.0 0.15490844183741015
145.0 0.21275331363224803
146.0 0.009577866324153847
147.0 -0.08077276840192338
148.0 -0.06553227668509365
149.0 0.10596389410188486
150.0 0.06450638379128443
151.0 0.14243914431125082
152.0 0.20877532261043094
153.0 0.08221790654757416
154.0 0.13489438428293624
155.0 0.19836199668830057
156.0 0.2238382162649047
157.0 0.13344174249099588
158.0 0.4207903940431485
159.0 0.20001710280625098
160.0 0.12821770553523898
161.0 -0.167742934923369
162.0 -0.15192267266904366
163.0 0.22037511829781373
164.0 0.4344905564722778
165.0 0.7499331750295423
166.0 0.662740238669778
167.0 0.44473312398702486
168.0 0.2838347773894727
169.0 0.2807534191621245
170.0 0.24724292252826954
171.0 0.24412041009318913
172.0 0.11568873104405322
173.0 0.01255325408471614
174.0 0.18294791602607308
175.0 0.28179644933742914
176.0 0.21408251583971855
177.0 0.3222157965729794
178.0 0.22788328447193942
179.0 0.05956015585938706
180.0 0.2524267253937806
181.0 0.24984669067845303
182.0 0.058858866887724966
183.0 -0.010950850950802714
184.0 -0.2649598786193456
185.0 -0.36358696704771065
186.0 -0.17377528544047516
187.0 -0.013421422812706623
188.0 0.041455992538726776
189.0 0.04058949470698586
190.0 0.16868188498351108
191.0 0.11911626065016614
192.0 0.12994145239411248
193.0 0.22993023687379985
194.0 0.07890012307225619
195.0 -0.08092659197160648
196.0 -0.05625267687039659
197.0 -0.26602886903652434
198.0 -0.30154230596080406
199.0 -0.2862249280532696
200.0 -0.2588204161971025
201.0 -0.17259100571941569
202.0 -0.09527153378032073
203.0 -0.12832035150193724
204.0 -0.09389663510565965
205.0 -0.08104062506060541
206.0 -0.0027406191641323263
207.0 0.13073866511395543
208.0 0.042564610585848914
209.0 -0.15429586486186386
210.0 -0.1546911035513046
211.0 -0.29356218528932454
212.0 -0.25974689043095855
213.0 -0.017904425569305236
214.0 0.06154883346139507
215.0 0.19174602675034932
216.0 0.09733660501150057
217.0 -0.027896989118213283
218.0 -0.01512786701081531
219.0 0.07195176630180722
220.0 0.054979912924450605
221.0 0.17319284290302162
222.0 0.13650949257445436
223.0 0.1126362138617497
224.0 0.24317294699068548
225.0 0.3496470013670029
226.0 0.1455603559159115
227.0 0.12477205719362888
228.0 -0.20973669041557413
229.0 -0.22385516586294957
230.0 -0.12242917996978768
231.0 -0.02564241600665069
232.0 0.21797768662166048
233.0 0.1403461426015994
234.0 -0.1126314205767082
235.0 -0.14772114420632132
236.0 0.002524798352804253
237.0 -0.051188232999575436
238.0 0.1785316840895542
239.0 0.02244873499773893
240.0 -0.1382946808308223
241.0 -0.36295099658760915
242.0 -0.46295543466351347
243.0 -0.3049410148472706
244.0 -0.3055002105894109
245.0 0.0016144851933180132
246.0 -0.2058910232622923
247.0 -0.31593403101576767
248.0 -0.26761622728140144
249.0 -0.4601233482742003
250.0 -0.07133061717865993
251.0 -0.3403872964135444
252.0 -0.5657343759563058
253.0 -0.28802114040031146
254.0 -0.15389752934214657
255.0 0.04244583326974147
256.0 0.18956377546476866
257.0 0.056410188455542555
258.0 -0.17884994453536085
259.0 -0.1432211743038866
260.0 -0.2092267141343201
261.0 -0.36406093580950105
262.0 -0.7678203116312906
263.0 -1.0255673944191206
264.0 -0.6890856866132311
265.0 -0.5408152949282387
266.0 -0.42169252547701863
267.0 -0.16098659349038852
268.0 -0.35491499355213874
269.0 -0.7029791439873464
270.0 -0.5650922502238046
271.0 -1.0479682117626496
272.0 -1.2961854502274397
273.0 -0.6330240760152103
274.0 -0.622477377096261
275.0 -0.3039469596419425
276.0 -0.6624184455166706
277.0 -0.4554408080768104
278.0 -0.171513783994634
279.0 0.0018005377312588014
280.0 0.5264066783500759
281.0 -0.14631189320158955
282.0 -0.3082682704793209
283.0 0.4213937671890079
284.0 0.34097155947217195
285.0 0.38558811041326946
286.0 -0.026210664410810366
287.0 0.0
288.0 0.0
