6165.0 0.0
6165.3 0.0
6165.6 0.0
6165.9 0.0
6166.2 -2881.6123962402344
6166.5 -1430.492892742157
6166.8 -2653.1489753723145
6167.1 -1276.4626789093018
6167.4 -1440.0736513137817
6167.7 -917.1642379760742
6168.0 -1654.0615034103394
6168.3 -1419.4771308898926
6168.6 -851.6020188331604
6168.9 -472.23068141937256
6169.2 278.41828796081245
6169.5 307.90336905792356
6169.8 -947.8025484085083
6170.1 -124.45810255594552
6170.4 -748.4677739739418
6170.7 376.3087016940117
6171.0 -13.357295632362366
6171.3 683.5038475990295
6171.6 -138.90746186301112
6171.9 12.79293604940176
6172.2 6.535272434353828
6172.5 -675.9481730461121
6172.8 -144.46200347691774
6173.1 -282.4061448574066
6173.4 -164.0910613834858
6173.7 273.4902567267418
6174.0 -9.624307185411453
6174.3 -350.02398436609656
6174.6 -33.39785904623568
6174.9 -1093.685522414744
6175.2 -986.4752459526062
6175.5 328.47911010310054
6175.8 594.9568008184433
6176.1 103.24807652831078
6176.4 -209.57867711782455
6176.7 -218.78296837955713
6177.0 -729.4556999206543
6177.3 41.01300656516105
6177.6 -22.669599317014217
6177.9 -122.86646544188261
6178.2 426.3258547782898
6178.5 452.0753057003021
6178.8 455.7434120196849
6179.1 -134.35612389352173
6179.4 -346.7910427879542
6179.7 114.21200580894947
6180.0 1163.3692455291748
6180.3 183.00674831867218
6180.6 -389.47265815734863
6180.9 -48.091275718063116
6181.2 331.2268657684326
6181.5 201.78868095297366
6181.8 160.75345176830888
6182.1 309.6927785873413
6182.4 -112.41305815335363
6182.7 278.41814256459475
6183.0 623.9230929613113
6183.3 799.4930181503296
6183.6 511.57442597299814
6183.9 1242.7452645301819
6184.2 463.6105582267046
6184.5 1066.4161596298218
6184.8 414.6193749010563
6185.1 218.36549489945173
6185.4 710.9138203263283
6185.7 943.6638689041138
6186.0 627.1760325543582
6186.3 468.19496777653694
6186.6 710.2652350366116
6186.9 678.0925225615501
6187.2 503.146112203598
6187.5 252.41336634755135
6187.8 719.9440774917603
6188.1 563.4293739795685
6188.4 825.405339717865
6188.7 696.5534362792969
6189.0 831.1580610275269
6189.3 722.8383274078369
6189.6 811.1054463386536
6189.9 720.7612574696541
6190.2 389.89986300095916
6190.5 90.92861526086926
6190.8 488.70339873433113
6191.1 562.7416168749332
6191.4 268.7710168734193
6191.7 431.7813926935196
6192.0 462.936272919178
6192.3 438.3539460003376
6192.6 506.1831707954407
6192.9 573.4288506507874
6193.2 447.5622786283493
6193.5 527.5750921964645
6193.8 304.3437846302986
6194.1 506.72545742988586
6194.4 484.988434702158
6194.7 471.7443658709526
6195.0 573.0849804878235
6195.3 398.1608934402466
6195.6 253.31694424152374
6195.9 523.0239317417145
6196.2 512.9212682247162
6196.5 405.14409708976746
6196.8 405.04533863067627
6197.1 208.61868941783905
6197.4 381.0272802710533
6197.7 324.02627778053284
6198.0 508.2567777633667
6198.3 290.7654515504837
6198.6 438.508762806654
6198.9 603.1188052892685
6199.2 410.8513790369034
6199.5 376.5091941356659
6199.8 351.62728844583035
6200.1 385.1261057853699
6200.4 413.90786123275757
6200.7 542.8859107494354
6201.0 158.65436705201864
6201.3 214.43684276938438
6201.6 334.38543379306793
6201.9 364.00001549720764
6202.2 347.4596586227417
6202.5 577.2457249164581
6202.8 357.4027328491211
6203.1 381.65931606292725
6203.4 440.87450408935547
6203.7 359.35119250416756
6204.0 274.7592623233795
6204.3 266.44747476279736
6204.6 332.5533824414015
6204.9 343.99140107631683
6205.2 451.7802975177765
6205.5 482.49304604530334
6205.8 572.1222336292267
6206.1 553.926949262619
6206.4 367.27416920661926
6206.7 511.2186133861542
6207.0 430.52101105451584
6207.3 376.1201472878456
6207.6 166.5728691369295
6207.9 436.4915364384651
6208.2 288.3722371701151
6208.5 308.89341338630766
6208.8 435.1949520111084
6209.1 375.0017238536384
6209.4 369.7276480793953
6209.7 484.6013526916504
6210.0 388.63694882392883
6210.3 528.3226507902145
6210.6 206.80313432961702
6210.9 316.93763542175293
6211.2 175.1843031682074
6211.5 240.07228708267212
6211.8 305.96087977290154
6212.1 461.8462624549866
6212.4 456.38875794410706
6212.7 246.64335598051548
6213.0 279.56492005568
6213.3 372.66785079054534
6213.6 344.7793536186218
6213.9 409.16302490234375
6214.2 151.014673858881
6214.5 55.63420522585511
6214.8 230.63060741871595
6215.1 424.3989202976227
6215.4 259.2377355354838
6215.7 263.3045926494524
6216.0 556.6258856207132
6216.3 317.65138721466064
6216.6 163.307175219059
6216.9 222.30409040302038
6217.2 466.3503282815218
6217.5 166.1928210835904
6217.8 514.4120807647705
6218.1 385.53215140104294
6218.4 494.27895390987396
6218.7 383.8511120080948
6219.0 350.2542598247528
6219.3 268.8037967700511
6219.6 221.27487057819963
6219.9 239.2924262881279
6220.2 503.0482699871063
6220.5 608.1329226493835
6220.8 591.6683657169342
6221.1 627.9211428165436
6221.4 570.8642489910126
6221.7 426.1422498822212
6222.0 385.2048741579056
6222.3 282.2236474864185
6222.6 332.3641807734966
6222.9 296.9187829885632
6223.2 292.22389703057706
6223.5 532.3964407444
6223.8 486.5483603477478
6224.1 272.37537674140185
6224.4 456.2262853384018
6224.7 182.73321551084518
6225.0 428.54507756233215
6225.3 340.98777747154236
6225.6 230.32193845370784
6225.9 276.2370316646993
6226.2 404.0185964256525
6226.5 459.592081785202
6226.8 377.6363972425461
6227.1 213.86883875727654
6227.4 336.6103411242366
6227.7 531.0585725307465
6228.0 409.22257931157947
6228.3 143.1644782423973
6228.6 295.336732134223
6228.9 427.28286615014076
6229.2 328.65547049883753
6229.5 404.40428948402405
6229.8 414.73795787245035
6230.1 215.0536218136549
6230.4 217.9808497428894
6230.7 284.6724897623062
6231.0 387.739329457283
6231.3 495.6936823129654
6231.6 437.1241222023964
6231.9 27.386512577533722
6232.2 286.9228404164314
6232.5 377.87652646005154
6232.8 458.55164098739624
6233.1 299.0315819680691
6233.4 410.5321069434285
6233.7 571.9009014368057
6234.0 650.2238199710846
6234.3 506.0503550171852
6234.6 464.4681375026703
6234.9 848.5843152999878
6235.2 591.0101306438446
6235.5 679.9415135383606
6235.8 704.8829429149628
6236.1 592.4057660102844
6236.4 400.7473330744542
6236.7 434.6750512570143
6237.0 514.7395889759064
6237.3 372.644323868677
6237.6 99.31931091845036
6237.9 428.749121427536
6238.2 407.63456070423126
6238.5 232.0568408370018
6238.8 312.32021617889404
6239.1 330.1293243765831
6239.4 172.71561010926962
6239.7 319.0648919045925
6240.0 507.349543094635
6240.3 254.6650728583336
6240.6 467.09378695487976
6240.9 431.20076608657837
6241.2 453.5310214161873
6241.5 459.10591542720795
6241.8 120.46592970890924
6242.1 339.7050141096115
6242.4 586.0593662261963
6242.7 264.13774196617305
6243.0 396.4809720516205
6243.3 419.80412232875824
6243.6 372.74258902668953
6243.9 320.1091146469116
6244.2 387.46880131959915
6244.5 285.4838343858719
6244.8 185.566368162632
6245.1 336.3580648303032
6245.4 249.1041385754943
6245.7 287.068460971117
6246.0 294.33472828939557
6246.3 386.27554047107697
6246.6 390.3599445819855
6246.9 309.11172091960907
6247.2 194.40763342380524
6247.5 294.8192610461265
6247.8 452.62885868549347
6248.1 365.76766883581877
6248.4 354.9820781350136
6248.7 341.2151976823807
6249.0 325.3829987067729
6249.3 407.4361455440521
6249.6 459.46651780605316
6249.9 295.1684403717518
6250.2 413.8466102331877
6250.5 360.0205253958702
6250.8 237.3219481855631
6251.1 369.80501451855525
6251.4 303.5381206870079
6251.7 224.94073927775025
6252.0 211.76694253087044
6252.3 329.389427036047
6252.6 259.30727588012815
6252.9 166.43767029047012
6253.2 330.32500648498535
6253.5 319.07154393196106
6253.8 336.01147409155965
6254.1 377.4443972706795
6254.4 259.7540066316724
6254.7 441.115097284317
6255.0 518.5337750911713
6255.3 282.3324640635401
6255.6 539.1565566062927
6255.9 321.38823157548904
6256.2 226.9473401606083
6256.5 498.5083303451538
6256.8 629.5130385160446
6257.1 375.7567693889141
6257.4 659.9377498626709
6257.7 772.4750905036926
6258.0 448.3677171468735
6258.3 669.6645946502686
6258.6 667.2465469837189
6258.9 479.62090277671814
6259.2 480.639236330986
6259.5 416.9795138835907
6259.8 282.4562909603119
6260.1 266.7632535099983
6260.4 312.70115395635366
6260.7 356.5920814871788
6261.0 287.00241600256413
6261.3 196.85762333124876
6261.6 418.4765135794878
6261.9 422.0503959879279
6262.2 420.9178224429488
6262.5 486.4266473054886
6262.8 284.49075680971146
6263.1 477.6285842061043
6263.4 305.7225910257548
6263.7 119.05938085913658
6264.0 472.9309620857239
6264.3 481.2354967594147
6264.6 309.75870072841644
6264.9 509.47603368759155
6265.2 366.61009999364614
6265.5 437.5368314385414
6265.8 494.10432744026184
6266.1 209.75531173497438
6266.4 311.19150085002184
6266.7 149.12016096012667
6267.0 232.07195054739714
6267.3 431.2731856107712
6267.6 310.4140162395779
6267.9 393.286061283201
6268.2 321.26672184467316
6268.5 393.7527849674225
6268.8 462.8466111421585
6269.1 265.08219081163406
6269.4 254.8367835683748
6269.7 377.5605708360672
6270.0 421.6780506968498
6270.3 236.229596555233
6270.6 235.39262925670482
6270.9 223.88931493088603
6271.2 189.84738728404045
6271.5 311.9723553657532
6271.8 268.4704430103302
6272.1 331.62261048704386
6272.4 198.5856170190964
6272.7 335.0119284801185
6273.0 298.3382611274719
6273.3 155.36249166168272
6273.6 252.88982665538788
6273.9 200.79052344709635
6274.2 179.85566499084234
6274.5 376.2097146511078
6274.8 259.99761006981134
6275.1 191.16767794638872
6275.4 307.9267203696072
6275.7 506.7511497735977
6276.0 362.4907439649105
6276.3 307.37128257751465
6276.6 84.73424034938216
6276.9 356.73487554490566
6277.2 318.61668168753386
6277.5 204.038573872298
6277.8 408.22287023067474
6278.1 152.60512363910675
6278.4 288.7358282804489
6278.7 154.87985302694142
6279.0 341.29111409187317
6279.3 353.10473200678825
6279.6 252.2299278471619
6279.9 150.26735666394234
6280.2 345.7067111842334
6280.5 387.26339304074645
6280.8 350.5000041797757
6281.1 315.7960407920182
6281.4 299.40443110466003
6281.7 96.2739307358861
6282.0 317.61523562669754
6282.3 291.22431683540344
6282.6 202.49716729298234
6282.9 233.96768484264612
6283.2 267.46544019691646
6283.5 226.9445750117302
6283.8 355.04703989624977
6284.1 314.1499816775322
6284.4 119.94252556469291
6284.7 234.1002921834588
6285.0 177.99562686728314
6285.3 264.57051396369934
6285.6 204.7655611038208
6285.9 409.32932209968567
6286.2 566.7407281622291
6286.5 629.8053015246987
6286.8 556.0186500549316
6287.1 558.3672127723694
6287.4 423.508603900671
6287.7 209.9788584113121
6288.0 347.144254848361
6288.3 328.7758262678981
6288.6 348.9889512062073
6288.9 309.6020128726959
6289.2 321.6085278093815
6289.5 333.3167370557785
6289.8 280.2714025378227
6290.1 142.95873725274578
6290.4 129.92018468677998
6290.7 65.82574776187539
6291.0 115.72567067667842
6291.3 360.0948623167351
6291.6 407.9902694225311
6291.9 186.54753610491753
6292.2 324.19772513210773
6292.5 364.7016965635121
6292.8 169.44928858987987
6293.1 252.0077497959137
6293.4 166.06142292218283
6293.7 272.0970543809235
6294.0 266.2248265519738
6294.3 129.72108435072005
6294.6 127.01850145496428
6294.9 245.0239897472784
6295.2 327.0951782464981
6295.5 199.55563129112124
6295.8 313.3956232480705
6296.1 423.3467223420739
6296.4 276.13273175805807
6296.7 63.268050427461276
6297.0 186.6242197577376
6297.3 457.89322382211685
6297.6 314.4341712221503
6297.9 67.4379824642092
6298.2 504.3097820430994
6298.5 -353.4022173881531
6298.8 1943.9494819641113
6299.1 5251.854961395264
6299.4 -467.1975843384862
6299.7 3418.2333533763885
6300.0 9993.584232330322
6300.3 3778.2585525512695
6300.6 616.1897011995316
6300.9 3389.4093704223633
6301.2 1128.30925655365
6301.5 387.7113534733653
6301.8 366.65127390250564
6302.1 277.8341254889965
6302.4 245.5829009898007
6302.7 295.08231108263135
6303.0 196.00759914144874
6303.3 346.1359919309616
6303.6 329.01588916778564
6303.9 352.36945509910583
6304.2 177.2015383169055
6304.5 460.56867084652185
6304.8 545.6228561401367
6305.1 484.48278403282166
6305.4 368.2654439806938
6305.7 511.603054523468
6306.0 296.5835247039795
6306.3 635.9717608690262
6306.6 768.7600708007812
6306.9 370.2393212020397
6307.2 127.24234133586287
6307.5 338.3053138256073
6307.8 147.20807961001992
6308.1 93.36300972627942
6308.4 329.57866117730737
6308.7 160.48233094625175
6309.0 145.0085311215371
6309.3 325.575231552124
6309.6 397.81475734710693
6309.9 348.2120304107666
6310.2 405.63206698093563
6310.5 126.65029775700532
6310.8 119.79759487137198
6311.1 333.60589318722486
6311.4 291.78744818270206
6311.7 320.8796170502901
6312.0 194.46856781840324
6312.3 39.11799323745072
6312.6 309.74344482272863
6312.9 340.9081305861473
6313.2 266.31582003831863
6313.5 236.905294444412
6313.8 428.88560128211975
6314.1 228.8768708705902
6314.4 187.41741493344307
6314.7 272.8771403823048
6315.0 50.505191788077354
6315.3 224.94118333607912
6315.6 209.215734237805
6315.9 413.68944227695465
6316.2 255.33135569095612
6316.5 9.65628358349204
6316.8 186.72265953943133
6317.1 339.43149399757385
6317.4 316.57074639201164
6317.7 414.10993707180023
6318.0 326.44380693137646
6318.3 263.055189371109
6318.6 421.1763322353363
6318.9 216.26969772577286
6319.2 295.5811802148819
6319.5 213.0354248364456
6319.8 388.11701560020447
6320.1 373.8540567755699
6320.4 388.6821618080139
6320.7 138.667945153662
6321.0 254.79595114290714
6321.3 366.3554835617542
6321.6 436.8743885755539
6321.9 222.0319011984393
6322.2 49.878424803959206
6322.5 228.40075797587633
6322.8 183.32430220069364
6323.1 270.94371198117733
6323.4 222.09455832000822
6323.7 222.5167996007949
6324.0 41.363642369396985
6324.3 217.5881132259965
6324.6 229.93195601552725
6324.9 224.6775190755725
6325.2 182.70670061931014
6325.5 390.70767795294523
6325.8 437.00582081079483
6326.1 323.22178475465626
6326.4 383.6437997817993
6326.7 123.00678796321154
6327.0 284.5013479553163
6327.3 444.7150308191776
6327.6 46.00668857432902
6327.9 402.8093524053693
6328.2 276.6044040694833
6328.5 334.6312290430069
6328.8 558.6343239545822
6329.1 272.49563387804665
6329.4 741.1210823059082
6329.7 652.1011548042297
6330.0 471.78656482696533
6330.3 327.43250918388367
6330.6 387.58097597397864
6330.9 386.72696259617805
6331.2 108.82141752168536
6331.5 236.52874860167503
6331.8 244.6966893672943
6332.1 260.12591972760856
6332.4 251.697478428483
6332.7 281.8979581259191
6333.0 255.08746088296175
6333.3 201.3189560850151
6333.6 396.12864780426025
6333.9 187.5550837838091
6334.2 226.3082296475768
6334.5 293.3254976682365
6334.8 444.0212105512619
6335.1 327.1885898709297
6335.4 188.03548424318433
6335.7 343.1258776783943
6336.0 275.65148198604584
6336.3 337.03085428476334
6336.6 305.4922581911087
6336.9 276.78808426856995
6337.2 209.36300039291382
6337.5 200.4505219757557
6337.8 240.01931461691856
6338.1 277.30230931192636
6338.4 400.82809340953827
6338.7 173.76390532404184
6339.0 229.24321334064007
6339.3 112.89965295046568
6339.6 155.7853181809187
6339.9 228.86975459381938
6340.2 162.79857994616032
6340.5 187.7861926779151
6340.8 190.9081769734621
6341.1 88.7533730790019
6341.4 39.82885297201574
6341.7 373.80168402194977
6342.0 233.48535940796137
6342.3 207.45737507846206
6342.6 232.20457724574953
6342.9 238.0937561392784
6343.2 190.48773755133152
6343.5 279.16171949356794
6343.8 246.13787434250116
6344.1 253.55552672594786
6344.4 147.82866150140762
6344.7 316.0104485154152
6345.0 350.8422668501735
6345.3 340.3244843482971
6345.6 279.77749985456467
6345.9 146.64650551229715
6346.2 275.6780128777027
6346.5 330.403076085262
6346.8 190.62249089032412
6347.1 242.16306200437248
6347.4 221.3646796811372
6347.7 98.0887513551861
6348.0 270.02979207003955
6348.3 353.8016949892044
6348.6 224.8404912352562
6348.9 249.16789478063583
6349.2 383.02267467975616
6349.5 329.4207619354129
6349.8 176.93787088245153
6350.1 208.53186893463135
6350.4 208.57941764194402
6350.7 297.7087633218616
6351.0 162.22921144030988
6351.3 160.8955166861415
6351.6 185.93346118927002
6351.9 187.16070057451725
6352.2 428.15645295381546
6352.5 275.15662509202957
6352.8 251.04513013362885
6353.1 138.46168684586883
6353.4 259.6742446832359
6353.7 167.56383057683706
6354.0 275.27575701475143
6354.3 125.2031545555219
6354.6 228.06655215099454
6354.9 326.1821732111275
6355.2 311.66436907532625
6355.5 335.31535267829895
6355.8 559.4301400184631
6356.1 507.9491848349571
6356.4 487.82643572613597
6356.7 415.1507112979889
6357.0 450.3776556029916
6357.3 396.44039356708527
6357.6 342.2088577747345
6357.9 376.1554226875305
6358.2 197.16654974780977
6358.5 199.7468227893114
6358.8 415.20751270093024
6359.1 256.21534822136164
6359.4 233.68973016738892
6359.7 145.20625996217132
6360.0 137.64551687799394
6360.3 214.3234722558409
6360.6 288.8772241473198
6360.9 151.35280917445198
6361.2 104.37615193799138
6361.5 247.46585023403168
6361.8 443.230168864131
6362.1 145.6638206783682
6362.4 1280.762698173523
6362.7 1055.942215204239
6363.0 236.28315749391913
6363.3 2028.3493378162384
6363.6 1838.6915760040283
6363.9 165.6027259081602
6364.2 903.5864405632019
6364.5 768.6953482627869
6364.8 385.8683969415724
6365.1 331.47303515672684
6365.4 14.584656149148941
6365.7 240.67221063375473
6366.0 381.47567486763
6366.3 196.28867471963167
6366.6 388.39205737644807
6366.9 375.69678818434477
6367.2 235.38756616413593
6367.5 178.80501261167228
6367.8 187.32957873493433
6368.1 245.8207801580429
6368.4 138.80954619683325
6368.7 222.26355926133692
6369.0 259.9468877837062
6369.3 229.40348693728447
6369.6 151.81344063207507
6369.9 276.5476938863285
6370.2 285.8110734676011
6370.5 270.3469224786386
6370.8 176.96193757560104
6371.1 315.769538462162
6371.4 120.80041681288276
6371.7 25.875975992530584
6372.0 281.2247466892004
6372.3 400.3078577294946
6372.6 245.08347508870065
6372.9 297.0065480172634
6373.2 252.16775691509247
6373.5 51.713163275271654
6373.8 272.5736993253231
6374.1 190.19773418083787
6374.4 302.3289248943329
6374.7 228.76864072680473
6375.0 320.1306803524494
6375.3 197.2299251696095
6375.6 360.3836131095886
6375.9 162.7759027183056
6376.2 66.96183605212718
6376.5 208.90139836072922
6376.8 335.1624693274498
6377.1 278.5770787149668
6377.4 260.3765517929569
6377.7 243.15714266186114
6378.0 335.142205205746
6378.3 305.61728037148714
6378.6 256.4979050755501
6378.9 294.8702002465725
6379.2 274.49000806733966
6379.5 17.03650715574622
6379.8 262.27339589595795
6380.1 269.28920099977404
6380.4 251.41281838342547
6380.7 253.68929284159094
6381.0 191.00237442412617
6381.3 152.33881602808833
6381.6 175.05268838629127
6381.9 64.0894703026861
6382.2 259.1247547864914
6382.5 203.5168108344078
6382.8 114.05444402247667
6383.1 388.76825827360153
6383.4 253.9802845939994
6383.7 234.20890641957521
6384.0 120.07316121598706
6384.3 51.528729937039316
6384.6 -36.46607161965221
6384.9 97.82798917591572
6385.2 261.7502864319831
6385.5 264.90326987951994
6385.8 316.3278476949781
6386.1 271.99495350010693
6386.4 312.1160337924957
6386.7 195.5625104494393
6387.0 46.86332677048631
6387.3 301.1939602717757
6387.6 246.1306193470955
6387.9 14.974025756120682
6388.2 275.11041260138154
6388.5 190.84726205468178
6388.8 242.61825974471867
6389.1 202.96593617158942
6389.4 335.6396119594574
6389.7 128.08044436341152
6390.0 129.27232869714499
6390.3 249.31369055062532
6390.6 257.6824779212475
6390.9 323.64061295986176
6391.2 265.27918043732643
6391.5 244.5006537437439
6391.8 363.3807775378227
6392.1 298.30324967205524
6392.4 279.0365423411131
6392.7 276.28035674244165
6393.0 192.94628447294235
6393.3 316.6750557422638
6393.6 309.7983312578872
6393.9 236.8039552764967
6394.2 192.1505360752344
6394.5 120.99828295223415
6394.8 181.96543068252504
6395.1 363.20489083230495
6395.4 152.79112470708787
6395.7 242.59105117991567
6396.0 246.1910617686808
6396.3 201.78767777979374
6396.6 290.30892992019653
6396.9 10.867304792627692
6397.2 254.55970595031977
6397.5 242.5244503840804
6397.8 -27.155190460383892
6398.1 58.04859125427902
6398.4 394.65520280599594
6398.7 138.86202723532915
6399.0 193.1997582167387
6399.3 345.408187545836
6399.6 292.12285443395376
6399.9 147.72509157285094
6400.2 149.0192610612139
6400.5 3.609551732428372
6400.8 95.08179340744391
6401.1 165.55701741669327
6401.4 143.5736472196877
6401.7 251.6086032912135
6402.0 192.90437596291304
6402.3 164.26708332123235
6402.6 252.33723587542772
6402.9 311.5426039658487
6403.2 159.07179161906242
6403.5 280.60639824718237
6403.8 113.75346698332578
6404.1 109.68791913241148
6404.4 187.22964516282082
6404.7 156.93656700849533
6405.0 209.8681511208415
6405.3 225.58584344387054
6405.6 236.36772894859314
6405.9 225.26205739192665
6406.2 308.83578991889954
6406.5 195.36771816015244
6406.8 231.11337036639452
6407.1 193.14354484155774
6407.4 196.1119623631239
6407.7 282.88180573284626
6408.0 -46.650239810114726
6408.3 135.79921326600015
6408.6 326.9126327037811
6408.9 131.08385891467333
6409.2 251.71941035985947
6409.5 271.6999922692776
6409.8 126.01175379846245
6410.1 55.6121317059733
6410.4 46.725576093420386
6410.7 169.13026481866837
6411.0 185.3188017271459
6411.3 151.88181114941835
6411.6 110.8618738912046
6411.9 238.58276610448956
6412.2 123.36685534466233
6412.5 186.9537497460842
6412.8 307.1185717927292
6413.1 315.12619864940643
6413.4 323.3300756216049
6413.7 161.64395611733198
6414.0 44.52370447665453
6414.3 292.32898077741265
6414.6 163.5548906251788
6414.9 143.1056611686945
6415.2 183.31557685136795
6415.5 136.63729294901714
6415.8 282.96802657842636
6416.1 319.1503233164549
6416.4 219.99961210787296
6416.7 149.78892961284146
6417.0 104.68843156192452
6417.3 148.56820272747427
6417.6 185.74799166619778
6417.9 -0.8874586224555969
6418.2 244.005790643394
6418.5 217.35464041307569
6418.8 375.8531805276871
6419.1 305.8881278913468
6419.4 159.9737946987152
6419.7 137.4083496555686
6420.0 177.24373824708164
6420.3 224.52146047353745
6420.6 200.4752734687645
6420.9 260.61427402469053
6421.2 163.60429202765226
6421.5 258.46897852420807
6421.8 230.91102529224008
6422.1 223.81304354500026
6422.4 232.14997252076864
6422.7 119.75315637513995
6423.0 133.97369254380465
6423.3 40.09624782577157
6423.6 123.70992217119783
6423.9 365.4299866557121
6424.2 338.37905600853264
6424.5 290.0870965383947
6424.8 90.21365656098351
6425.1 89.21753127034754
6425.4 -44.099129343405366
6425.7 88.4217529129237
6426.0 38.71754187718034
6426.3 156.37853348255157
6426.6 -1.6941853631287813
6426.9 188.03377509844722
6427.2 410.568382114172
6427.5 12.47515319287777
6427.8 182.53138298168778
6428.1 178.48939667642117
6428.4 154.3296435587108
6428.7 311.669140458107
6429.0 357.05110371112823
6429.3 152.6741344667971
6429.6 227.72397207468748
6429.9 218.93566244095564
6430.2 151.44883185182698
6430.5 44.45141753181815
6430.8 165.0311594940722
6431.1 172.71165394037962
6431.4 215.7076930180192
6431.7 215.34801033325493
6432.0 29.57514375494793
6432.3 243.82994871260598
6432.6 215.58739775419235
6432.9 153.0816017203033
6433.2 282.71855087578297
6433.5 294.3595285564661
6433.8 126.56066798977554
6434.1 250.1123137921095
6434.4 248.6603203220293
6434.7 121.12889291346073
6435.0 120.42829943168908
6435.3 123.84115263074636
6435.6 222.18860095739365
6435.9 134.85683945193887
6436.2 127.01040592603385
6436.5 129.66657593473792
6436.8 226.07458879984915
6437.1 226.32654243707657
6437.4 192.1166156977415
6437.7 277.39919340610504
6438.0 143.04220309853554
6438.3 43.15730468649417
6438.6 121.48124695941806
6438.9 212.78798127174377
6439.2 96.30596364382654
6439.5 197.7601609826088
6439.8 311.0943953990936
6440.1 270.7080083489418
6440.4 158.48584248381667
6440.7 202.17932230606675
6441.0 124.40593948354945
6441.3 57.30485811486142
6441.6 224.19438515324146
6441.9 148.850990943145
6442.2 67.90884321555495
6442.5 43.01054445374757
6442.8 94.17946899589151
6443.1 -7.594637801870704
6443.4 166.01333607640117
6443.7 87.81947712227702
6444.0 114.72567360848188
6444.3 160.76982466503978
6444.6 80.93793535418808
6444.9 47.89297713665292
6445.2 238.6278467029333
6445.5 192.28533717989922
6445.8 137.29821703769267
6446.1 333.69559347629547
6446.4 144.706924572587
6446.7 429.4584072828293
6447.0 290.9236364364624
6447.3 124.449552340433
6447.6 54.30625282647088
6447.9 84.93977651000023
6448.2 139.34677728265524
6448.5 199.89771168120205
6448.8 248.4604870006442
6449.1 342.5849196910858
6449.4 222.47016986901872
6449.7 117.49447391089052
6450.0 325.02336809039116
6450.3 203.28938919864595
6450.6 172.16964819375426
6450.9 88.480897763744
6451.2 -9.791500088991597
6451.5 67.04764068033546
6451.8 187.77830939926207
6452.1 139.26766717006103
6452.4 68.47810944914818
6452.7 312.35503709316254
6453.0 149.19888057745993
6453.3 288.9009828567505
6453.6 220.241977292113
6453.9 109.3159798476845
6454.2 2.3820977356808726
6454.5 198.45374035090208
6454.8 220.71476519852877
6455.1 164.7823975298088
6455.4 158.48710004240274
6455.7 143.47701339423656
6456.0 224.63488300773315
6456.3 244.1532322280109
6456.6 169.92965012602508
6456.9 13.101640459150076
6457.2 84.44917826435994
6457.5 166.35725513473153
6457.8 190.54751405119896
6458.1 178.67029302194715
6458.4 336.0360498428345
6458.7 216.0929588236104
6459.0 246.8112139031291
6459.3 327.3922155722976
6459.6 116.42683445103467
6459.9 81.83791248500347
6460.2 304.73658442124724
6460.5 219.71304251626134
6460.8 212.31599481916055
6461.1 150.5341261541471
6461.4 55.3669509049505
6461.7 214.80454697739333
6462.0 197.0491266399622
6462.3 173.17934156954288
6462.6 209.95203275047243
6462.9 300.85232458263636
6463.2 169.35433606617153
6463.5 255.67743596434593
6463.8 74.99221481289715
6464.1 85.2579641547054
6464.4 108.46659164782614
6464.7 34.85869048722088
6465.0 160.8469393271953
6465.3 251.86056308448315
6465.6 360.1909795701504
6465.9 98.84524803282693
6466.2 161.18664720654488
6466.5 214.88065263116732
6466.8 228.5310245063156
6467.1 192.37111036665738
6467.4 23.63594365119934
6467.7 80.240024138242
6468.0 118.50209275633097
6468.3 119.18456619977951
6468.6 70.56032948195934
6468.9 157.6888147657737
6469.2 -129.57338667660952
6469.5 176.49284985102713
6469.8 161.12685903417878
6470.1 38.297787559218705
6470.4 199.33209346234798
6470.7 62.09290934726596
6471.0 -116.39039065875113
6471.3 45.23722024075687
6471.6 189.93228209763765
6471.9 167.26271164417267
6472.2 60.89722278341651
6472.5 26.7895738016814
6472.8 68.9295247644186
6473.1 134.89398018084466
6473.4 122.95233114622533
6473.7 16.70547616109252
6474.0 202.06607439159416
6474.3 23.125742375850677
6474.6 13.841494353488088
6474.9 308.2615149766207
6475.2 138.93881738558412
6475.5 135.5524263160769
6475.8 229.86231769714504
6476.1 142.14048055000603
6476.4 1.4725415611173958
6476.7 255.2643802165985
6477.0 120.16106608510017
6477.3 166.7413080446422
6477.6 358.75770175457
6477.9 265.5177624039352
6478.2 241.3024070020765
6478.5 78.5099460221827
6478.8 277.2502261251211
6479.1 44.49906796403229
6479.4 -61.91432797536254
6479.7 66.70192888379097
6480.0 101.51777492649853
6480.3 76.44129453320056
6480.6 281.8644597772509
6480.9 213.28432315634564
6481.2 132.94727206602693
6481.5 254.83074698597193
6481.8 290.4722349792719
6482.1 121.98024638742208
6482.4 79.76561297103763
6482.7 348.62486135959625
6483.0 302.4400713443756
6483.3 208.6439648028463
6483.6 140.38270440744236
6483.9 171.698163241148
6484.2 202.03237894922495
6484.5 177.430375918746
6484.8 306.15694170072675
6485.1 81.85880399029702
6485.4 93.21998910605907
6485.7 107.02358097210526
6486.0 19.87420730199665
6486.3 161.04339256882668
6486.6 164.40336295217276
6486.9 33.9851403683424
6487.2 84.79165117070079
6487.5 156.95094430074096
6487.8 156.09745758771896
6488.1 -23.15663320198655
6488.4 221.87156399525702
6488.7 148.36120191588998
6489.0 124.27757581323385
6489.3 176.03592482209206
6489.6 229.23959751799703
6489.9 262.13931834697723
6490.2 229.11532963998616
6490.5 234.60084688663483
6490.8 183.3159425938502
6491.1 220.6369446106255
6491.4 136.34124230220914
6491.7 297.6818722486496
6492.0 127.73459098068997
6492.3 231.80445928312838
6492.6 322.79443057533354
6492.9 140.96428146585822
6493.2 187.1694362461567
6493.5 197.04756282269955
6493.8 129.17273795232177
6494.1 203.4366128332913
6494.4 121.12281934171915
6494.7 146.30196111649275
6495.0 170.5287556508556
6495.3 172.60126499086618
6495.6 76.28864818066359
6495.9 108.77205865830183
6496.2 94.86384293437004
6496.5 143.4002074408345
6496.8 267.24156311899424
6497.1 342.5799567103386
6497.4 441.07283467054367
6497.7 -110.67683549411595
6498.0 343.93568551540375
6498.3 371.8428807258606
6498.6 -95.70643440261483
6498.9 -94.8917823843658
6499.2 385.6318572051823
6499.5 58.99592070840299
6499.8 251.02747869491577
6500.1 245.90340037830174
6500.4 216.0976388528943
6500.7 143.4951352775097
6501.0 120.16830016579479
6501.3 48.314139891415834
6501.6 153.50525288376957
6501.9 70.1877281581983
6502.2 70.2668776055798
6502.5 149.69694459345192
6502.8 30.77013849298237
6503.1 -15.777528359321877
6503.4 187.39044867828488
6503.7 266.49427396059036
6504.0 51.98725624755025
6504.3 228.23649418354034
6504.6 292.721252489835
6504.9 -39.19095912016928
6505.2 76.8174083456397
6505.5 112.86419424216729
6505.8 167.19430296868086
6506.1 325.24095137417316
6506.4 249.8893759250641
6506.7 9.42170577251818
6507.0 -75.23901005834341
6507.3 67.2842588480562
6507.6 113.15869271755219
6507.9 101.3355418080464
6508.2 80.48088955134153
6508.5 241.62939797341824
6508.8 261.614228637889
6509.1 153.72420905379113
6509.4 186.3906077966094
6509.7 139.0161543302238
6510.0 7.260698594618589
6510.3 99.12591408751905
6510.6 249.97767235338688
6510.9 156.44192038103938
6511.2 128.02408615872264
6511.5 12.493313882499933
6511.8 107.87762148398906
6512.1 78.90305722504854
6512.4 145.3926216312684
6512.7 -86.03392550256103
6513.0 147.73736325092614
6513.3 13.99486705288291
6513.6 104.44109478965402
6513.9 254.13883156701922
6514.2 134.59687624499202
6514.5 107.99251455627382
6514.8 8.48797019943595
6515.1 44.040228605270386
6515.4 110.02096271933988
6515.7 40.37404263135977
6516.0 -41.06779007986188
6516.3 129.32231125608087
6516.6 252.81805515289307
6516.9 272.0936814546585
6517.2 196.01502132136375
6517.5 95.59976970870048
6517.8 129.16923087928444
6518.1 112.80028770677745
6518.4 -86.33805506676435
6518.7 58.307183586061
6519.0 224.25793727859855
6519.3 75.16314038261771
6519.6 17.159231110475957
6519.9 217.80100852251053
6520.2 181.41905774385668
6520.5 4.909288052469492
6520.8 129.5007223263383
6521.1 127.49056383408606
6521.4 30.413701809942722
6521.7 20.422367304563522
6522.0 285.596166446805
6522.3 130.16261165216565
6522.6 33.4903259575367
6522.9 83.668878643075
6523.2 151.23435392417014
6523.5 167.04633310064673
6523.8 109.39327962882817
6524.1 178.89480470120907
6524.4 88.03447823226452
6524.7 272.35943957825657
6525.0 165.9327277727425
6525.3 93.64461175352335
6525.6 146.49873840250075
6525.9 182.4207140095532
6526.2 61.866270430386066
6526.5 110.76691843755543
6526.8 134.73231502622366
6527.1 36.648576809093356
6527.4 175.9507996160537
6527.7 -4.318736836314201
6528.0 107.573381787166
6528.3 113.94671129435301
6528.6 159.31487688887864
6528.9 71.80942259728909
6529.2 120.23635337874293
6529.5 -33.09342873096466
6529.8 128.20765048731118
6530.1 146.79090739041567
6530.4 227.36576506355777
6530.7 135.85976178571582
6531.0 51.10250131855719
6531.3 -104.92533712089062
6531.6 21.096528843045235
6531.9 190.74209979362786
6532.2 88.36961495131254
6532.5 370.43995970487595
6532.8 17.424558090046048
6533.1 -41.75917270081118
6533.4 199.8441532999277
6533.7 137.19037017412484
6534.0 99.66819371655583
6534.3 291.28833705186844
6534.6 118.62379914522171
6534.9 70.7569350595586
6535.2 80.8950553201139
6535.5 4.276084914803505
6535.8 74.01596966385841
6536.1 21.23372127453331
6536.4 175.36992594599724
6536.7 225.01555117592216
6537.0 130.45556902419776
6537.3 227.64705868065357
6537.6 230.35693375067785
6537.9 21.05725186318159
6538.2 52.78886637464166
6538.5 147.0332851326093
6538.8 57.01332512497902
6539.1 192.22433112934232
6539.4 121.98176690936089
6539.7 188.39749015122652
6540.0 30.650155146664474
6540.3 -90.72496424615383
6540.6 87.92202470893972
6540.9 205.79647864308208
6541.2 -9.260011645033956
6541.5 81.53401862084866
6541.8 105.00884858518839
6542.1 129.426621443592
6542.4 197.880784207955
6542.7 179.09235800802708
6543.0 129.4565925374627
6543.3 130.93432539328933
6543.6 125.70580699061975
6543.9 135.89254587888718
6544.2 49.030777293257415
6544.5 250.69361272454262
6544.8 159.988314836286
6545.1 129.52658353932202
6545.4 -5.15759550081566
6545.7 25.653803322464228
6546.0 115.75378997810185
6546.3 274.20699643343687
6546.6 252.1144921090454
6546.9 211.69619213789701
6547.2 127.6123644914478
6547.5 90.08816063031554
6547.8 70.08947570994496
6548.1 71.03977828100324
6548.4 133.88604017347097
6548.7 1.4259415944106877
6549.0 128.47767415642738
6549.3 43.349148330278695
6549.6 92.68906988482922
6549.9 67.03077548369765
6550.2 -16.88595598191023
6550.5 144.74928641691804
6550.8 109.93844761699438
6551.1 -64.36731234379113
6551.4 111.98535586614162
6551.7 19.411069568246603
6552.0 90.37990942597389
6552.3 112.22223266307265
6552.6 -46.178025517612696
6552.9 288.6687219142914
6553.2 196.58511566743255
6553.5 -31.526723376009613
6553.8 154.91183713823557
6554.1 261.57684840261936
6554.4 136.0988645888865
6554.7 277.29210222512484
6555.0 95.16460346244276
6555.3 254.75277038197964
6555.6 252.73051742697135
6555.9 119.8659878373146
6556.2 184.7035088017583
6556.5 -7.004756566137075
6556.8 -17.177344346884638
6557.1 175.25307577010244
6557.4 152.17623415985145
6557.7 71.18119920790195
6558.0 137.9838948789984
6558.3 35.686942702159286
6558.6 217.5038029514253
6558.9 221.41210519894958
6559.2 231.57739541307092
6559.5 86.44015890732408
6559.8 114.03259300626814
6560.1 85.31391082704067
6560.4 263.3158055432141
6560.7 11.509981740266085
6561.0 181.2399686127901
6561.3 139.09871854027733
6561.6 -83.65202977880836
6561.9 -18.288317704573274
6562.2 384.50531220436096
6562.5 -90.19652200490236
6562.8 -146.63349804002792
6563.1 248.92197334766388
6563.4 120.2420805208385
6563.7 54.441568702459335
6564.0 164.03229245729744
6564.3 57.84360072191339
6564.6 56.0868899486959
6564.9 87.3254546225071
6565.2 -23.68087174370885
6565.5 61.99877673573792
6565.8 71.15439243183937
6566.1 6.180494108702987
6566.4 33.17942215464427
6566.7 153.1474750987545
6567.0 253.00366750359535
6567.3 34.04524518083781
6567.6 -62.194469201844186
6567.9 62.26016855239868
6568.2 -67.0418617092073
6568.5 83.9489465188235
6568.8 25.927298115566373
6569.1 158.93500077724457
6569.4 216.7421855032444
6569.7 183.66818940266967
6570.0 224.36395462136716
6570.3 172.53737449645996
6570.6 -1.0908534564077854
6570.9 76.49603371229023
6571.2 42.15714564174414
6571.5 70.86095245368779
6571.8 64.08112622681074
6572.1 8.67214072495699
6572.4 -8.37185986340046
6572.7 222.86848511360586
6573.0 100.9637281857431
6573.3 90.51342020183802
6573.6 103.18374507222325
6573.9 102.09178409166634
6574.2 111.47256107628345
6574.5 -39.411903887055814
6574.8 -4.328009083867073
6575.1 -12.925580270588398
6575.4 -104.45231603085995
6575.7 -56.41621152497828
6576.0 -62.282939478755
6576.3 -235.88419360667467
6576.6 131.77030769456178
6576.9 315.26084746420383
6577.2 -263.83962047100067
6577.5 -82.6798229701817
6577.8 208.12028992176056
6578.1 15.555259071290493
6578.4 191.8479276895523
6578.7 139.13835199177265
6579.0 -79.41125915944576
6579.3 32.65343423932791
6579.6 211.20214534993283
6579.9 128.9692293331027
6580.2 101.69022301211953
6580.5 218.35386577621102
6580.8 180.03198802284896
6581.1 213.95261168526486
6581.4 27.696511310059577
6581.7 66.35128208436072
6582.0 97.16416628658772
6582.3 26.283569488674402
6582.6 56.92005196865648
6582.9 258.2879137098789
6583.2 -11.325836203061044
6583.5 96.32747674919665
6583.8 11.762627355754375
6584.1 13.411650490015745
6584.4 206.6978724822402
6584.7 173.07939613610506
6585.0 181.93830141797662
6585.3 183.99677181243896
6585.6 143.93216497078538
6585.9 323.82320296764374
6586.2 209.72408889234066
6586.5 166.30263475328684
6586.8 132.03372368589044
6587.1 -68.79844901245087
6587.4 100.5477932812646
6587.7 104.84813805762678
6588.0 162.38563690334558
6588.3 255.00389725365676
6588.6 113.04343417100608
6588.9 127.51683045364916
6589.2 131.98641622066498
6589.5 179.73476351215504
6589.8 177.11762918159366
6590.1 -56.77278849482536
6590.4 213.8121604025364
6590.7 97.76848862320185
6591.0 56.24351520091295
6591.3 -24.561721174628474
6591.6 140.97676102258265
6591.9 160.13888275902718
6592.2 182.85391392558813
6592.5 36.67342999763787
6592.8 74.98199811577797
6593.1 132.56688244082034
6593.4 40.38644678145647
6593.7 139.83999635465443
6594.0 94.54259584657848
6594.3 197.7454569786787
6594.6 93.33191860932857
6594.9 219.95987422205508
6595.2 180.8840725477785
6595.5 72.9543855637312
6595.8 131.11097897030413
6596.1 318.52812257409096
6596.4 -50.227865603752434
6596.7 23.77373981848359
6597.0 -16.648577937856317
6597.3 101.96882385388017
6597.6 27.519740227842703
6597.9 211.8988087028265
6598.2 175.26016044430435
6598.5 -53.128519338555634
6598.8 188.20651333034039
6599.1 220.92156334407628
6599.4 81.29742524493486
6599.7 69.66650888323784
6600.0 97.31177843734622
6600.3 82.8302294947207
6600.6 90.19961187336594
6600.9 133.88527466356754
6601.2 72.39509106846526
6601.5 214.76966941729188
6601.8 224.79921448230743
6602.1 70.87514111259952
6602.4 141.50696661230177
6602.7 -54.77464351803064
6603.0 -17.4976007938385
6603.3 -19.564627890475094
6603.6 44.74843733012676
6603.9 -16.45446725934744
6604.2 27.44677582383156
6604.5 181.80717658996582
6604.8 -0.06242331676185131
6605.1 117.51660919282585
6605.4 196.96935448423028
6605.7 28.935410983860493
6606.0 86.01801188476384
6606.3 168.7083244100213
6606.6 154.50306233391166
6606.9 41.025506000733
6607.2 127.26391654461622
6607.5 41.96295990422368
6607.8 160.66632241290063
6608.1 123.7258082148619
6608.4 -57.38495170325041
6608.7 113.06472348405805
6609.0 71.31811429560184
6609.3 -4.426918543875217
6609.6 277.03714279830456
6609.9 173.12681768089533
6610.2 114.39152367785573
6610.5 83.35755249485373
6610.8 169.63545481860638
6611.1 9.872052565217018
6611.4 134.88131939806044
6611.7 139.41854210814927
6612.0 122.81577498232946
6612.3 14.876990859862417
6612.6 61.28770140465349
6612.9 119.31777907535434
6613.2 287.51672142744064
6613.5 137.95450447499752
6613.8 107.52821759879589
6614.1 121.8847415393684
6614.4 224.50179892405868
6614.7 52.462079571560025
6615.0 49.50201480090618
6615.3 162.32967287302017
6615.6 132.26593722775578
6615.9 166.23770164698362
6616.2 -27.459902767906897
6616.5 76.43552783224732
6616.8 72.83235043636523
6617.1 11.562590724788606
6617.4 116.50662275590003
6617.7 171.63159027695656
6618.0 142.6096889935434
6618.3 162.58900485839695
6618.6 135.44295084849
6618.9 126.36280678026378
6619.2 117.62070381082594
6619.5 83.76430752128363
6619.8 109.58492998406291
6620.1 294.77169409394264
6620.4 140.1794017618522
6620.7 -32.993657594546676
6621.0 49.00413195043802
6621.3 71.78252880182117
6621.6 66.99841352552176
6621.9 203.63249373435974
6622.2 113.44230530178174
6622.5 46.400243651121855
6622.8 212.11231756955385
6623.1 4.308435812592506
6623.4 48.21159891411662
6623.7 151.8966134749353
6624.0 129.4523581028916
6624.3 89.01772939227521
6624.6 7.225170224905014
6624.9 31.007042914628983
6625.2 149.69354110397398
6625.5 141.04536629235372
6625.8 116.12662036344409
6626.1 85.10069838812342
6626.4 71.98451176285744
6626.7 13.866414239630103
6627.0 78.4162858966738
6627.3 29.45951387146488
6627.6 146.05351592227817
6627.9 34.27515001036227
6628.2 143.39215926826
6628.5 -41.69889589399099
6628.8 -29.613192789256573
6629.1 193.5032108090818
6629.4 54.52455232827924
6629.7 109.95034280279651
6630.0 40.20380209945142
6630.3 75.97007200866938
6630.6 94.6494282130152
6630.9 202.84776882175356
6631.2 224.7963249348104
6631.5 194.30227041244507
6631.8 141.6332432841882
6632.1 44.91355566866696
6632.4 171.75082502048463
6632.7 95.3114111982286
6633.0 -15.623569317162037
6633.3 280.3494907170534
6633.6 21.163845969364047
6633.9 22.943033679388463
6634.2 155.45772749185562
6634.5 93.23311634827405
6634.8 39.013598751160316
6635.1 124.36527591012418
6635.4 -11.250451474450529
6635.7 -3.021462347358465
6636.0 117.83499412238598
6636.3 95.35072699934244
6636.6 23.35483894305071
6636.9 109.218101400882
6637.2 95.56026615947485
6637.5 110.18449622031767
6637.8 234.70208198018372
6638.1 -60.72383272647858
6638.4 -54.3394778072834
6638.7 122.59676615800709
6639.0 80.12133783660829
6639.3 62.4934331420809
6639.6 154.1413617413491
6639.9 39.287294410169125
6640.2 184.08006237156224
6640.5 89.49539796821773
6640.8 246.6204819008708
6641.1 147.73622063174844
6641.4 188.29093870520592
6641.7 66.22439892496914
6642.0 -75.82551400363445
6642.3 27.145584277808666
6642.6 98.96639786660671
6642.9 193.5826049875468
6643.2 219.56219977140427
6643.5 107.55602694745176
6643.8 217.79543484002352
6644.1 249.41208390519023
6644.4 121.70945281116292
6644.7 121.46456402307376
6645.0 53.40753412246704
6645.3 89.87273823097348
6645.6 1.2208557724952698
6645.9 -77.98616629652679
6646.2 36.022466817405075
6646.5 70.2029690593481
6646.8 -67.77146630734205
6647.1 -17.733133144676685
6647.4 106.95873615518212
6647.7 5.301784910261631
6648.0 83.76015736814588
6648.3 260.7499050311744
6648.6 -2.666615415364504
6648.9 157.8182687330991
6649.2 59.34169794025365
6649.5 28.59748536348343
6649.8 98.33086335659027
6650.1 139.69767469912767
6650.4 208.28570688515902
6650.7 97.09662302164361
6651.0 26.076919624581933
6651.3 251.5733047630638
6651.6 282.98580815270543
6651.9 35.1799426227808
6652.2 79.96934744529426
6652.5 159.0303550735116
6652.8 25.636850671842694
6653.1 -55.48087118007243
6653.4 128.93849943950772
6653.7 42.06213253736496
6654.0 155.20641985861585
6654.3 13.47894724085927
6654.6 84.25867626839317
6654.9 -2.257802102714777
6655.2 -59.62447292357683
6655.5 70.59628230985254
6655.8 -11.5536780487746
6656.1 13.652619497152045
6656.4 103.13025176944211
6656.7 -99.72952568903565
6657.0 105.51874002628028
6657.3 83.3229049295187
6657.6 107.20009369589388
6657.9 187.19786942005157
6658.2 368.2982628401369
6658.5 435.83845741301775
6658.8 529.7939310669899
6659.1 540.0865858849138
6659.4 535.5860789939761
6659.7 516.420109577477
6660.0 387.58082508295774
6660.3 277.33313205093145
6660.6 62.44577892124653
6660.9 80.41587816551328
6661.2 150.93208687752485
6661.5 65.26142595196143
6661.8 77.6396775431931
6662.1 67.17209718003869
6662.4 87.33180610090494
6662.7 62.98343098908663
6663.0 50.69538729079068
6663.3 208.40276654064655
6663.6 107.46866713115014
6663.9 64.87192703783512
6664.2 -39.34148554876447
6664.5 65.26292025670409
6664.8 30.627945015206933
6665.1 110.05368909984827
6665.4 128.8263761624694
6665.7 20.684075485914946
6666.0 53.93584566935897
6666.3 87.31358872074634
6666.6 56.60923262918368
6666.9 9.327003881335258
6667.2 40.491766918450594
6667.5 225.75518092513084
6667.8 24.88262864947319
6668.1 35.76736329123378
6668.4 131.67719722539186
6668.7 66.62362473085523
6669.0 109.9714708328247
6669.3 105.84081394225359
6669.6 51.15279711782932
6669.9 163.14684996544383
6670.2 182.87881859391928
6670.5 11.275929553434253
6670.8 181.14413139410317
6671.1 41.41489992290735
6671.4 -10.946315325796604
6671.7 155.80903819203377
6672.0 155.6269838133594
6672.3 186.35097706504166
6672.6 89.62648498266935
6672.9 17.565194406546652
6673.2 4.334902927279472
6673.5 -35.22614073380828
6673.8 40.05658693611622
6674.1 23.359721050597727
6674.4 73.64334894157946
6674.7 288.2752544246614
6675.0 103.170510051772
6675.3 87.41931913932785
6675.6 82.3969415910542
6675.9 -58.92257008701563
6676.2 64.68131820298731
6676.5 129.82015632651746
6676.8 37.33646375872195
6677.1 -13.458484753966331
6677.4 71.50898802280426
6677.7 110.98253746889532
6678.0 94.54718792811036
6678.3 109.98244114592671
6678.6 -16.684268921613693
6678.9 53.65437404299155
6679.2 146.69862738251686
6679.5 262.03414607048035
6679.8 292.86544045526534
6680.1 256.6858228025958
6680.4 481.27356907189824
6680.7 232.70901629328728
6681.0 91.65775097021833
6681.3 313.4258232563734
6681.6 93.79349540919065
6681.9 4.9617071184911765
6682.2 65.10190831124783
6682.5 157.65126383304596
6682.8 79.8915160857141
6683.1 -30.41117229743395
6683.4 112.62511733174324
6683.7 -26.35354590602219
6684.0 92.06741026416421
6684.3 131.17955966480076
6684.6 197.86460280418396
6684.9 44.850422190502286
6685.2 19.979610443115234
6685.5 120.08977028168738
6685.8 -53.19113615527749
6686.1 128.4659745368699
6686.4 62.256683378480375
6686.7 46.64209322631359
6687.0 58.90948505396955
6687.3 101.98987438157201
6687.6 138.36109901987948
6687.9 127.62862261384726
6688.2 168.95022076368332
6688.5 151.6665218770504
6688.8 218.38516344875097
6689.1 121.67440168559551
6689.4 -27.291732233017683
6689.7 -62.89763230085373
6690.0 102.57715557143092
6690.3 80.42831346020103
6690.6 -32.66732029803097
6690.9 -92.87823109468445
6691.2 151.48239801824093
6691.5 30.58338878164068
6691.8 117.48363615386188
6692.1 79.62718985934043
6692.4 144.63733995892107
6692.7 110.17240144032985
6693.0 38.86078315554187
6693.3 63.74552477244288
6693.6 167.47022032737732
6693.9 54.40618348494172
6694.2 173.59327904693782
6694.5 148.30084471404552
6694.8 183.41064110025764
6695.1 -37.57455337792635
6695.4 133.86902022873983
6695.7 106.51947313081473
6696.0 56.72495590522885
6696.3 178.28259468078613
6696.6 -57.64121726900339
6696.9 -41.601528491824865
6697.2 158.82830930128694
6697.5 55.685482211411
6697.8 50.89084821892902
6698.1 125.27109392452985
6698.4 63.50159686617553
6698.7 68.05112550128251
6699.0 23.764569897204638
6699.3 145.1752174384892
6699.6 128.2174452766776
6699.9 95.90229515917599
6700.2 85.57029841467738
6700.5 83.82424575649202
6700.8 124.07898172736168
6701.1 119.58492008713074
6701.4 119.3182684443891
6701.7 52.00164016708732
6702.0 63.99165187031031
6702.3 164.14373176917434
6702.6 153.18298750463873
6702.9 23.449144776910543
6703.2 101.38750786334276
6703.5 53.75188559293747
6703.8 42.9689703322947
6704.1 159.14971204474568
6704.4 40.98663147352636
6704.7 3.91078232973814
6705.0 88.40602316474542
6705.3 48.975649923086166
6705.6 56.66725576668978
6705.9 213.56874953210354
6706.2 58.701210498809814
6706.5 116.42370802360529
6706.8 -26.067294012755156
6707.1 61.18095486611128
6707.4 -21.534491579979658
6707.7 132.18972804397345
6708.0 52.871415393427014
6708.3 -4.399312190711498
6708.6 164.70046231988817
6708.9 176.83131527900696
6709.2 85.94009833002929
6709.5 160.5273729879409
6709.8 142.2069637826644
6710.1 -12.811981102451682
6710.4 105.11432438343763
6710.7 212.3403549399227
6711.0 202.34436033293605
6711.3 142.29006905737333
6711.6 98.51726282015443
6711.9 89.13821247639135
6712.2 74.63690011203289
6712.5 30.129296669270843
6712.8 218.67936342954636
6713.1 -69.7510683722794
6713.4 87.49617365002632
6713.7 131.0869349464774
6714.0 115.51180139556527
6714.3 215.34399441210553
6714.6 46.90163755044341
6714.9 11.160413863835856
6715.2 84.69651392102242
6715.5 141.2592744678259
6715.8 165.01645401492715
6716.1 159.53270041011274
6716.4 61.9028527084738
6716.7 225.85671175271273
6717.0 160.74180261511356
6717.3 -27.551285967230797
6717.6 128.93941713590175
6717.9 129.81040366366506
6718.2 15.11402689665556
6718.5 121.37653389223851
6718.8 100.49294186197221
6719.1 201.70973766222596
6719.4 177.4407029002905
6719.7 99.73469811119139
6720.0 17.946380370296538
6720.3 -12.282734470441937
6720.6 173.63855242356658
6720.9 21.492006632499397
6721.2 246.52602183353156
6721.5 133.76240220293403
6721.8 136.20745939016342
6722.1 -15.300407289993018
6722.4 15.113268829882145
6722.7 -25.313810446299613
6723.0 184.6353021375835
6723.3 155.35443897452205
6723.6 45.221923062577844
6723.9 83.62363126128912
6724.2 -30.120701044797897
6724.5 173.7726280093193
6724.8 165.50281201675534
6725.1 33.06078063324094
6725.4 44.495837891474366
6725.7 97.41512518376112
6726.0 80.17282974720001
6726.3 156.14251571893692
6726.6 121.39549949811772
6726.9 -2.7164846286177635
6727.2 117.12072494719177
6727.5 134.76376702159178
6727.8 90.38590641692281
6728.1 141.7586146891117
6728.4 22.929655395448208
6728.7 55.045788363553584
6729.0 5.366029577329755
6729.3 -44.793620275333524
6729.6 134.2777228371706
6729.9 51.998284351080656
6730.2 4.849388778675348
6730.5 -8.471881911158562
6730.8 89.41027399804443
6731.1 63.9636714104563
6731.4 92.47890708595514
6731.7 49.689543729647994
6732.0 114.35566368326545
6732.3 95.66610554605722
6732.6 38.63698273152113
6732.9 231.31546445190907
6733.2 71.9937784653157
6733.5 129.01158251054585
6733.8 99.9019327107817
6734.1 128.17296395078301
6734.4 127.73096394352615
6734.7 124.75305255013518
6735.0 -1.5654367301613092
6735.3 140.48159736581147
6735.6 154.9279372394085
6735.9 163.6962116486393
6736.2 67.27772818692029
6736.5 51.69028857676312
6736.8 99.0407931804657
6737.1 38.445424515753984
6737.4 22.229389123618603
6737.7 140.02475085109472
6738.0 91.6231472119689
6738.3 5.339537826366723
6738.6 251.1416873820126
6738.9 163.549521766603
6739.2 23.192781798308715
6739.5 149.7050873413682
6739.8 140.6420786548406
6740.1 95.0377674922347
6740.4 110.12484757602215
6740.7 120.0174952801317
6741.0 185.23245299607515
6741.3 72.29175286740065
6741.6 44.24926850758493
6741.9 140.91276919096708
6742.2 38.721083759795874
6742.5 111.25524370372295
6742.8 82.96199403004721
6743.1 28.803266406059265
6743.4 -6.06516192574054
6743.7 193.01057648286223
6744.0 124.32680138014257
6744.3 86.96120423078537
6744.6 44.597171034663916
6744.9 62.408696157857776
6745.2 -1.143851513043046
6745.5 75.89060415647691
6745.8 81.56128014018759
6746.1 78.94888291181996
6746.4 171.81702970992774
6746.7 171.609443731606
6747.0 43.49500612914562
6747.3 263.2436373978853
6747.6 79.83367602154613
6747.9 -33.25837321206927
6748.2 50.46629736502655
6748.5 168.49842752167024
6748.8 114.03931456804276
6749.1 70.35562872514129
6749.4 200.4826604258269
6749.7 80.18829263979569
6750.0 135.29717127233744
6750.3 65.99188648536801
6750.6 182.44601328019053
6750.9 82.21701078535989
6751.2 145.34264856856316
6751.5 238.05056308722124
6751.8 73.12524244748056
6752.1 10.628090649843216
6752.4 63.12241384619847
6752.7 4.459788657724857
6753.0 -0.7114455122500658
6753.3 74.73598788492382
6753.6 80.50920451898128
6753.9 64.0963618028909
6754.2 44.4247289178893
6754.5 -57.58169969543815
6754.8 57.61244462430477
6755.1 204.46663929568604
6755.4 86.67721444740891
6755.7 204.6967353336513
6756.0 3.219520188285969
6756.3 118.82814521715045
6756.6 113.66027219966054
6756.9 13.130395199172199
6757.2 62.47245739400387
6757.5 75.07383590377867
6757.8 108.44969586655498
6758.1 87.98890996724367
6758.4 87.42780235782266
6758.7 42.76847012154758
6759.0 77.64846894331276
6759.3 109.04263520613313
6759.6 45.53603004664183
6759.9 170.5404913276434
6760.2 120.81806629896164
6760.5 -0.3979763053357601
6760.8 52.4988500084728
6761.1 55.84362868592143
6761.4 54.207035314291716
6761.7 -110.76485534012318
6762.0 141.8082007560879
6762.3 -218.25817993283272
6762.6 -22.657905764877796
6762.9 -74.34972613491118
6763.2 55.709401708096266
6763.5 153.56397487223148
6763.8 51.39945695735514
6764.1 189.62457662820816
6764.4 211.8435899444121
6764.7 -0.907226100564003
6765.0 186.82218080759048
6765.3 -95.90780884027481
6765.6 64.0956973657012
6765.9 162.18223287863657
6766.2 -4.361851185560226
6766.5 99.34518601372838
6766.8 85.50126844644547
6767.1 -5.30190322175622
6767.4 135.11978188157082
6767.7 105.57152913417667
6768.0 88.72495129797608
6768.3 17.284944655373693
6768.6 49.01070102117956
6768.9 58.23074900358915
6769.2 3.487716260366142
6769.5 109.33227832010016
6769.8 103.43770491995383
6770.1 220.5138515792787
6770.4 70.6849349103868
6770.7 147.10845234245062
6771.0 99.4527807070408
6771.3 167.26471331249923
6771.6 254.23152194172144
6771.9 154.53363498859107
6772.2 78.68146203435026
6772.5 64.72426912235096
6772.8 38.74610894732177
6773.1 95.4436902962625
6773.4 156.55912587046623
6773.7 32.83090251497924
6774.0 101.30073825828731
6774.3 214.26816511154175
6774.6 -1.9479821734130383
6774.9 146.57199256122112
6775.2 44.27713408693671
6775.5 120.01449789479375
6775.8 225.13739570602775
6776.1 55.76502540707588
6776.4 299.4754939228296
6776.7 89.01817135512829
6777.0 131.13566118106246
6777.3 134.08770120004192
6777.6 118.32308242842555
6777.9 175.61952493526042
6778.2 -89.65731055289507
6778.5 136.07565797120333
6778.8 -63.351503025740385
6779.1 79.65394222177565
6779.4 92.49793260544538
6779.7 53.48160610347986
6780.0 183.34955271147192
6780.3 103.16096215322614
6780.6 86.86029360070825
6780.9 -30.03753311559558
6781.2 43.2499647019431
6781.5 -10.293202202767134
6781.8 178.2309146616608
6782.1 -17.556649940554053
6782.4 104.58410384505987
6782.7 41.44734640046954
6783.0 51.292394541203976
6783.3 4.792025862261653
6783.6 -15.948723763227463
6783.9 83.47829585149884
6784.2 51.49096624739468
6784.5 200.6028743982315
6784.8 16.953537630848587
6785.1 136.34201805386692
6785.4 200.34453407186083
6785.7 55.66074299439788
6786.0 163.9494605679065
6786.3 114.05582741647959
6786.6 70.31268398836255
6786.9 100.41477195115294
6787.2 87.62643592382665
6787.5 81.37700432352722
6787.8 126.78967945463955
6788.1 94.6262277700007
6788.4 164.71117103425786
6788.7 145.36598360165954
6789.0 186.02002629451454
6789.3 104.41588145308197
6789.6 99.1336570084095
6789.9 263.01288352161646
6790.2 41.843585565686226
6790.5 146.21560163330287
6790.8 60.45483959512785
6791.1 95.3694353364408
6791.4 122.94110542535782
6791.7 22.284462422132492
6792.0 62.077634766697884
6792.3 75.39416078664362
6792.6 193.44651115313172
6792.9 -26.31216733949259
6793.2 -68.71220518648624
6793.5 209.29400384426117
6793.8 142.19355595950037
6794.1 173.0315767787397
6794.4 -89.7825430072844
6794.7 -1.9302124502137303
6795.0 156.22876115515828
6795.3 -45.78046599030495
6795.6 263.6449682675302
6795.9 205.00472066178918
6796.2 78.2115218564868
6796.5 -32.4242364987731
6796.8 98.34691593796015
6797.1 229.2379435133189
6797.4 37.40879874676466
6797.7 175.72689685225487
6798.0 290.10152304172516
6798.3 26.672903802245855
6798.6 100.54726356407627
6798.9 -81.00013491511345
6799.2 3.0407483647577465
6799.5 202.38584624323994
6799.8 155.3973105000332
6800.1 94.41640243306756
6800.4 93.82635302946437
6800.7 122.23223203979433
6801.0 321.490647315979
6801.3 25.019008776405826
6801.6 -2.4843977466225624
6801.9 33.05979740805924
6802.2 124.22621764661744
6802.5 -120.54797601886094
6802.8 -32.0105657633394
6803.1 240.13464198447764
6803.4 176.7636056765914
6803.7 42.64161250181496
6804.0 141.6176881068386
6804.3 114.67532286606729
6804.6 107.1220977124758
6804.9 44.570535589940846
6805.2 122.87386384187266
6805.5 57.370072099845856
6805.8 112.28006230667233
6806.1 -32.79112373420503
6806.4 14.256074946373701
6806.7 104.73133970424533
6807.0 178.64506368152797
6807.3 53.54619264602661
6807.6 68.85439245961607
6807.9 105.53569548390806
6808.2 -57.36863634479232
6808.5 127.3409186815843
6808.8 117.35155276488513
6809.1 128.56542219221592
6809.4 83.45895822066814
6809.7 25.277352290431736
6810.0 9.77369332127273
6810.3 52.7287235558033
6810.6 229.3571111559868
6810.9 148.78659572824836
6811.2 238.72995601594448
6811.5 246.63074194267392
6811.8 74.65748715773225
6812.1 58.774896550923586
6812.4 146.77024840004742
6812.7 -2.8636718839406967
6813.0 55.593485459452495
6813.3 -95.3549796640873
6813.6 103.77596617490053
6813.9 292.16427732631564
6814.2 172.87180884554982
6814.5 110.45045213587582
6814.8 221.33486751280725
6815.1 126.33963717799634
6815.4 280.40476593375206
6815.7 198.41487997910008
6816.0 212.20584828872234
6816.3 229.35483024269342
6816.6 82.15368681401014
6816.9 218.6143805757165
6817.2 238.05412852019072
6817.5 151.0851071178913
6817.8 86.27751524746418
6818.1 168.15673312917352
6818.4 85.8931170552969
6818.7 89.22602151706815
6819.0 70.54227633029222
6819.3 63.60387607105076
6819.6 80.67103947346914
6819.9 46.305786634329706
6820.2 24.777065865695477
6820.5 113.09796619415283
6820.8 -22.661436971277
6821.1 53.29101200401783
6821.4 34.728855568915606
6821.7 119.74625762924552
6822.0 112.72125747427344
6822.3 237.55697656515986
6822.6 168.9739548713551
6822.9 222.2099324464798
6823.2 98.47573040798306
6823.5 67.41711478121579
6823.8 -13.446074698120356
6824.1 13.546090960502625
6824.4 113.81713991239667
6824.7 87.06569903250784
6825.0 136.54118214466143
6825.3 184.82287814468145
6825.6 121.84069134481251
6825.9 167.5111363120377
6826.2 245.96096718125045
6826.5 -68.65474178642035
6826.8 46.069056779146194
6827.1 408.3716150969267
6827.4 -89.21165844798088
6827.7 -89.26104072481394
6828.0 415.0898923277855
6828.3 147.99465615302324
6828.6 -178.08130003511906
6828.9 378.3587427139282
6829.2 337.0039425417781
6829.5 -305.3396050002484
6829.8 -55.11520897038281
6830.1 351.7982852458954
6830.4 196.25650003226474
6830.7 133.69774772319943
6831.0 174.66956413444132
6831.3 211.3787068100646
6831.6 34.47845686459914
6831.9 106.05555305548478
6832.2 125.19804568216205
6832.5 180.52334601059556
6832.8 268.47956681624055
6833.1 161.42401719093323
6833.4 -38.38916689157486
6833.7 141.75863543525338
6834.0 423.579802909866
6834.3 -225.7191821038723
6834.6 -244.0257361344993
6834.9 282.59822728298604
6835.2 91.89707146352157
6835.5 6.040039226412773
6835.8 196.81374842487276
6836.1 -20.538122579455376
6836.4 68.2718613857869
6836.7 -18.397827114909887
6837.0 -4.2437382861971855
6837.3 41.4387369081378
6837.6 81.67388606444001
6837.9 31.690547361969948
6838.2 245.4883145838976
6838.5 133.27801310271025
6838.8 99.34452255233191
6839.1 16.513795617967844
6839.4 158.83267113217153
6839.7 85.74808292835951
6840.0 -20.19610483199358
6840.3 155.2557758949697
6840.6 208.4589510411024
6840.9 76.77866178192198
6841.2 -36.75821850821376
6841.5 112.13016826659441
6841.8 175.2918541310355
6842.1 -179.67713890690356
6842.4 103.04016170278192
6842.7 98.46875532343984
6843.0 -60.4391235364601
6843.3 -53.93301724642515
6843.6 9.580977577716112
6843.9 65.05140948016196
6844.2 122.60069524031132
6844.5 87.78118508681655
6844.8 -2.2312204390764236
6845.1 114.36082746461034
6845.4 184.68478579167277
6845.7 19.339335341006517
6846.0 86.52397337835282
6846.3 -37.232214415445924
6846.6 5.9427909860387444
6846.9 9.740530505776405
6847.2 118.90624763816595
6847.5 51.36980966525152
6847.8 25.209679033607244
6848.1 1.1956357676535845
6848.4 69.06172459083609
6848.7 65.72627198998816
6849.0 43.41166103258729
6849.3 39.797655783593655
6849.6 161.9916994534433
6849.9 27.461441855877638
6850.2 240.9396307244897
6850.5 256.15827849972993
6850.8 92.86389702185988
6851.1 59.36280232621357
6851.4 62.73627079278231
6851.7 26.50494722649455
6852.0 46.73825150355697
6852.3 131.68455036357045
6852.6 -23.056079799309373
6852.9 -14.501379411092785
6853.2 61.759074424393475
6853.5 172.40768940746784
6853.8 38.71136751025915
6854.1 82.6943092495203
6854.4 -21.891118556261063
6854.7 -54.03654446080327
6855.0 -179.54447339475155
6855.3 -12.933650018465414
6855.6 22.172737166285515
6855.9 259.565140677616
6856.2 -13.822365151718259
6856.5 119.11820709705353
6856.8 -117.52791503071785
6857.1 76.6054836921976
6857.4 196.91460371017456
6857.7 77.11957049369812
6858.0 24.806120730936527
6858.3 99.68836449831724
6858.6 45.34264479577541
6858.9 5.581585459411144
6859.2 129.82134872674942
6859.5 -35.21794342622161
6859.8 176.97802019119263
6860.1 17.026040196884423
6860.4 -118.01274663209915
6860.7 442.1977504491806
6861.0 132.92668782174587
6861.3 27.606497009284794
6861.6 140.12834677565843
6861.9 107.06093015894294
6862.2 400.87996999919415
6862.5 593.7586981505156
6862.8 134.52530650794506
6863.1 129.6661542505026
6863.4 -1391.7527277171612
6863.7 400.69840505719185
6864.0 -911.1071176528931
6864.3 2282.8232069015503
6864.6 3821.289113998413
6864.9 1272.0171221494675
6865.2 807.6414031982422
6865.5 494.2247495651245
6865.8 -23.700776420533657
6866.1 321.69234108924866
6866.4 322.31862078234553
6866.7 135.1934929676354
6867.0 253.87060967087746
6867.3 274.412304751575
6867.6 -127.50954403169453
6867.9 281.5494791306555
6868.2 303.5581293106079
6868.5 146.3150043208152
6868.8 -19.756714277900755
6869.1 902.9088215827942
6869.4 0.0
6869.7 0.0
