1.0 -0.006136121734791929
2.0 0.4311896970712303
3.0 2.2768988818309004
4.0 1.3881088154516217
5.0 0.6697253602586117
6.0 0.5564809766135439
7.0 0.6308554131285262
8.0 -0.08115146646794216
9.0 0.010287702540563534
10.0 0.04755957911968346
11.0 0.05764740579103613
12.0 0.41703442994118994
13.0 0.29851386891029336
14.0 0.32267801224131615
15.0 0.12808600065106335
16.0 0.1824119134387188
17.0 0.17801773823250208
18.0 -0.02574265525072617
19.0 -0.2134177572308631
20.0 -0.31475540602529256
21.0 0.007582153755212493
22.0 0.2694396214674202
23.0 0.34300998739270144
24.0 0.4588584659858276
25.0 0.191197740106686
26.0 0.23050711585422798
27.0 0.2054770776502589
28.0 0.17474052293682135
29.0 0.12010040364745196
30.0 0.0049306134537468495
31.0 -0.17575683821143928
32.0 -0.27857979286659523
33.0 -0.2071310860245497
34.0 -0.13219967683499542
35.0 -0.1307023421568389
36.0 -0.16117599506077593
37.0 -0.07692241601008065
38.0 -0.031036896212541625
39.0 -0.011965790338453757
40.0 0.3766593383197115
41.0 0.3626012849706493
42.0 0.03841447009725112
43.0 -0.20548790423298458
44.0 -0.4980855141831777
45.0 -0.7236344743219598
46.0 -0.6189296386097171
47.0 -0.28648615347179873
48.0 -0.4039623880707517
49.0 -0.3431050318153373
50.0 -0.23531650157296813
51.0 -0.19673258046808745
52.0 0.04212120346123145
53.0 0.42825942487811314
54.0 0.2568543022657304
55.0 0.11126147917634202
56.0 -0.04519248815460154
57.0 -0.30806920194673787
58.0 -0.13592821786249493
59.0 0.025786943071102797
60.0 0.06618285899060755
61.0 -0.1368101738173952
62.0 -0.20056001917671074
63.0 -0.23283211214372468
64.0 -0.2669706563647517
65.0 0.1104514790557416
66.0 0.29184503243376786
67.0 0.2062912171751907
68.0 0.2316645776436267
69.0 -0.11337478448674654
70.0 -0.0021642131821631473
71.0 -0.046331848025184766
72.0 0.020003200370089777
73.0 0.011367822517001067
74.0 -0.10282647208489853
75.0 -0.18394547612556417
76.0 -0.2977247219094708
77.0 -0.10509067226182252
78.0 0.03766537915234595
79.0 0.3116160012414976
80.0 0.36683309329528174
81.0 0.34483657927327366
82.0 0.3124320219504002
83.0 0.20583823896389516
84.0 0.2323674764859254
85.0 0.20161811332082138
86.0 0.19948019596494748
87.0 0.2664347320625183
88.0 0.4295559474921159
89.0 0.526886581120157
90.0 0.5274874670892697
91.0 0.6490851418669342
92.0 0.5923391111514883
93.0 0.7586087636248771
94.0 0.7867044519809999
95.0 0.6741099305696984
96.0 0.7009510360672422
97.0 0.5851654575903267
98.0 0.6189079641825279
99.0 0.6229337787205751
100.0 0.4956265889331935
101.0 0.5098529902664051
102.0 0.43007099736631516
103.0 0.565439655806798
104.0 0.7956586524995563
105.0 0.8248234694203251
106.0 0.8579547466070581
107.0 0.8565451813106704
108.0 0.6651068557364156
109.0 0.896752056713609
110.0 1.2348148427049275
111.0 1.3376379419506281
112.0 1.6267346004609604
113.0 1.6579734651934628
114.0 1.6550854916966897
115.0 1.8353538756850567
116.0 1.8783343706154774
117.0 1.972132049725493
118.0 1.9263627459017787
119.0 1.7652220670661698
120.0 1.7032106667461395
121.0 1.5095230560354294
122.0 1.470906930650638
123.0 1.4168121102906728
124.0 1.2517830306815325
125.0 1.0761843966861677
126.0 0.9777001523662074
127.0 0.7724812382245456
128.0 0.5453502966090976
129.0 0.46284636323826145
130.0 0.33915079874689835
131.0 0.4318856593261131
132.0 0.2901408125051988
133.0 0.3285527379924615
134.0 0.1177119131533078
135.0 0.138188158966402
136.0 0.2753017785955534
137.0 0.15446394474819986
138.0 0.19170646907203584
139.0 -0.1503729364714802
140.0 -0.14061025962904777
141.0 -0.04248753853630581
142.0 -0.08555327905393403
143.0 0.07236497313336827
144.0 0.01924996684636722
145.0 -0.19590559909663194
146.0 -0.1759609036874167
147.0 -0.1960429323153961
148.0 -0.1116931806885642
149.0 -0.013899669771619152
150.0 0.062355511127803985
151.0 0.06332771992859001
152.0 -0.1109405637859758
153.0 -0.13153775635679563
154.0 -0.0816124066482565
155.0 -0.11499532683838852
156.0 -0.011322985836809688
157.0 0.0061581637124834086
158.0 -0.14815877020832605
159.0 -0.03966807813089626
160.0 -0.02895772955989991
161.0 -0.007834239364840697
162.0 0.060282744774185555
163.0 0.1325942435733271
164.0 0.1571783107375657
165.0 0.08548386524897111
166.0 0.10621010331136332
167.0 -0.06180240001246193
168.0 -0.11206234088937579
169.0 -0.025315632044602722
170.0 -0.1270797385594819
171.0 -0.0035228353417762932
172.0 -0.046455184802611516
173.0 -0.05644238341403192
174.0 0.2520157419739073
175.0 0.10686945891401381
176.0 0.2174600906888505
177.0 0.1969135026406462
178.0 -0.05285896233110188
179.0 -0.07784813526459661
180.0 -0.08267358507459294
181.0 -0.008571842310636646
182.0 0.024621557158244704
183.0 0.06948212627335767
184.0 0.04543648268506394
185.0 0.07048576831053972
186.0 0.13628841669228528
187.0 0.13254567999056482
188.0 0.08025600080808322
189.0 -0.007364478049778151
190.0 0.03304338291152542
191.0 0.085405971288699
192.0 0.13785075005750233
193.0 0.274558363506826
194.0 0.21407239781317408
195.0 0.16856360974940351
196.0 -0.006190093706415453
197.0 -0.20818354511050322
198.0 -0.2307872430258227
199.0 -0.038207460227644416
200.0 0.18273260752955303
201.0 0.23593652077336
202.0 0.12984276092095928
203.0 -0.09609592226195267
204.0 -0.10763770369222482
205.0 -0.005765834254613001
206.0 0.1550362679023701
207.0 0.1642681125706672
208.0 0.25381759900905176
209.0 0.2831042144567381
210.0 0.036417445586191075
211.0 0.10323414239339708
212.0 -0.0007607493333477364
213.0 -0.15099751332729128
214.0 0.004438670474857626
215.0 0.10789142427633155
216.0 -0.08022295940249748
217.0 -0.12943435883131962
218.0 -0.059607193378696216
219.0 -0.08195343664320585
220.0 0.08130501952270054
221.0 0.14187987919930456
222.0 0.17236813848071048
223.0 0.12319758970051614
224.0 0.038725126443320636
225.0 -0.15446855789981298
226.0 -0.1543900108220614
227.0 -0.14909510473597182
228.0 -0.06510366832225163
229.0 0.21513614667842898
230.0 0.04575837878731749
231.0 -0.14897664410072992
232.0 -0.1987678478219883
233.0 -0.4304295146009257
234.0 -0.4099651679297405
235.0 -0.23876586881610418
236.0 -0.08971696345456076
237.0 -0.03185537084519499
238.0 -0.10282123902117205
239.0 -0.0634563552019359
240.0 -0.08085375692508823
241.0 0.08023153597175718
242.0 0.3239645006900513
243.0 0.2958134091560117
244.0 0.2867601356609038
245.0 0.20585967228816426
246.0 0.17667552457463176
247.0 0.06765653222992464
248.0 0.20078647774023217
249.0 0.2707975140849055
250.0 0.11315663168667013
251.0 -0.07167361480593246
252.0 -0.06014197667723999
253.0 -0.3638529824742578
254.0 -0.0957524686367332
255.0 0.04072009434513948
256.0 -0.23349920297166177
257.0 -0.053111920553554
258.0 -0.46198881888779375
259.0 -0.5623945577213659
260.0 -0.5916495550814718
261.0 -0.35176759232869237
262.0 -0.21298071219802198
263.0 0.10337518934241068
264.0 0.19875952477540457
265.0 0.16746450075977654
266.0 -0.020431739021835066
267.0 -0.18286909951976776
268.0 -0.48005723566248076
269.0 -0.7445158075893556
270.0 -0.4205929523421428
271.0 -0.40726894814444997
272.0 -0.1630097014770397
273.0 -0.11854730063034198
274.0 -0.5680453309807111
275.0 -0.4298866283084481
276.0 -0.6725456261881702
277.0 -0.4715813086492581
278.0 0.16199608436317592
279.0 0.09099025946488275
280.0 0.5606829699181202
281.0 0.2972578361931735
282.0 0.14516133156295014
283.0 0.041549702777495305
284.0 0.0027149148263708386
285.0 0.029710746897871256
286.0 0.011196224137216063
287.0 0.0
288.0 0.0
