6165.0 0.0
6165.3 0.0
6165.6 0.0
6165.9 0.0
6166.2 0.0
6166.5 0.0
6166.8 0.0
6167.1 0.0
6167.4 0.0
6167.7 0.0
6168.0 0.0
6168.3 0.0
6168.6 0.0
6168.9 0.0
6169.2 0.0
6169.5 0.0
6169.8 0.0
6170.1 0.0
6170.4 0.0
6170.7 0.0
6171.0 0.0
6171.3 0.0
6171.6 0.0
6171.9 0.0
6172.2 0.0
6172.5 0.0
6172.8 0.0
6173.1 0.0
6173.4 0.0
6173.7 0.0
6174.0 -819.0533504486084
6174.3 -595.6663846969604
6174.6 805.1594171524048
6174.9 1360.6366844177246
6175.2 2874.283275604248
6175.5 2629.337604522705
6175.8 2053.755834579468
6176.1 1659.1570281982422
6176.4 1219.5904169082642
6176.7 995.8270578384399
6177.0 441.4677377939224
6177.3 639.5704712867737
6177.6 914.6776533126831
6177.9 1034.017650604248
6178.2 969.9528532028198
6178.5 1126.3340673446655
6178.8 1049.6785078048706
6179.1 1020.6844959259033
6179.4 974.4532480239868
6179.7 1235.5793895721436
6180.0 447.8105802536011
6180.3 843.3965497016907
6180.6 1048.0645542144775
6180.9 1720.3734188079834
6181.2 1779.7669067382812
6181.5 1583.5655975341797
6181.8 1170.8837985992432
6182.1 1259.972578048706
6182.4 1601.5321836471558
6182.7 1484.2304239273071
6183.0 1654.647617340088
6183.3 1613.353229522705
6183.6 2184.276792526245
6183.9 1871.6703701019287
6184.2 1045.256555557251
6184.5 1274.0607604980469
6184.8 1473.8487176895142
6185.1 1647.5612726211548
6185.4 1982.6817054748535
6185.7 1329.6438465118408
6186.0 1391.9203786849976
6186.3 1166.925142288208
6186.6 1308.9536113739014
6186.9 1491.6467332839966
6187.2 1791.4377965927124
6187.5 1269.084098815918
6187.8 658.8814837932587
6188.1 770.581226348877
6188.4 1633.4136867523193
6188.7 1601.0749740600586
6189.0 1590.0593709945679
6189.3 1460.897117137909
6189.6 1823.6212434768677
6189.9 1691.7867813110352
6190.2 1618.929892539978
6190.5 1755.2360887527466
6190.8 1426.827069759369
6191.1 1729.233515739441
6191.4 1449.9611115455627
6191.7 1342.1356415748596
6192.0 1815.952735900879
6192.3 1533.8500657081604
6192.6 1858.529866218567
6192.9 1175.0032498836517
6193.2 907.3186855316162
6193.5 1077.123962879181
6193.8 1283.3305950164795
6194.1 1165.4425897598267
6194.4 880.6934285163879
6194.7 818.3203682899475
6195.0 906.9129552841187
6195.3 734.1160521507263
6195.6 753.496503829956
6195.9 844.49977684021
6196.2 1087.3878135681152
6196.5 820.1266713142395
6196.8 699.0862324237823
6197.1 647.7804338932037
6197.4 812.8342045545578
6197.7 800.9210608005524
6198.0 599.6703264713287
6198.3 746.4939377307892
6198.6 729.2140362262726
6198.9 799.6078643798828
6199.2 886.4536418914795
6199.5 659.0153784751892
6199.8 631.4848146438599
6200.1 631.6447808742523
6200.4 550.9206440187991
6200.7 955.9277234077454
6201.0 797.1432704925537
6201.3 723.5839397907257
6201.6 1039.9949970245361
6201.9 1109.7045516967773
6202.2 892.2870583534241
6202.5 1069.9837470054626
6202.8 880.7008633613586
6203.1 691.1027939915657
6203.4 650.8267822265625
6203.7 885.2434711456299
6204.0 813.1892166137695
6204.3 877.2784142494202
6204.6 867.3892092704773
6204.9 745.2375100553036
6205.2 709.1063975021243
6205.5 572.7397024938837
6205.8 710.365736246109
6206.1 852.3009223937988
6206.4 752.2196021080017
6206.7 659.0427768230438
6207.0 754.4201602190733
6207.3 765.2711606025696
6207.6 874.1685719490051
6207.9 844.0176448822021
6208.2 661.073565363884
6208.5 677.0540509223938
6208.8 705.9877786636353
6209.1 764.1799786090851
6209.4 739.1785228252411
6209.7 630.6036578416824
6210.0 711.3976868391037
6210.3 931.0730788707733
6210.6 878.7053847312927
6210.9 817.6374969482422
6211.2 780.3018281459808
6211.5 817.645866394043
6211.8 913.4361200332642
6212.1 965.8132576942444
6212.4 791.2056093215942
6212.7 758.8559012413025
6213.0 1004.68323802948
6213.3 754.1479308605194
6213.6 710.8874717950821
6213.9 916.7671413421631
6214.2 870.0777654647827
6214.5 662.7518587112427
6214.8 625.7667111158371
6215.1 742.143944978714
6215.4 748.658620595932
6215.7 793.0179843902588
6216.0 609.4069530963898
6216.3 744.6023833751678
6216.6 747.6967856884003
6216.9 893.7082514762878
6217.2 844.8613443374634
6217.5 745.4200682640076
6217.8 748.9136075973511
6218.1 705.0136380195618
6218.4 767.8820421695709
6218.7 853.0013792514801
6219.0 886.6702637672424
6219.3 831.834722995758
6219.6 682.1439983844757
6219.9 824.5738554000854
6220.2 894.1724128723145
6220.5 831.9813188314438
6220.8 1021.1270270347595
6221.1 1049.3503770828247
6221.4 807.5566818714142
6221.7 1226.065098285675
6222.0 1025.3808856010437
6222.3 830.4570786952972
6222.6 933.129581451416
6222.9 829.7701907157898
6223.2 495.11406099796295
6223.5 614.808114528656
6223.8 745.0531935691833
6224.1 759.9879767894745
6224.4 673.2165360450745
6224.7 665.3177975416183
6225.0 801.9782991409302
6225.3 797.6154470443726
6225.6 783.5808687210083
6225.9 614.7085912227631
6226.2 439.8925598459318
6226.5 496.99257077276707
6226.8 779.3727021217346
6227.1 662.9175553321838
6227.4 689.5654649734497
6227.7 682.4999167919159
6228.0 747.1371524333954
6228.3 768.2437111735344
6228.6 840.180507183075
6228.9 766.8745522499084
6229.2 681.6738777160645
6229.5 712.8019254207611
6229.8 886.3288769721985
6230.1 810.9978065490723
6230.4 539.0095747634768
6230.7 641.702018737793
6231.0 775.8192191123962
6231.3 892.9269280433655
6231.6 706.7782788276672
6231.9 662.224621295929
6232.2 512.4073895562906
6232.5 622.8831338882446
6232.8 632.5665714740753
6233.1 1108.6210012435913
6233.4 905.1574714183807
6233.7 884.9643473625183
6234.0 1000.2609610557556
6234.3 1149.2895045280457
6234.6 1129.8800020217896
6234.9 1317.4489159584045
6235.2 1166.4814267158508
6235.5 1175.7833180427551
6235.8 1326.7573585510254
6236.1 1162.0613927841187
6236.4 665.1457174420357
6236.7 990.911684513092
6237.0 777.8575205802917
6237.3 773.283301115036
6237.6 832.832234621048
6237.9 640.2354071140289
6238.2 841.4083280563354
6238.5 815.0112428665161
6238.8 617.3091982901096
6239.1 915.1681809425354
6239.4 904.2612280845642
6239.7 925.5427432060242
6240.0 924.6641602516174
6240.3 811.8623189926147
6240.6 791.8035492897034
6240.9 818.6900913715363
6241.2 909.7156419754028
6241.5 862.4576497077942
6241.8 952.9582228660583
6242.1 714.7310206890106
6242.4 888.7558002471924
6242.7 780.4930768013
6243.0 934.8441905975342
6243.3 830.2516212463379
6243.6 1014.6039266586304
6243.9 788.5065698623657
6244.2 700.0888636112213
6244.5 796.8718478679657
6244.8 773.01189661026
6245.1 716.2516973018646
6245.4 592.9969582557678
6245.7 739.7997698783875
6246.0 849.368230342865
6246.3 664.2479156255722
6246.6 528.8096284046769
6246.9 772.7106399536133
6247.2 760.8351051807404
6247.5 950.0814952850342
6247.8 798.7816433906555
6248.1 719.7260584831238
6248.4 681.0235481262207
6248.7 719.791277885437
6249.0 707.6193276047707
6249.3 792.8850545883179
6249.6 651.5516374111176
6249.9 706.780503988266
6250.2 742.5564441680908
6250.5 708.2752447128296
6250.8 564.74729347229
6251.1 680.5458798408508
6251.4 664.437303841114
6251.7 712.3161891698837
6252.0 873.1054620742798
6252.3 657.549045085907
6252.6 670.839914560318
6252.9 662.7561223506927
6253.2 667.4270623922348
6253.5 778.4846014976501
6253.8 748.0400772094727
6254.1 557.9176051616669
6254.4 791.6758699417114
6254.7 764.6133480072021
6255.0 784.7293319702148
6255.3 818.6114182472229
6255.6 641.8340669870377
6255.9 865.5613985061646
6256.2 933.542004108429
6256.5 602.1884753704071
6256.8 1070.2904686927795
6257.1 1419.4948024749756
6257.4 990.8603315353394
6257.7 1006.9454855918884
6258.0 1395.6979637145996
6258.3 1158.5613098144531
6258.6 803.3916821479797
6258.9 883.7138576507568
6259.2 633.0578601360321
6259.5 648.5058898925781
6259.8 567.9451749324799
6260.1 631.3310277462006
6260.4 628.4621930122375
6260.7 724.3134050369263
6261.0 889.7493052482605
6261.3 770.6321985721588
6261.6 672.4727327823639
6261.9 464.2025454955874
6262.2 685.7862298488617
6262.5 727.4487040042877
6262.8 647.0866720676422
6263.1 497.3118369579315
6263.4 509.6329617500305
6263.7 715.3435790538788
6264.0 814.7678146362305
6264.3 1045.1600136756897
6264.6 889.4980642795563
6264.9 773.1662602424622
6265.2 926.0584225654602
6265.5 560.3223465830088
6265.8 614.1576962471008
6266.1 720.1799228191376
6266.4 640.1096796989441
6266.7 552.4482259750366
6267.0 573.2206736803055
6267.3 498.22344540804625
6267.6 527.2377725839615
6267.9 467.0119169354439
6268.2 607.9583458900452
6268.5 543.572800040245
6268.8 708.5461573600769
6269.1 807.7865796089172
6269.4 555.3769630789757
6269.7 549.2414031028748
6270.0 844.1638646125793
6270.3 805.3118755817413
6270.6 714.2688539028168
6270.9 596.2242344617844
6271.2 690.4556756019592
6271.5 739.5344684123993
6271.8 625.2676399946213
6272.1 768.6060218811035
6272.4 699.7623906135559
6272.7 740.2282958030701
6273.0 662.4612407684326
6273.3 705.9972469806671
6273.6 606.3425887823105
6273.9 500.9584302306175
6274.2 509.37548899650574
6274.5 693.617424249649
6274.8 688.7742877006531
6275.1 532.7288682460785
6275.4 580.4962503910065
6275.7 704.8827621936798
6276.0 703.5100839138031
6276.3 699.4641573429108
6276.6 565.589878320694
6276.9 638.5194697380066
6277.2 734.7308373451233
6277.5 649.2815690040588
6277.8 648.7988154888153
6278.1 607.8284780979156
6278.4 719.6416621208191
6278.7 641.8443622589111
6279.0 599.9284710884094
6279.3 643.2694373130798
6279.6 638.8696868419647
6279.9 649.2453327178955
6280.2 640.3034956455231
6280.5 510.41606736183167
6280.8 490.4684249460697
6281.1 578.8868262171745
6281.4 633.5761177539825
6281.7 708.6797637939453
6282.0 682.7801966667175
6282.3 629.9895646572113
6282.6 658.0875124931335
6282.9 746.7504439353943
6283.2 828.1860785484314
6283.5 802.1000351905823
6283.8 714.471498966217
6284.1 750.0742001533508
6284.4 786.6253328323364
6284.7 562.393632888794
6285.0 585.1332758665085
6285.3 808.3165998458862
6285.6 667.4843349456787
6285.9 713.1706979870796
6286.2 966.3684830665588
6286.5 1311.0776162147522
6286.8 870.2450618743896
6287.1 789.8438768386841
6287.4 1238.797519683838
6287.7 1119.0253853797913
6288.0 772.552164554596
6288.3 735.3739454746246
6288.6 763.9242949485779
6288.9 610.5456824302673
6289.2 711.4521448612213
6289.5 789.5782318115234
6289.8 623.829422712326
6290.1 458.1781513392925
6290.4 530.1359171867371
6290.7 600.405574798584
6291.0 713.3608956336975
6291.3 554.9334255456924
6291.6 336.7132681659423
6291.9 582.5766322612762
6292.2 772.5060458183289
6292.5 744.158989906311
6292.8 670.6816158294678
6293.1 636.4582660198212
6293.4 549.4352598190308
6293.7 496.67057970166206
6294.0 811.2151169776917
6294.3 598.731481552124
6294.6 520.4486892223358
6294.9 590.5031435489655
6295.2 548.301900267601
6295.5 842.9894876480103
6295.8 871.741024017334
6296.1 561.2592133283615
6296.4 633.5509629249573
6296.7 672.0771944522858
6297.0 775.7080590724945
6297.3 897.0568857192993
6297.6 688.3413949012756
6297.9 539.9314877837896
6298.2 857.5712394714355
6298.5 1533.5106754302979
6298.8 1098.1052280068398
6299.1 10084.805274963379
6299.4 13618.98713684082
6299.7 926.933284342289
6300.0 2584.3924231529236
6300.3 15675.095886230469
6300.6 8131.908863067627
6300.9 903.5577970445156
6301.2 1036.3829436302185
6301.5 880.0488452911377
6301.8 522.033489166759
6302.1 666.1560802459717
6302.4 703.0705156326294
6302.7 678.1987442970276
6303.0 596.4222992658615
6303.3 748.3076305389404
6303.6 783.6287641525269
6303.9 728.5551578998566
6304.2 757.7528183460236
6304.5 729.3152215480804
6304.8 700.8355901241302
6305.1 719.3047561645508
6305.4 516.2544944286346
6305.7 891.8660473823547
6306.0 1179.1850981712341
6306.3 789.5673413276672
6306.6 1116.7485995292664
6306.9 1330.6619157791138
6307.2 950.7811374664307
6307.5 689.9223709106445
6307.8 681.360673904419
6308.1 575.3526480197906
6308.4 529.6781709194183
6308.7 556.2296047210693
6309.0 705.1296558380127
6309.3 560.00261926651
6309.6 734.9002051353455
6309.9 639.1854374408722
6310.2 659.2796897888184
6310.5 746.9536707401276
6310.8 604.2122285366058
6311.1 578.2475860118866
6311.4 608.506144285202
6311.7 539.9363858699799
6312.0 746.094583272934
6312.3 690.3271408081055
6312.6 597.6776130199432
6312.9 709.6620364189148
6313.2 698.1078805923462
6313.5 598.0401339530945
6313.8 597.1302638053894
6314.1 596.9650273323059
6314.4 689.6072874069214
6314.7 754.1231055259705
6315.0 669.0047173500061
6315.3 548.2886643409729
6315.6 611.5155148506165
6315.9 613.266762971878
6316.2 689.2931566238403
6316.5 803.0011625289917
6316.8 708.0996618270874
6317.1 541.4059972763062
6317.4 521.1963410377502
6317.7 596.9516323804855
6318.0 605.1128315925598
6318.3 670.8934712409973
6318.6 510.07318353652954
6318.9 453.2264428138733
6319.2 518.4099133014679
6319.5 692.1589541435242
6319.8 571.3393725156784
6320.1 721.4976921081543
6320.4 964.7719578742981
6320.7 995.466908454895
6321.0 923.164140701294
6321.3 841.3915967941284
6321.6 686.0872747898102
6321.9 526.1555799245834
6322.2 740.9925985336304
6322.5 485.8812130689621
6322.8 604.964789390564
6323.1 751.0147895812988
6323.4 730.5604677200317
6323.7 643.6064345836639
6324.0 546.6139577627182
6324.3 690.3084845542908
6324.6 736.6662261486053
6324.9 840.9157271385193
6325.2 698.1860785484314
6325.5 636.0771446228027
6325.8 727.5324099063873
6326.1 562.6707723140717
6326.4 679.652357339859
6326.7 583.0521484613419
6327.0 679.3558259010315
6327.3 849.8394479751587
6327.6 632.8583464622498
6327.9 829.5663437843323
6328.2 661.808818757534
6328.5 649.0178351700306
6328.8 1013.696216583252
6329.1 798.4103517532349
6329.4 778.6813660860062
6329.7 1168.7004580497742
6330.0 1107.9162774085999
6330.3 704.0368449687958
6330.6 688.8246006965637
6330.9 553.5675845146179
6331.2 463.1904082298279
6331.5 661.2169764041901
6331.8 652.1867725849152
6332.1 646.5244085788727
6332.4 592.5915989875793
6332.7 633.6643218994141
6333.0 613.050809264183
6333.3 592.6971712708473
6333.6 671.6702816486359
6333.9 726.3542385101318
6334.2 613.8386069536209
6334.5 553.5209512710571
6334.8 545.8463077545166
6335.1 604.377447605133
6335.4 530.5397520065308
6335.7 785.2857394218445
6336.0 797.9048585891724
6336.3 436.9741521477699
6336.6 475.4185914993286
6336.9 676.6750671863556
6337.2 457.7035203501582
6337.5 580.4922919273376
6337.8 530.0437371730804
6338.1 460.8087504822761
6338.4 611.44380402565
6338.7 543.712996840477
6339.0 706.5843830108643
6339.3 536.31258893013
6339.6 346.1604905128479
6339.9 541.0916101932526
6340.2 630.7661702632904
6340.5 490.3552594780922
6340.8 772.2607765197754
6341.1 660.0321123600006
6341.4 640.6442503929138
6341.7 623.9781181812286
6342.0 695.402765750885
6342.3 670.7334780693054
6342.6 660.6193685531616
6342.9 647.8784561157227
6343.2 685.9326312541962
6343.5 746.27667760849
6343.8 515.3353381156921
6344.1 440.96030575037
6344.4 588.0098402500153
6344.7 581.8117932081223
6345.0 668.9351980686188
6345.3 674.594545841217
6345.6 580.0623686313629
6345.9 602.7225704193115
6346.2 643.9797263145447
6346.5 661.8196413516998
6346.8 466.0206118822098
6347.1 569.5426416397095
6347.4 666.9319772720337
6347.7 707.3753089904785
6348.0 708.6613922119141
6348.3 691.2967844009399
6348.6 776.5696425437927
6348.9 729.4185736179352
6349.2 568.3874032497406
6349.5 545.124425649643
6349.8 582.9804494380951
6350.1 560.6372621059418
6350.4 522.973534822464
6350.7 740.0359554290771
6351.0 713.1823711395264
6351.3 549.5889008045197
6351.6 532.892813205719
6351.9 535.6929088830948
6352.2 418.01264275610447
6352.5 672.8113329410553
6352.8 528.7820395231247
6353.1 478.45865297317505
6353.4 363.369334243238
6353.7 442.20087000355124
6354.0 613.03602206707
6354.3 448.22428047657013
6354.6 597.7592530250549
6354.9 550.7991874217987
6355.2 777.1595706939697
6355.5 902.5732245445251
6355.8 591.4632168412209
6356.1 859.6408681869507
6356.4 900.637403011322
6356.7 738.5751414299011
6357.0 581.6414713859558
6357.3 724.3374674320221
6357.6 630.7288720607758
6357.9 520.2801516056061
6358.2 461.5361075401306
6358.5 475.2895208001137
6358.8 486.421902179718
6359.1 581.4126482009888
6359.4 647.381655216217
6359.7 701.2763743400574
6360.0 718.4485120773315
6360.3 709.6962060928345
6360.6 800.1808071136475
6360.9 734.4032511711121
6361.2 702.7817838191986
6361.5 590.3746945858002
6361.8 677.5719146728516
6362.1 627.3868678417057
6362.4 1162.5496559143066
6362.7 4308.800712585449
6363.0 2545.583351135254
6363.3 -1716.0747168064117
6363.6 2805.596616744995
6363.9 5351.4354248046875
6364.2 1812.9724960327148
6364.5 512.787135399878
6364.8 842.6167254447937
6365.1 539.1005314588547
6365.4 543.4256583750248
6365.7 785.88481092453
6366.0 624.8086349964142
6366.3 490.062832146883
6366.6 572.9403688907623
6366.9 574.9088232517242
6367.2 583.3005564212799
6367.5 450.51628023386
6367.8 332.5558198392391
6368.1 525.1746985912323
6368.4 615.2804846763611
6368.7 691.9307522773743
6369.0 505.6301488876343
6369.3 609.0439115762711
6369.6 578.0438179969788
6369.9 627.5462007522583
6370.2 472.0881222486496
6370.5 390.11966214561835
6370.8 468.751148654148
6371.1 721.2500619888306
6371.4 661.8601050376892
6371.7 702.5677144527435
6372.0 587.8763570785522
6372.3 652.8201642036438
6372.6 623.3905463218689
6372.9 560.5557514429092
6373.2 533.6689109802246
6373.5 681.5477452278137
6373.8 737.9700598716736
6374.1 653.1274635791779
6374.4 557.4763431549072
6374.7 456.06404998898506
6375.0 511.9126960039139
6375.3 521.4521015882492
6375.6 551.7655345201492
6375.9 478.4666635990143
6376.2 538.1143136024475
6376.5 544.5295855998993
6376.8 492.23245561122894
6377.1 514.7889909744263
6377.4 790.9524812698364
6377.7 687.1967561244965
6378.0 635.9407796859741
6378.3 566.8543697595596
6378.6 506.0102778673172
6378.9 546.9110245704651
6379.2 507.9436546266079
6379.5 534.0271860361099
6379.8 511.404708892107
6380.1 616.5379059314728
6380.4 461.4905568398535
6380.7 510.69820070266724
6381.0 576.3980441093445
6381.3 592.7607026100159
6381.6 566.3738083839417
6381.9 557.9503121376038
6382.2 621.0969269275665
6382.5 472.72277307510376
6382.8 465.5171593427658
6383.1 497.11165940761566
6383.4 492.9977784752846
6383.7 607.1415379047394
6384.0 631.9884486198425
6384.3 638.7361679077148
6384.6 785.317587852478
6384.9 508.9291506409645
6385.2 559.2784156799316
6385.5 611.011513710022
6385.8 504.64389967918396
6386.1 425.7859637439251
6386.4 662.2648184299469
6386.7 604.9452221393585
6387.0 415.3232556581497
6387.3 620.8898622989655
6387.6 499.5002819299698
6387.9 490.4238069653511
6388.2 522.0966556072235
6388.5 602.6669228076935
6388.8 530.2252894043922
6389.1 657.1492624282837
6389.4 665.0977382659912
6389.7 683.7699604034424
6390.0 711.3600924015045
6390.3 779.6595158576965
6390.6 748.5060515403748
6390.9 746.6471104621887
6391.2 687.5156083106995
6391.5 603.6524908542633
6391.8 612.9144368171692
6392.1 717.2666916847229
6392.4 675.4674003124237
6392.7 681.8821105957031
6393.0 748.311425447464
6393.3 801.1570553779602
6393.6 877.1876797676086
6393.9 813.7194495201111
6394.2 855.5662741661072
6394.5 961.3726840019226
6394.8 1065.6108131408691
6395.1 821.2793083190918
6395.4 707.6131346225739
6395.7 794.2991588115692
6396.0 727.9872627258301
6396.3 760.8134727478027
6396.6 815.573842048645
6396.9 716.6128833293915
6397.2 633.9993181228638
6397.5 670.102165222168
6397.8 527.8648873567581
6398.1 737.0229878425598
6398.4 710.2156910896301
6398.7 780.2358384132385
6399.0 706.5020036697388
6399.3 646.1765582561493
6399.6 705.3454585075378
6399.9 535.706915140152
6400.2 642.7968983650208
6400.5 550.7669034004211
6400.8 517.5811566114426
6401.1 487.74517464637756
6401.4 692.7063841819763
6401.7 620.9212747216225
6402.0 551.475257396698
6402.3 664.2700018882751
6402.6 578.9387238025665
6402.9 457.2817701101303
6403.2 528.6952242851257
6403.5 727.6895995140076
6403.8 549.1775994300842
6404.1 647.160489320755
6404.4 541.5204229354858
6404.7 463.1390120983124
6405.0 558.9463361501694
6405.3 599.1064769625664
6405.6 622.1447861194611
6405.9 597.752699136734
6406.2 558.1851601600647
6406.5 608.4644606113434
6406.8 697.867089509964
6407.1 613.6371831893921
6407.4 595.7120983600616
6407.7 648.4105722904205
6408.0 502.9939900636673
6408.3 488.96611642837524
6408.6 554.2684705257416
6408.9 495.2446165084839
6409.2 525.2402756214142
6409.5 542.2725028991699
6409.8 571.4994175434113
6410.1 525.1128962039948
6410.4 492.52071738243103
6410.7 454.3623125553131
6411.0 372.4045859873295
6411.3 498.2476601600647
6411.6 571.135068655014
6411.9 609.5991225242615
6412.2 551.7151691913605
6412.5 595.8774144649506
6412.8 785.2313756942749
6413.1 476.5141621828079
6413.4 404.9734003841877
6413.7 651.259708404541
6414.0 477.43445682525635
6414.3 442.63208508491516
6414.6 383.01738637685776
6414.9 331.87175166606903
6415.2 569.2968993186951
6415.5 572.2730038166046
6415.8 618.8268766403198
6416.1 668.0841991901398
6416.4 535.5852837562561
6416.7 442.80243706703186
6417.0 519.869421005249
6417.3 579.500941991806
6417.6 564.7262799739838
6417.9 499.949343085289
6418.2 540.9860985279083
6418.5 517.8476724624634
6418.8 451.348135471344
6419.1 565.7666592597961
6419.4 573.414999961853
6419.7 487.01537881046534
6420.0 455.6297000646591
6420.3 643.1407556533813
6420.6 540.1207307577133
6420.9 557.648202419281
6421.2 534.7165336608887
6421.5 350.49922324717045
6421.8 283.6283859256655
6422.1 502.2672988176346
6422.4 517.4322546720505
6422.7 437.6380590200424
6423.0 461.64033472537994
6423.3 408.36273765563965
6423.6 581.5125064849854
6423.9 548.0289175510406
6424.2 443.16899156570435
6424.5 587.3205804824829
6424.8 495.8601445555687
6425.1 482.80755895376205
6425.4 545.5086262226105
6425.7 482.5765211582184
6426.0 534.4130237102509
6426.3 465.75564444065094
6426.6 318.0271277818829
6426.9 470.63596898317337
6427.2 549.8702747821808
6427.5 532.9201850891113
6427.8 474.85860323905945
6428.1 553.2046320438385
6428.4 541.6931030750275
6428.7 434.22974576056004
6429.0 504.78239047527313
6429.3 499.29795876145363
6429.6 473.23161178827286
6429.9 702.8602874279022
6430.2 547.1724498271942
6430.5 624.1981868743896
6430.8 567.4278852939606
6431.1 642.3229558467865
6431.4 615.953230381012
6431.7 502.290758728981
6432.0 475.37387216091156
6432.3 400.0477310977876
6432.6 637.2735424041748
6432.9 651.8052732944489
6433.2 559.1116800308228
6433.5 495.26220750808716
6433.8 339.61131835356355
6434.1 478.3745905160904
6434.4 379.79882353544235
6434.7 528.089035153389
6435.0 354.381086230278
6435.3 383.67256131768227
6435.6 448.4390771687031
6435.9 514.6688920259476
6436.2 577.1538798809052
6436.5 456.9695632457733
6436.8 346.91462989198044
6437.1 473.36617612838745
6437.4 554.741188287735
6437.7 583.4857425689697
6438.0 440.0450679063797
6438.3 389.85556921362877
6438.6 430.7025567293167
6438.9 492.0483355522156
6439.2 488.1337900161743
6439.5 286.85461179725826
6439.8 518.7664074897766
6440.1 720.0089018344879
6440.4 619.3597159385681
6440.7 432.90672332048416
6441.0 531.7359464168549
6441.3 569.7704365253448
6441.6 532.1647902727127
6441.9 599.7058572769165
6442.2 531.8412418365479
6442.5 594.5927801132202
6442.8 677.5474610328674
6443.1 387.24169753771275
6443.4 404.7722115260549
6443.7 418.9096087217331
6444.0 538.0410847663879
6444.3 464.4531933069229
6444.6 392.85848623514175
6444.9 507.9725351333618
6445.2 537.9603199958801
6445.5 470.5420503616333
6445.8 457.5022283196449
6446.1 492.74523854255676
6446.4 358.7764146924019
6446.7 481.9483597278595
6447.0 697.3526253700256
6447.3 615.1562914848328
6447.6 580.7137674093246
6447.9 514.4029393196106
6448.2 524.5666499137878
6448.5 501.4249141216278
6448.8 331.95511215162696
6449.1 496.5795907974243
6449.4 404.98312389850616
6449.7 469.35396921634674
6450.0 475.45099997520447
6450.3 469.1645402908325
6450.6 556.0595028400421
6450.9 540.2057905197144
6451.2 512.5193796157837
6451.5 460.99778842926025
6451.8 646.3157935142517
6452.1 597.2506353855133
6452.4 378.8812675476074
6452.7 524.9027695655823
6453.0 564.1473212242126
6453.3 509.24097657203674
6453.6 644.064215183258
6453.9 669.9869074821472
6454.2 523.2762930393219
6454.5 520.1558105945587
6454.8 415.2642214000225
6455.1 325.15937703847885
6455.4 463.6371057033539
6455.7 561.0982630252838
6456.0 602.4209253787994
6456.3 544.13805103302
6456.6 534.0023474693298
6456.9 395.09420520067215
6457.2 570.057252407074
6457.5 564.066554069519
6457.8 546.4275777339935
6458.1 347.8625034689903
6458.4 507.52310013771057
6458.7 480.0021744966507
6459.0 553.1519651412964
6459.3 600.4082322120667
6459.6 593.3477959632874
6459.9 486.8413727283478
6460.2 448.98121750354767
6460.5 450.0143120288849
6460.8 467.96750366687775
6461.1 524.8551189601421
6461.4 545.4612216949463
6461.7 551.1707534790039
6462.0 561.7410233020782
6462.3 552.5298166275024
6462.6 470.58324563503265
6462.9 583.7618777751923
6463.2 539.6863877773285
6463.5 553.0311148166656
6463.8 519.9869626760483
6464.1 572.233856678009
6464.4 509.8738639354706
6464.7 537.195752620697
6465.0 647.8590676784515
6465.3 314.9635551571846
6465.6 515.9736568927765
6465.9 798.7179117202759
6466.2 651.3934886455536
6466.5 548.0317364931107
6466.8 681.5973079204559
6467.1 483.87317906320095
6467.4 483.06062507629395
6467.7 482.324156999588
6468.0 509.63201546669006
6468.3 442.1143887042999
6468.6 491.6142506599426
6468.9 500.8707928657532
6469.2 497.70998322963715
6469.5 413.2893350124359
6469.8 455.6401889324188
6470.1 512.8600589334965
6470.4 593.1062529087067
6470.7 478.6004067659378
6471.0 648.5640683174133
6471.3 466.4382514357567
6471.6 537.254242181778
6471.9 599.4463107585907
6472.2 436.6402635574341
6472.5 371.43712699902244
6472.8 457.31881725788116
6473.1 413.6118878722191
6473.4 429.14888310432434
6473.7 461.63823342323303
6474.0 470.3180322647095
6474.3 487.09242963790894
6474.6 455.3384590148926
6474.9 480.1674473285675
6475.2 498.285031080246
6475.5 464.6667277812958
6475.8 353.9450779259205
6476.1 278.0087212212384
6476.4 430.1202837228775
6476.7 459.6162043809891
6477.0 560.5185308456421
6477.3 577.449223279953
6477.6 422.7610043659806
6477.9 454.26316487789154
6478.2 298.74462998844683
6478.5 429.6817007958889
6478.8 463.82456666231155
6479.1 497.288836479187
6479.4 417.66061067581177
6479.7 526.5929816961288
6480.0 565.3112165927887
6480.3 490.0976791381836
6480.6 453.57417272776365
6480.9 661.064957857132
6481.2 501.77318823337555
6481.5 470.2658849954605
6481.8 540.6702778339386
6482.1 318.4438973534852
6482.4 476.81022787094116
6482.7 414.03919464349747
6483.0 409.7622992992401
6483.3 344.4311130736023
6483.6 402.9292259775102
6483.9 450.1855653524399
6484.2 390.76807848364115
6484.5 374.56741634756327
6484.8 329.66923351213336
6485.1 386.1108546052128
6485.4 513.0687795877457
6485.7 500.05006539821625
6486.0 510.40144753456116
6486.3 419.29892122745514
6486.6 447.2770400047302
6486.9 436.8200672864914
6487.2 390.10107803344727
6487.5 407.7437289208174
6487.8 471.92698833346367
6488.1 392.8636635541916
6488.4 452.025622010231
6488.7 319.82832375355065
6489.0 265.3356855288148
6489.3 457.5069260597229
6489.6 570.704920053482
6489.9 498.78740072250366
6490.2 440.9786254763603
6490.5 449.7785974740982
6490.8 424.5721046924591
6491.1 438.675319314003
6491.4 363.7067670673132
6491.7 402.9663339853287
6492.0 529.2317204475403
6492.3 503.4506137371063
6492.6 485.3259178996086
6492.9 314.2718070279807
6493.2 383.02305936813354
6493.5 458.41054850816727
6493.8 468.6984189748764
6494.1 361.53581643104553
6494.4 325.61423563957214
6494.7 417.58813712745905
6495.0 433.6186008453369
6495.3 370.054146528244
6495.6 402.76130509376526
6495.9 439.2404403090477
6496.2 332.5775539595634
6496.5 499.52366161346436
6496.8 674.8639945983887
6497.1 454.3833360671997
6497.4 314.6947740316391
6497.7 845.5986313819885
6498.0 657.7465634346008
6498.3 213.83594050444663
6498.6 533.0455223321915
6498.9 631.4940137863159
6499.2 375.25166219472885
6499.5 321.5006148032844
6499.8 467.79645574092865
6500.1 427.99236500263214
6500.4 483.87656366825104
6500.7 504.06343364715576
6501.0 325.9442341439426
6501.3 413.91186356544495
6501.6 522.7134780883789
6501.9 440.65345442295074
6502.2 503.58105421066284
6502.5 346.038967192173
6502.8 380.0131652355194
6503.1 542.69611287117
6503.4 430.78268322348595
6503.7 494.909143447876
6504.0 505.5540726184845
6504.3 614.5474376678467
6504.6 554.0721569061279
6504.9 487.75074541568756
6505.2 542.1696524620056
6505.5 328.4257250141818
6505.8 408.5546079277992
6506.1 438.7393961548805
6506.4 395.2777722477913
6506.7 392.87340849637985
6507.0 384.7393282055855
6507.3 562.2286403179169
6507.6 485.12032198905945
6507.9 437.5008034706116
6508.2 434.612432718277
6508.5 557.8585090637207
6508.8 442.10029166936874
6509.1 448.58290803432465
6509.4 472.27353143692017
6509.7 398.68066668510437
6510.0 413.30997610092163
6510.3 363.6847993135452
6510.6 318.1345110759139
6510.9 365.4912316799164
6511.2 489.03428173065186
6511.5 360.51015770435333
6511.8 485.5721127986908
6512.1 424.91107416152954
6512.4 473.1442300081253
6512.7 311.3733674734831
6513.0 372.3148009777069
6513.3 429.0082085132599
6513.6 346.1796619594097
6513.9 332.7330115661025
6514.2 391.3291126489639
6514.5 396.28779086470604
6514.8 489.8473055064678
6515.1 539.0026109218597
6515.4 466.83237171173096
6515.7 441.0721212029457
6516.0 416.90509128570557
6516.3 398.16469502449036
6516.6 345.3320369720459
6516.9 402.21532905101776
6517.2 375.0861720442772
6517.5 351.39394173026085
6517.8 444.0558156967163
6518.1 408.34222960472107
6518.4 299.42542788386345
6518.7 270.3768490999937
6519.0 438.0881150960922
6519.3 415.051484644413
6519.6 325.3389136977494
6519.9 433.16140455007553
6520.2 427.6807440519333
6520.5 284.7495930045843
6520.8 419.23761439323425
6521.1 334.8964147437364
6521.4 379.5748979076743
6521.7 475.4425780773163
6522.0 326.97037491202354
6522.3 388.71654057502747
6522.6 399.7198324203491
6522.9 456.9753999710083
6523.2 413.91357922554016
6523.5 344.8996744416654
6523.8 324.09754964895546
6524.1 372.1736804842949
6524.4 436.55242931842804
6524.7 325.614591807127
6525.0 411.22031140327454
6525.3 461.20526826381683
6525.6 526.0908366441727
6525.9 528.5737152099609
6526.2 396.43949940800667
6526.5 509.67418241500854
6526.8 572.3513530492783
6527.1 527.5104907751083
6527.4 463.9711709022522
6527.7 497.7303171157837
6528.0 495.58391308784485
6528.3 445.7131063938141
6528.6 453.9575479030609
6528.9 366.8258469104767
6529.2 242.4125382862985
6529.5 309.23922263272107
6529.8 298.64878391101956
6530.1 404.95368707180023
6530.4 452.45668363571167
6530.7 340.5763075351715
6531.0 344.55095314979553
6531.3 420.05435729026794
6531.6 238.26456253253855
6531.9 582.6655406951904
6532.2 648.3916747570038
6532.5 422.2721598893404
6532.8 322.20099472254515
6533.1 728.9617397785187
6533.4 579.7967218160629
6533.7 385.7430502772331
6534.0 429.7910016775131
6534.3 337.7493461165577
6534.6 372.1061717271805
6534.9 355.5726239681244
6535.2 364.2436238527298
6535.5 243.4723698720336
6535.8 425.41811311244965
6536.1 483.1665008068085
6536.4 434.7411072254181
6536.7 467.2561790943146
6537.0 431.9457846879959
6537.3 326.8340299129486
6537.6 378.13556027412415
6537.9 353.23283779621124
6538.2 316.7659503445029
6538.5 368.2051807641983
6538.8 276.9936734822113
6539.1 339.733200609684
6539.4 375.2115806341171
6539.7 301.32502331212163
6540.0 289.1186798233539
6540.3 217.70690193027258
6540.6 272.0305170241045
6540.9 349.8901355601847
6541.2 313.3784923180938
6541.5 335.7405170574784
6541.8 295.0627429187298
6542.1 426.3830350637436
6542.4 559.8156895637512
6542.7 413.5532203912735
6543.0 430.45118844509125
6543.3 411.9884502887726
6543.6 491.6685119867325
6543.9 486.164168715477
6544.2 258.2417246438563
6544.5 194.44813697971404
6544.8 277.02250442653894
6545.1 394.89181300997734
6545.4 327.17248343862593
6545.7 363.47487181425095
6546.0 368.9849690794945
6546.3 323.53790178336203
6546.6 398.5598360300064
6546.9 461.594225525856
6547.2 343.98107689619064
6547.5 441.5694050192833
6547.8 479.6041462421417
6548.1 368.19165378808975
6548.4 385.12568205595016
6548.7 499.54881477355957
6549.0 478.1216163635254
6549.3 379.5006104335189
6549.6 503.2463729381561
6549.9 218.90080408006907
6550.2 363.4850368499756
6550.5 363.79430681467056
6550.8 397.2745679616928
6551.1 468.9123375415802
6551.4 427.10486686229706
6551.7 489.2171859741211
6552.0 343.72260907292366
6552.3 366.4760822355747
6552.6 587.9654412269592
6552.9 469.47974103689194
6553.2 57.13229584693909
6553.5 485.81041431427
6553.8 486.87006855010986
6554.1 331.93936501443386
6554.4 318.65370366722345
6554.7 355.989717900753
6555.0 419.04111409187317
6555.3 403.4685329515487
6555.6 351.3918487727642
6555.9 333.1415931582451
6556.2 255.03270341455936
6556.5 381.77166426181793
6556.8 400.7729489803314
6557.1 380.89555618166924
6557.4 435.90805554389954
6557.7 343.2977137565613
6558.0 349.627348780632
6558.3 310.7609830237925
6558.6 463.64408016204834
6558.9 396.8341542482376
6559.2 277.5234823413193
6559.5 385.7832105755806
6559.8 437.12092995643616
6560.1 315.0244489373872
6560.4 172.61301096528769
6560.7 352.7998418211937
6561.0 440.86044239997864
6561.3 289.41750732064247
6561.6 379.3540346622467
6561.9 490.79942297935486
6562.2 292.25461053848267
6562.5 243.0572463059798
6562.8 500.465393781662
6563.1 400.9357838630676
6563.4 499.5822505950928
6563.7 506.4162576198578
6564.0 351.10402972996235
6564.3 188.55530124541838
6564.6 509.90824127197266
6564.9 427.64141595363617
6565.2 387.67731964588165
6565.5 377.57004541158676
6565.8 236.22731618350372
6566.1 472.84500336647034
6566.4 373.6299933195114
6566.7 476.39199936389923
6567.0 475.06466364860535
6567.3 375.12593215703964
6567.6 278.41759832948446
6567.9 376.4751456975937
6568.2 306.2767999507487
6568.5 296.9652711022645
6568.8 452.65000504255295
6569.1 426.81107449531555
6569.4 371.82427130639553
6569.7 380.80802500247955
6570.0 401.0075886249542
6570.3 278.21439543459564
6570.6 364.7769806981087
6570.9 449.1606149673462
6571.2 423.79937744140625
6571.5 346.86623127153143
6571.8 374.41789589077234
6572.1 359.9057389050722
6572.4 472.5452518463135
6572.7 400.89658296108246
6573.0 327.7510975599289
6573.3 387.3762072324753
6573.6 359.207444190979
6573.9 512.5996642112732
6574.2 343.64910566806793
6574.5 331.36232566833496
6574.8 328.09140157699585
6575.1 441.9148225784302
6575.4 422.86457192897797
6575.7 301.34384459257126
6576.0 336.75332403182983
6576.3 492.5382791161537
6576.6 316.3038858063519
6576.9 242.7271728105843
6577.2 442.96199679374695
6577.5 410.8714876174927
6577.8 388.5896732211113
6578.1 472.55776476860046
6578.4 354.25650648772717
6578.7 372.39330542087555
6579.0 424.40693736076355
6579.3 426.0750814676285
6579.6 389.92308008670807
6579.9 272.4285873687477
6580.2 381.07620108127594
6580.5 370.2234733104706
6580.8 247.65761732822284
6581.1 231.8294273968786
6581.4 277.2312664985657
6581.7 299.76797087676823
6582.0 345.3696788549423
6582.3 335.01268750429153
6582.6 192.34056661650538
6582.9 415.93163800239563
6583.2 320.47003626823425
6583.5 366.95156425237656
6583.8 454.9271275997162
6584.1 370.9157301187515
6584.4 397.0005370378494
6584.7 396.5771862268448
6585.0 386.52536964416504
6585.3 335.2843196988106
6585.6 376.41195821762085
6585.9 288.09096097946167
6586.2 368.9907445907593
6586.5 359.61949211359024
6586.8 356.62523263692856
6587.1 296.03947025421076
6587.4 331.41986639611423
6587.7 340.06184604763985
6588.0 305.9968006312847
6588.3 392.33078917860985
6588.6 484.3724162578583
6588.9 310.25454428792
6589.2 390.8287912607193
6589.5 474.87628269195557
6589.8 458.2710657119751
6590.1 223.79389119893312
6590.4 178.25765373557806
6590.7 284.28181904554367
6591.0 217.95275133661926
6591.3 309.15931756049395
6591.6 311.032301902771
6591.9 249.85515301674604
6592.2 340.3307059388608
6592.5 300.232499063015
6592.8 328.01358783245087
6593.1 332.0106959491968
6593.4 290.8523347824812
6593.7 370.9507173895836
6594.0 431.53375911712646
6594.3 340.9927043914795
6594.6 322.22210961580276
6594.9 403.92172384262085
6595.2 328.5575187802315
6595.5 270.991077773273
6595.8 284.1956710219383
6596.1 283.0008312314749
6596.4 384.5947459936142
6596.7 320.527932703495
6597.0 299.3130980860442
6597.3 190.78504116320983
6597.6 259.23038486391306
6597.9 365.43935763835907
6598.2 306.40386632084846
6598.5 400.55886030197144
6598.8 423.28494334220886
6599.1 319.72378820180893
6599.4 205.65795124694705
6599.7 307.21602037735283
6600.0 307.7171734990552
6600.3 328.1913712769747
6600.6 352.1366490125656
6600.9 379.54427123069763
6601.2 304.1231967601925
6601.5 337.81870073080063
6601.8 204.16870056139305
6602.1 312.72732871584594
6602.4 278.02247678532876
6602.7 190.20178390294313
6603.0 348.58868074417114
6603.3 495.45595240592957
6603.6 192.53779138624668
6603.9 368.0145970582962
6604.2 410.66218280792236
6604.5 340.3657286167145
6604.8 179.2484519481659
6605.1 260.8089748620987
6605.4 169.0878999941051
6605.7 304.02816361468285
6606.0 381.1605114340782
6606.3 339.78441653959453
6606.6 428.1911988258362
6606.9 330.7062923014164
6607.2 374.589093208313
6607.5 356.9567512869835
6607.8 297.3804277777672
6608.1 362.4682364910841
6608.4 307.49647525697947
6608.7 433.60631585121155
6609.0 443.75034189224243
6609.3 359.39338356256485
6609.6 427.07527017593384
6609.9 528.6374228000641
6610.2 470.00355219841003
6610.5 458.7713487148285
6610.8 330.9248410463333
6611.1 345.38772028684616
6611.4 313.48604487627745
6611.7 297.34635035693645
6612.0 357.5267994403839
6612.3 350.89708334207535
6612.6 338.35097646713257
6612.9 289.8506010361016
6613.2 192.4106312096119
6613.5 336.2595656514168
6613.8 321.13363551162183
6614.1 297.053445994854
6614.4 377.0214568376541
6614.7 343.0734370946884
6615.0 411.3543462753296
6615.3 421.1396689414978
6615.6 314.4642716050148
6615.9 291.9252398945391
6616.2 194.21097836829722
6616.5 366.28364999592304
6616.8 276.79720383509994
6617.1 266.0404926687479
6617.4 360.7557998895645
6617.7 315.21373558044434
6618.0 251.0699876975268
6618.3 383.72441935539246
6618.6 397.7536520957947
6618.9 346.80286145210266
6619.2 309.25753646343946
6619.5 421.3493347167969
6619.8 415.5265737771988
6620.1 265.550271704793
6620.4 388.00427010655403
6620.7 364.4605659842491
6621.0 256.61998889781535
6621.3 243.26780009269714
6621.6 334.1467595100403
6621.9 285.2941384315491
6622.2 250.36831844598055
6622.5 311.6356446146965
6622.8 225.94151514675468
6623.1 232.52449776232243
6623.4 281.47590535879135
6623.7 333.30123710632324
6624.0 295.6262151002884
6624.3 354.81496235728264
6624.6 327.6956121623516
6624.9 171.61288909986615
6625.2 241.5633679991588
6625.5 312.2243448495865
6625.8 263.93810403347015
6626.1 299.4442003662698
6626.4 252.2664536088705
6626.7 361.94349509477615
6627.0 393.46903133392334
6627.3 158.19001463707536
6627.6 336.03562492132187
6627.9 312.4616247545928
6628.2 298.20401895046234
6628.5 368.63722971081734
6628.8 222.29185535758734
6629.1 287.42858201265335
6629.4 293.7754986733198
6629.7 397.6046492308378
6630.0 392.1766448020935
6630.3 284.23596343398094
6630.6 326.24915647506714
6630.9 371.43589186668396
6631.2 207.4063694914803
6631.5 317.2396733760834
6631.8 291.8463176898658
6632.1 306.86592465639114
6632.4 404.84177565574646
6632.7 381.5815055966377
6633.0 350.35162276029587
6633.3 269.506309017539
6633.6 236.48091032495722
6633.9 252.48626343905926
6634.2 265.1571604432538
6634.5 224.7482730075717
6634.8 241.8828365802765
6635.1 465.91391944885254
6635.4 279.0766199231148
6635.7 290.92164120078087
6636.0 391.1850115060806
6636.3 323.20146811008453
6636.6 234.71614129230147
6636.9 162.47857439517975
6637.2 133.06646525207907
6637.5 287.69430348463356
6637.8 262.35415637493134
6638.1 213.53098630532622
6638.4 258.2849221378565
6638.7 361.13927975296974
6639.0 488.44904041290283
6639.3 404.61031913757324
6639.6 430.44518768787384
6639.9 439.61479818820953
6640.2 481.29147839546204
6640.5 376.1678425478749
6640.8 500.3582944869995
6641.1 520.0539357662201
6641.4 555.2313647270203
6641.7 499.5287046432495
6642.0 490.6850917339325
6642.3 558.9363505840302
6642.6 479.15073788166046
6642.9 570.4024920463562
6643.2 503.4882318973541
6643.5 590.7535269260406
6643.8 557.0185916423798
6644.1 632.3892107009888
6644.4 658.1683106422424
6644.7 776.9798183441162
6645.0 599.5347692966461
6645.3 691.3758158683777
6645.6 571.2255008220673
6645.9 710.9206776618958
6646.2 696.4633288383484
6646.5 617.6008129119873
6646.8 652.4542710781097
6647.1 755.3114874362946
6647.4 812.9366614818573
6647.7 766.0977654457092
6648.0 715.4564654827118
6648.3 733.785617351532
6648.6 452.4673341810703
6648.9 527.5147508382797
6649.2 605.7306296825409
6649.5 543.2615160942078
6649.8 438.8304773569107
6650.1 457.3162899017334
6650.4 301.78619810566306
6650.7 186.85059609636664
6651.0 154.41940031852573
6651.3 174.4982013106346
6651.6 156.69368063658476
6651.9 224.61931987199932
6652.2 242.74941267073154
6652.5 407.3796997964382
6652.8 483.94912031292915
6653.1 591.6887509822845
6653.4 928.3349714279175
6653.7 1256.262080192566
6654.0 1414.361107826233
6654.3 1564.6956195831299
6654.6 1657.549114227295
6654.9 1590.6721496582031
6655.2 1569.2199401855469
6655.5 1674.0855646133423
6655.8 1612.3982028961182
6656.1 1632.4256763458252
6656.4 1612.114112854004
6656.7 1566.1329174041748
6657.0 1492.0586223602295
6657.3 1529.3724250793457
6657.6 1603.3714389801025
6657.9 1644.710521697998
6658.2 1682.420292854309
6658.5 1893.0921621322632
6658.8 1884.4983654022217
6659.1 2010.0440845489502
6659.4 2015.9226770401
6659.7 2086.9891033172607
6660.0 2047.039496421814
6660.3 2090.5958795547485
6660.6 2235.953028678894
6660.9 2296.156750679016
6661.2 2377.591673851013
6661.5 2655.3989477157593
6661.8 2733.897491455078
6662.1 2939.6650009155273
6662.4 2893.6036920547485
6662.7 2834.413067817688
6663.0 2584.8001470565796
6663.3 2597.1718883514404
6663.6 2467.32511138916
6663.9 2214.738582134247
6664.2 1797.2495732307434
6664.5 1549.1897990703583
6664.8 1116.6597213745117
6665.1 1070.2718951702118
6665.4 955.7579982280731
6665.7 875.3689206838608
6666.0 801.2005488872528
6666.3 720.253283560276
6666.6 802.0688772201538
6666.9 593.6574296951294
6667.2 558.1462215185165
6667.5 599.3847510814667
6667.8 458.1036134958267
6668.1 401.49475646205246
6668.4 530.5864670276642
6668.7 473.89084792137146
6669.0 504.91403675079346
6669.3 421.3763836622238
6669.6 270.5076499953866
6669.9 256.28427028656006
6670.2 224.56329238135368
6670.5 293.7803827226162
6670.8 296.18890076875687
6671.1 267.3559368811548
6671.4 329.1507968902588
6671.7 212.9327267035842
6672.0 129.8706877976656
6672.3 73.08180400030687
6672.6 3.641186961904168
6672.9 17.04984027519822
6673.2 97.79421407729387
6673.5 236.47349251061678
6673.8 212.96077342703938
6674.1 266.43954342231154
6674.4 330.4828687608242
6674.7 570.2364430427551
6675.0 587.7937908172607
6675.3 692.2767744064331
6675.6 776.288946390152
6675.9 688.5466197729111
6676.2 772.2717792987823
6676.5 831.2198362350464
6676.8 825.2081913948059
6677.1 774.409651517868
6677.4 822.4748845100403
6677.7 968.7895083427429
6678.0 873.1688804626465
6678.3 901.9526534080505
6678.6 862.108428478241
6678.9 993.4258766174316
6679.2 965.6700649261475
6679.5 1040.0692629814148
6679.8 1054.35178565979
6680.1 1142.8316669464111
6680.4 1218.9814233779907
6680.7 1132.5614166259766
6681.0 1127.6785097122192
6681.3 1227.3589782714844
6681.6 1284.9238567352295
6681.9 1385.0393056869507
6682.2 1377.5780334472656
6682.5 1463.989652633667
6682.8 1570.6996231079102
6683.1 1536.8860249519348
6683.4 1476.498710155487
6683.7 1439.6586332321167
6684.0 1354.7114691734314
6684.3 1318.5779271125793
6684.6 1202.1528549194336
6684.9 1093.59903216362
6685.2 1072.5097045898438
6685.5 860.0963661670685
6685.8 756.8193584680557
6686.1 748.7880685329437
6686.4 679.3509103059769
6686.7 664.8041954040527
6687.0 526.0960682630539
6687.3 505.5517028570175
6687.6 332.2769142817706
6687.9 460.59861159324646
6688.2 567.0939830541611
6688.5 415.8155814409256
6688.8 419.26557928323746
6689.1 354.13309797644615
6689.4 226.05465744063258
6689.7 270.5595242269337
6690.0 348.74530935287476
6690.3 279.07223765552044
6690.6 289.7283520489
6690.9 330.7900857925415
6691.2 191.54012846946716
6691.5 256.69657865166664
6691.8 311.0980234146118
6692.1 292.93576896190643
6692.4 299.1283793784678
6692.7 343.2199418582022
6693.0 301.1455986648798
6693.3 303.6840760111809
6693.6 253.44496392272413
6693.9 418.9989266395569
6694.2 254.55916580557823
6694.5 317.10428243875504
6694.8 349.0001698434353
6695.1 369.8871302008629
6695.4 334.6890774965286
6695.7 299.8012479841709
6696.0 241.57560226134956
6696.3 334.7772705554962
6696.6 356.4111156463623
6696.9 337.93915617465973
6697.2 338.2539601325989
6697.5 349.72558426856995
6697.8 289.4251394867897
6698.1 213.02277713408694
6698.4 245.45579360798
6698.7 370.16101038455963
6699.0 157.56449005939066
6699.3 160.0973000265658
6699.6 300.5250592045486
6699.9 181.27970630675554
6700.2 176.56424286216497
6700.5 303.733062684536
6700.8 278.38239869475365
6701.1 361.8290456533432
6701.4 341.152403652668
6701.7 364.7413022518158
6702.0 407.25333321094513
6702.3 310.6345845460892
6702.6 178.93234765529633
6702.9 204.78291063010693
6703.2 247.53297205269337
6703.5 317.8618029356003
6703.8 287.41772282123566
6704.1 366.4872809648514
6704.4 283.77470661047846
6704.7 255.11315467394888
6705.0 334.8557178322226
6705.3 343.5452747941017
6705.6 303.5176218897104
6705.9 295.8021579384804
6706.2 214.23868918418884
6706.5 254.06986647099257
6706.8 262.55424302071333
6707.1 249.9973407033831
6707.4 281.5593490775209
6707.7 215.56850341102108
6708.0 339.2849745750427
6708.3 462.08414793014526
6708.6 271.6555959843099
6708.9 332.6849306616932
6709.2 314.18367326259613
6709.5 265.5024220235646
6709.8 193.1511264666915
6710.1 266.19440415501595
6710.4 184.23106168955564
6710.7 263.7654010653496
6711.0 136.4418196156621
6711.3 326.7288519144058
6711.6 354.50104999542236
6711.9 324.9552103728056
6712.2 295.49999854527414
6712.5 225.73082920978777
6712.8 236.5824644677341
6713.1 287.2759202066809
6713.4 232.41772208362818
6713.7 202.91580501862336
6714.0 225.97860294673592
6714.3 226.69190526753664
6714.6 205.49037035554647
6714.9 251.88166585564613
6715.2 226.32219513691962
6715.5 299.6718301177025
6715.8 293.04830835945904
6716.1 286.7943073925562
6716.4 411.87594723701477
6716.7 341.0278081893921
6717.0 301.27612096071243
6717.3 225.2333329570829
6717.6 285.47913178801537
6717.9 223.53989912196994
6718.2 327.55438589304686
6718.5 261.40880942344666
6718.8 282.664954777807
6719.1 308.7677991092205
6719.4 359.5354605913162
6719.7 373.0116528272629
6720.0 244.62136665079743
6720.3 347.03563380241394
6720.6 455.56651544570923
6720.9 241.11846713721752
6721.2 239.5152784367092
6721.5 188.08808782324195
6721.8 332.4142459779978
6722.1 245.28807094879448
6722.4 285.5350903868675
6722.7 347.6554104089737
6723.0 305.91220158338547
6723.3 398.37482047080994
6723.6 355.61236238479614
6723.9 273.26704590802547
6724.2 239.58521345211193
6724.5 337.8874759674072
6724.8 368.04624903202057
6725.1 291.54667991399765
6725.4 214.46230072155595
6725.7 320.0195537805557
6726.0 289.2260799407959
6726.3 207.354296175763
6726.6 153.9527642223984
6726.9 215.33685857243836
6727.2 239.0558491415577
6727.5 239.41237076045945
6727.8 274.55989184975624
6728.1 211.53014262020588
6728.4 247.63399267196655
6728.7 310.76512545347214
6729.0 161.09620807506144
6729.3 250.52061256347224
6729.6 242.64600088680163
6729.9 272.7121131569147
6730.2 380.70789432525635
6730.5 211.28623263910413
6730.8 128.3913789652288
6731.1 238.19963286072016
6731.4 251.61441284418106
6731.7 272.89395862817764
6732.0 302.2146001458168
6732.3 253.34074664115906
6732.6 376.37619507312775
6732.9 312.13142388756387
6733.2 307.0620981454849
6733.5 276.57140734791756
6733.8 255.89573860168457
6734.1 354.05607974529266
6734.4 241.0471678674221
6734.7 317.17555067234207
6735.0 291.8166714012623
6735.3 223.2647241326049
6735.6 418.41850781440735
6735.9 295.89470970630646
6736.2 367.48746156692505
6736.5 385.68421733379364
6736.8 306.3520209491253
6737.1 201.83446942181035
6737.4 247.71798902750015
6737.7 285.4245983362198
6738.0 488.90507555007935
6738.3 273.6958788745105
6738.6 264.38395420857705
6738.9 397.857306599617
6739.2 310.47007543593645
6739.5 254.50470110028982
6739.8 210.4394636619836
6740.1 254.75255657127127
6740.4 304.5195600576699
6740.7 358.7928913831711
6741.0 239.23058623075485
6741.3 276.79224693775177
6741.6 201.63972232490778
6741.9 316.2190783023834
6742.2 191.0999615304172
6742.5 203.1453753914684
6742.8 336.1620320081711
6743.1 317.5701870173216
6743.4 261.2150117792189
6743.7 261.7525537610054
6744.0 352.9619153738022
6744.3 256.8335675895214
6744.6 199.03908033296466
6744.9 248.54138531978242
6745.2 218.55681863427162
6745.5 191.30106326937675
6745.8 310.3014275431633
6746.1 274.81522250175476
6746.4 172.70909234700957
6746.7 302.07340240478516
6747.0 361.07557225227356
6747.3 280.62081122398376
6747.6 190.63627812825143
6747.9 327.5629470348358
6748.2 267.1396348197013
6748.5 221.83050722752523
6748.8 265.76341580599546
6749.1 254.68264189362526
6749.4 347.7961499094963
6749.7 370.3735408782959
6750.0 295.7880292981863
6750.3 177.80047856643796
6750.6 366.0726110935211
6750.9 251.11468945536762
6751.2 290.87312467303127
6751.5 158.62559778615832
6751.8 244.56134766340256
6752.1 381.50788152217865
6752.4 162.62978325388394
6752.7 244.33382552489638
6753.0 218.72326892614365
6753.3 234.1221500437241
6753.6 263.9729832261801
6753.9 272.7286918759346
6754.2 232.378464916721
6754.5 244.40532153332606
6754.8 306.72701448202133
6755.1 331.3700340986252
6755.4 165.20297153759748
6755.7 363.42972815036774
6756.0 278.3854438662529
6756.3 389.56768548488617
6756.6 281.37203574180603
6756.9 273.44378876686096
6757.2 261.3779985960573
6757.5 186.50730811804533
6757.8 384.55807745456696
6758.1 298.17130615003407
6758.4 293.48066198825836
6758.7 304.89664363861084
6759.0 302.77155232429504
6759.3 349.2757786512375
6759.6 127.75665652821772
6759.9 255.76415911316872
6760.2 332.99374186992645
6760.5 208.71743793832138
6760.8 285.07862958312035
6761.1 184.85622822400182
6761.4 148.39205677204882
6761.7 217.31813104078174
6762.0 202.50020007696003
6762.3 331.0701225399971
6762.6 347.62979367375374
6762.9 214.21619752584957
6763.2 293.3943004272878
6763.5 230.79703889554366
6763.8 302.8501917812973
6764.1 281.9593667816371
6764.4 237.08155555278063
6764.7 284.308781683445
6765.0 214.79835609858856
6765.3 158.05490306578577
6765.6 143.30494019313483
6765.9 279.85625376552343
6766.2 261.9277900457382
6766.5 324.4541847705841
6766.8 362.87112617492676
6767.1 324.8557468652725
6767.4 188.04420898202807
6767.7 163.91605360945687
6768.0 264.190626680851
6768.3 437.82454240322113
6768.6 284.76292726397514
6768.9 250.79401110485196
6769.2 350.7734130769968
6769.5 279.4750925065018
6769.8 431.578307390213
6770.1 416.88348507881165
6770.4 302.2869782075286
6770.7 280.71752309799194
6771.0 273.27646299859043
6771.3 322.326914280653
6771.6 283.0113566427026
6771.9 325.5240056216717
6772.2 359.95511615276337
6772.5 292.19099386478774
6772.8 219.83800399536267
6773.1 339.34133541584015
6773.4 262.59819650650024
6773.7 312.04444646835327
6774.0 295.46304470300674
6774.3 289.19902646541595
6774.6 299.72155874967575
6774.9 359.3967952430248
6775.2 341.7561653852463
6775.5 311.8535261154175
6775.8 231.93495131190866
6776.1 270.30084919556975
6776.4 352.0439443588257
6776.7 279.5388048365712
6777.0 182.08531258255243
6777.3 356.6919180750847
6777.6 359.78454607725143
6777.9 405.553569316864
6778.2 361.4211428761482
6778.5 228.61115914583206
6778.8 237.89306885004044
6779.1 291.4646854698658
6779.4 416.01919388771057
6779.7 328.0278788805008
6780.0 284.88167546037585
6780.3 272.57078359276056
6780.6 248.5890415981412
6780.9 215.29381601326168
6781.2 240.57333761453629
6781.5 326.3153155744076
6781.8 488.22063994407654
6782.1 299.6798996925354
6782.4 384.6882778406143
6782.7 307.09959440119565
6783.0 387.65482437610626
6783.3 343.792556643486
6783.6 336.8137482404709
6783.9 292.80935351131484
6784.2 251.11165195330977
6784.5 308.3845659941435
6784.8 265.3730480223894
6785.1 340.75857746601105
6785.4 320.01602560281754
6785.7 215.90630384534597
6786.0 379.7900836467743
6786.3 342.5868947505951
6786.6 229.1487260349095
6786.9 260.39039516448975
6787.2 194.54240388981998
6787.5 287.29388685524464
6787.8 225.86539920326322
6788.1 303.9313130378723
6788.4 278.748483479023
6788.7 191.63448816537857
6789.0 196.2022095285356
6789.3 204.5031709522009
6789.6 338.7310013771057
6789.9 269.84787702560425
6790.2 221.55729667842388
6790.5 242.37873473507352
6790.8 292.7874639034271
6791.1 338.00333869457245
6791.4 196.70814748108387
6791.7 293.16154849529266
6792.0 317.3258992433548
6792.3 284.7933554649353
6792.6 241.93927547661588
6792.9 228.32407767139375
6793.2 284.2229109406471
6793.5 200.51568489987403
6793.8 397.98614513874054
6794.1 228.27026793570258
6794.4 150.1074411161244
6794.7 190.05890559777617
6795.0 320.3994554877281
6795.3 104.46811393741518
6795.6 167.726876642555
6795.9 328.030748039484
6796.2 280.4857784267515
6796.5 261.0919217336923
6796.8 204.28215405344963
6797.1 228.42036650702357
6797.4 336.00913405418396
6797.7 296.3297744989395
6798.0 325.6190940141678
6798.3 159.9654662758112
6798.6 149.39092857815558
6798.9 192.72020181640983
6799.2 183.92570340819657
6799.5 343.5922449827194
6799.8 161.3916313610971
6800.1 289.6490516066551
6800.4 247.03142577409744
6800.7 366.36859399080276
6801.0 328.4105705022812
6801.3 336.42108422517776
6801.6 260.83765345811844
6801.9 197.87055192131083
6802.2 227.3605319187045
6802.5 235.89517356362194
6802.8 211.75656377407722
6803.1 238.55597131932154
6803.4 301.5633248342201
6803.7 217.64157205075026
6804.0 272.31506464537233
6804.3 281.5517434477806
6804.6 219.24296471476555
6804.9 250.0291781318374
6805.2 401.4839310646057
6805.5 296.782534500584
6805.8 312.7829361803597
6806.1 347.667249083519
6806.4 228.66934162005782
6806.7 206.45275368914008
6807.0 182.751425168477
6807.3 214.04949417710304
6807.6 200.5638284366578
6807.9 200.34624613123015
6808.2 198.28947136062197
6808.5 219.58591228350997
6808.8 328.6674282550812
6809.1 397.1638970375061
6809.4 494.276927113533
6809.7 494.158180475235
6810.0 514.7544701099396
6810.3 651.1333057880402
6810.6 656.5184118747711
6810.9 735.0083241462708
6811.2 611.9041559696198
6811.5 624.6139895915985
6811.8 699.2434892654419
6812.1 669.249852180481
6812.4 712.2909550666809
6812.7 618.7822964191437
6813.0 652.5392203330994
6813.3 568.947366476059
6813.6 727.0152871608734
6813.9 804.411030292511
6814.2 673.9140155315399
6814.5 687.7331428527832
6814.8 804.1025900840759
6815.1 762.1046538352966
6815.4 891.5694885253906
6815.7 868.5332379341125
6816.0 840.7470345497131
6816.3 949.5967659950256
6816.6 905.7612175941467
6816.9 908.4210243225098
6817.2 932.4873728752136
6817.5 828.2564024925232
6817.8 946.6466858386993
6818.1 1039.2311010360718
6818.4 951.2715358734131
6818.7 914.8239850997925
6819.0 967.8385126590729
6819.3 919.512401342392
6819.6 833.2943298816681
6819.9 725.3597571849823
6820.2 494.14414401724935
6820.5 658.5462083816528
6820.8 587.9707870483398
6821.1 352.1751734241843
6821.4 507.2493464946747
6821.7 428.1426531076431
6822.0 259.23181680217385
6822.3 349.8164173960686
6822.6 356.3042606860399
6822.9 136.7536353878677
6823.2 222.10749309509993
6823.5 444.9095631837845
6823.8 473.37078642845154
6824.1 361.4175180196762
6824.4 468.15831756591797
6824.7 508.3447082042694
6825.0 547.6625211238861
6825.3 628.2918453216553
6825.6 620.7771806716919
6825.9 578.2578277587891
6826.2 539.4635598659515
6826.5 598.5106675624847
6826.8 507.8186056613922
6827.1 588.0958461761475
6827.4 172.6273634810932
6827.7 414.78040289878845
6828.0 501.9751241207123
6828.3 197.5748149799183
6828.6 428.62165254354477
6828.9 805.8213210105896
6829.2 228.8516131825745
6829.5 40.25454893987626
6829.8 636.0806608200073
6830.1 334.7050850391388
6830.4 397.08765149116516
6830.7 697.1072201728821
6831.0 628.1125955581665
6831.3 651.8776495456696
6831.6 777.8286991119385
6831.9 808.2709627151489
6832.2 803.9828720092773
6832.5 835.3791871070862
6832.8 825.0069563388824
6833.1 1133.1668338775635
6833.4 1014.502724647522
6833.7 1085.7556991577148
6834.0 588.3977875709534
6834.3 -242.92599435150623
6834.6 45.488915810361505
6834.9 595.8572287559509
6835.2 331.9992455095053
6835.5 361.1672396361828
6835.8 440.3929050564766
6836.1 420.2328172624111
6836.4 207.53321805596352
6836.7 389.05663612671196
6837.0 265.0240749605
6837.3 290.9932755958289
6837.6 288.5204419195652
6837.9 310.85854187607765
6838.2 278.8558932840824
6838.5 408.55596697330475
6838.8 307.9611265808344
6839.1 331.7553010582924
6839.4 265.0397662092
6839.7 138.77909590303898
6840.0 454.7930657863617
6840.3 291.0291063822806
6840.6 214.29745298437774
6840.9 232.85508208721876
6841.2 452.49905133247375
6841.5 422.388436794281
6841.8 108.41863254457712
6842.1 98.28740739263594
6842.4 323.1428828239441
6842.7 217.81515979766846
6843.0 339.495787024498
6843.3 331.9381368160248
6843.6 234.35842615365982
6843.9 324.2363249063492
6844.2 263.10286128520966
6844.5 299.1364617943764
6844.8 307.3629404306412
6845.1 352.2632784843445
6845.4 378.96277606487274
6845.7 406.90426778793335
6846.0 326.4061561822891
6846.3 232.85027214884758
6846.6 313.32166397571564
6846.9 375.0848090648651
6847.2 215.19975342601538
6847.5 348.20512664318085
6847.8 251.45283365249634
6848.1 323.33626341819763
6848.4 131.407277405262
6848.7 340.08267032785807
6849.0 289.7315647144569
6849.3 298.77477061748505
6849.6 310.7218990921974
6849.9 288.7538932515308
6850.2 251.53941892180592
6850.5 345.70121681690216
6850.8 232.98110784590244
6851.1 147.67744540795684
6851.4 313.4582981467247
6851.7 356.13285624980927
6852.0 404.7194130420685
6852.3 301.15228629112244
6852.6 344.40875482559204
6852.9 75.9436307977885
6853.2 221.73172479798086
6853.5 195.9102341933176
6853.8 181.01164694316685
6854.1 334.5030924677849
6854.4 158.35822001099586
6854.7 305.23451232910156
6855.0 193.9296782463789
6855.3 328.5758429057896
6855.6 253.43310242891312
6855.9 240.03890776634216
6856.2 25.870132960379124
6856.5 141.55908672511578
6856.8 191.82803921680897
6857.1 311.30903623159975
6857.4 232.56228120997548
6857.7 196.26209409115836
6858.0 268.8261011093855
6858.3 173.99194910866208
6858.6 145.13728238642216
6858.9 217.47349523194134
6859.2 205.97271028812975
6859.5 243.9564531892538
6859.8 285.3808680176735
6860.1 170.25873040035367
6860.4 341.2521686628461
6860.7 238.77991100214422
6861.0 298.90722032636404
6861.3 244.4904068261385
6861.6 371.7882146835327
6861.9 378.1690866947174
6862.2 536.999103307724
6862.5 824.5397119522095
6862.8 1486.5495619773865
6863.1 2456.360517024994
6863.4 2542.2693519592285
6863.7 265.99055587500334
6864.0 -787.7021194919944
6864.3 1562.5605726242065
6864.6 1485.4409747198224
6864.9 421.597962141037
6865.2 340.0014125481248
6865.5 179.89473929069936
6865.8 39.854764450807124
6866.1 307.81827306747437
6866.4 295.1251072883606
6866.7 249.7327806893736
6867.0 340.45282340049744
6867.3 71.46140486747026
6867.6 149.38445788621902
6867.9 228.74006295204163
6868.2 190.75647795200348
6868.5 225.56551218032837
6868.8 318.4645688533783
6869.1 20.04567995853722
6869.4 0.0
6869.7 0.0
