    2346.7694702207782029       0.0000000
    2376.6834107431564007       0.3107769
    2406.5973512655882587       0.3163796
    2436.5112917880205714       0.2157269
    2466.4252323104524294       0.1565903
    2496.3390806442876055      -0.0357298
    2526.2529289781232364      -0.0434474
    2556.1667773120129823      -0.1256935
    2586.0806256459568431      -0.1567208
    2615.9943686163569510       0.0608219
    2645.9081115867575136       0.0943431
    2675.8218545571580762       0.0771211
    2705.7355975276127538       0.1226297
    2735.6492219440210647       0.1024005
    2765.5628463604830358       0.1414611
    2795.4764707769454617       0.1896653
    2825.3900951933537726       0.0664041
    2855.3035878497635167       0.0369374
    2885.2170805061737155      -0.0619762
    2915.1305731625297994      -0.1094091
    2945.0440658189936585      -0.0305958
    2974.9574134936806331      -0.0509273
    3004.8707611683671530       0.0286072
    3034.7841088430545824       0.0453128
    3064.6974565177952172       0.0075275
    3094.6106459735856333       0.0701648
    3124.5238354293760494      -0.0645931
    3154.4370248851660108      -0.0298039
    3184.3502143410109966      -0.0150845
    3214.2632323251741582      -0.1136255
    3244.1762503093377745      -0.0877131
    3274.0892682934472759      -0.0484307
    3304.0022862776650072      -0.0693139
    3333.9151195217523309      -0.0476411
    3363.8279527659478845       0.0467963
    3393.7407860100356629      -0.0340730
    3423.6536192542316712      -0.0309720
    3453.5662544745073319      -0.0573705
    3483.4788896947839021      -0.1259245
    3513.3915249150059026      -0.0222041
    3543.3041601352820180       0.0223133
    3573.2165840321840733       0.0696700
    3603.1290079290320136       0.1296941
    3633.0414318258794992       0.0570133
    3662.9538557228361242       0.0040403
    3692.8660549812980207       0.0571895
    3722.7782542397603720       0.0096304
    3752.6904534982231780       0.0918162
    3782.6026527566855293       0.1729565
    3812.5146140461406503       0.1170932
    3842.4265753355962261       0.1816006
    3872.3385366250513471       0.2125899
    3902.2504979145060133       0.2521837
    3932.1622078887753560       0.2668426
    3962.0739178630437891       0.3628164
    3991.9856278373122223       0.4500773
    4021.8973378115815649       0.6577327
    4051.8087831089283100       0.9572775
    4081.7202284062759645       1.3643049
    4111.6316737036222548       1.6905000
    4141.5431190010776845       2.1304030
    4171.4542862442103797       2.3519418
    4201.3654534873439843       2.4560268
    4231.2766207304766795       2.4528408
    4261.1877879736102841       2.2920289
    4291.0986637696796606       2.1750174
    4321.0095395656962864       1.9453895
    4350.9204153617120028       1.7214543
    4380.8312911578359490       1.5566669
    4410.7418620983826258       1.4226059
    4440.6524330388756425       1.4124833
    4470.5630039793686592       1.3640041
    4500.4735749199699057       1.2912418
    4530.3838275810321647       1.2732717
    4560.2940802420389446       1.0905656
    4590.2043329030466339       0.9540096
    4620.1145855641088929       0.8223597
    4650.0245065060580600       0.5976986
    4679.9344274480063177       0.4706957
    4709.8443483900091451       0.3261012
    4739.7542693319037426       0.2102303
    4769.6638450996642860       0.1461067
    4799.5734208674239198       0.1174400
    4829.4829966351844632       0.0631216
    4859.3925724029450066       0.0796653
    4889.3017895258299177       0.0411371
    4919.2110066486593496       0.0305509
    4949.1202237714906005       0.0888275
    4979.0294408943746021       0.0556395
    5008.9382858860863053       0.0695812
    5038.8471308777980084       0.0301495
    5068.7559758695088021      -0.0260317
    5098.6648208612214148      -0.0732131
    5128.5732802199045182      -0.0757692
    5158.4817395786967609      -0.0465628
    5188.3901989373807737      -0.0442965
    5218.2986582961730164      -0.0157529
    5248.2067185045261795      -0.0294750
    5278.1147787128802520      -0.0319822
    5308.0228389212870752      -0.0785418
    5337.9308991296948079      -0.0360134
    5367.8385466547497344      -0.0590497
    5397.7461941798592306      -0.0512973
    5427.6538417049687268       0.0545830
    5457.5614892300236534       0.0090024
    5487.4687105233642797       0.0551589
    5517.3759318165966761       0.0333740
    5547.2831531099363929      -0.0096343
    5577.1903744032233590       0.0726116
    5607.0971559006593452       0.0427094
    5637.0039373980962409       0.0290859
    5666.9107188955322272       0.0672777
    5696.8175003929145532       0.0250625
    5726.7238285149160220       0.0711130
    5756.6301566368101703       0.1076877
    5786.5364847588125485       0.1638494
    5816.4428128807066969       0.1514761
    5846.3486740319713135       0.1353695
    5876.2545351832368397       0.1815286
    5906.1603963345014563       0.1387838
    5936.0662574857124127       0.2503166
    5965.9716380555428259       0.3170906
    5995.8770186253732390       0.3509853
    6025.7823991952036522       0.3801578
    6055.6877797650340653       0.3219055
    6085.5926661271214471       0.3288565
    6115.4975524892088288       0.3225627
    6145.4024388512962105       0.3531801
    6175.3073252134372524       0.3155744
    6205.2117037259167773       0.2540049
    6235.1160822383972118       0.2471178
    6265.0204607509303969       0.1534162
    6294.9248392634635820       0.2848738
    6324.8286962689135180       0.3233865
    6354.7325532744716838       0.5107498
    6384.6364102799216198       0.4871484
    6414.5402672854243065       0.4981394
    6444.4435891109196746       0.6127852
    6474.3469109364696124       0.1178458
    6504.2502327619649805       0.3259512
    6534.1535545874603486       0.2020371
    6564.0566054027622158       0.3632518
    6593.9596562181186528       0.3416207
    6623.8627070334750897      -0.0117213
    6653.7657578487769570       0.0000000
    6683.6688086640788242       0.0000000
    6713.5718594794343517       0.0000000
    6743.4749102947898791       0.0000000
