      63.8729284738469545       0.0000000
      63.8751970621391862      -0.2249646
      63.8774656504314180       0.4297475
      63.8797342387236498       1.6459924
      63.8820028270158815       2.3065727
      63.8842709240435056       1.8668733
      63.8865390210711439       1.7740085
      63.8888071180987680       0.0152191
      63.8910752151263992      -0.3660979
      63.8933428206588729       0.7905920
      63.8956104261913396       0.5898373
      63.8978780317238204       0.6266451
      63.9001456372562870       0.2088888
      63.9024127510630251       0.4017344
      63.9046798648697632      -0.0221388
      63.9069469786765083      -0.5814962
      63.9092140924832464      -0.5799482
      63.9114807143336634      -0.7121162
      63.9137473361840733      -0.4714036
      63.9160139580344833       0.1467455
      63.9182805798849074       0.0568290
      63.9205467095483755      -0.0340581
      63.9228128392118577      -0.1778313
      63.9250789688753258       0.1998117
      63.9273450985388081       0.1214265
      63.9296107357847205       0.4267119
      63.9318763730306330       0.2926853
      63.9341420102765383       0.4043598
      63.9364076475224437       0.3605032
      63.9386727921201441       0.1843466
      63.9409379367178303       0.8135372
      63.9432030813155308       0.2234951
      63.9454682259132170       0.1165495
      63.9477328776320206       0.3561075
      63.9499975293508314       0.0477020
      63.9522621810696421      -0.0046866
      63.9545268327884529      -0.0838069
      63.9567909913976962      -0.4267088
      63.9590551500069324      -0.4901031
      63.9613193086161687      -0.4176410
      63.9635834672254191      -0.1581732
      63.9658471324943889      -0.2294360
      63.9681107977633587      -0.1322852
      63.9703744630323285      -0.3225835
      63.9726381283012913      -0.0707584
      63.9749012999992672       0.1915126
      63.9771644716972432      -0.0655276
      63.9794276433952191       0.0168869
      63.9816908150931880      -0.1634396
      63.9839534929894356       0.1362774
      63.9862161708856831       0.4246277
      63.9884788487819236       0.4556805
      63.9907415266781570       0.0186008
      63.9930037105419132      -0.1122748
      63.9952658944056623      -0.3913698
      63.9975280782694114      -0.2500383
      63.9997902621331605       0.1557569
      64.0020519517336481       0.1599498
      64.0043136413341358       0.0361366
      64.0065753309346093      -0.0209682
      64.0088370205350969      -0.2444897
      64.0110982156415247      -0.1754829
      64.0133594107479382      -0.1783325
      64.0156206058543660      -0.0255184
      64.0178818009607937      -0.0839176
      64.0201425013423489      -0.3472018
      64.0224032017239040      -0.1909193
      64.0246639021054449      -0.4213255
      64.0269246024870142      -0.1249558
      64.0291848079128556      -0.0761505
      64.0314450133386970      -0.0476081
      64.0337052187645526      -0.1607478
      64.0359654241904224      -0.3181697
      64.0382251344297231      -0.2164122
      64.0404848446690238       0.0128168
      64.0427445549083245       0.0988232
      64.0450042651476537       0.3069025
      64.0472634799695442       0.3776304
      64.0495226947914347       0.1866148
      64.0517819096133252       0.1877319
      64.0540411244352299       0.1047926
      64.0562998436088407      -0.1020106
      64.0585585627824372      -0.1722281
      64.0608172819560338      -0.1562372
      64.0630760011296445      -0.3257821
      64.0653342244240491      -0.2402538
      64.0675924477184537      -0.0898183
      64.0698506710128584      -0.2488580
      64.0721088943072772      -0.3080925
      64.0743666214915777      -0.3880877
      64.0766243486758782      -0.4743558
      64.0788820758601787      -0.3768313
      64.0811398030444650      -0.0781842
      64.0833970338877350       0.0105724
      64.0856542647309766      -0.1262961
      64.0879114955742466      -0.2932193
      64.0901687264174882      -0.3344205
      64.0924254606887587      -0.3045084
      64.0946821949600007      -0.1341021
      64.0969389292312712      -0.0049941
      64.0991956635025417      -0.1853988
      64.1014519009708295      -0.3236889
      64.1037081384391172      -0.3858382
      64.1059643759074049      -0.1717908
      64.1082206133757069       0.1522536
      64.1104763538100428       0.1247349
      64.1127320942443788      -0.0882109
      64.1149878346787148      -0.2653733
      64.1172435751130649      -0.5561599
      64.1194988182824659      -0.4273078
      64.1217540614518384      -0.1304020
      64.1240093046212394      -0.2169735
      64.1262645477906119      -0.2831915
      64.1285192934640236      -0.3209634
      64.1307740391374352      -0.5334006
      64.1330287848108469      -0.3543383
      64.1352835304842586      -0.2640508
      64.1375377784306551      -0.3201182
      64.1397920263770516      -0.3864444
      64.1420462743234481      -0.4875781
      64.1443005222698446      -0.6270130
      64.1465542722581716      -0.4127207
      64.1488080222464987      -0.3573518
      64.1510617722348258      -0.4350566
      64.1533155222231528      -0.3600076
      64.1555687740223561      -0.4007989
      64.1578220258215310      -0.5259342
      64.1600752776207344      -0.5224082
      64.1623285294199093      -0.3023921
      64.1645812827988777      -0.2882630
      64.1668340361778462       0.0325711
      64.1690867895568005       0.1257920
      64.1713395429357547      -0.4534208
      64.1735917976633914      -0.4615054
      64.1758440523910139      -0.6090204
      64.1780963071186363      -0.5459477
      64.1803485618462730      -0.2673524
      64.1826003176914384      -0.3945992
      64.1848520735366037      -0.4652792
      64.1871038293817833      -0.4575288
      64.1893555852269628      -0.4104412
      64.1916068419585315      -0.4964978
      64.1938580986901002      -0.2686444
      64.1961093554216831      -0.3028339
      64.1983606121532659      -0.3061423
      64.2006113695400842      -0.1948439
      64.2028621269269024      -0.4213086
      64.2051128843137349      -0.4243992
      64.2073636417005673      -0.4009221
      64.2096138995114529      -0.3544623
      64.2118641573223670      -0.1995220
      64.2141144151332526      -0.3162408
      64.2163646729441666      -0.2680820
      64.2186144309479516      -0.2724882
      64.2208641889517509      -0.4246915
      64.2231139469555501      -0.3704338
      64.2253637049593351      -0.4330796
      64.2276129629248089      -0.3868209
      64.2298622208902827      -0.1354457
      64.2321114788557566      -0.1274707
      64.2343607368212304      -0.0075085
      64.2366094945171540      -0.1502551
      64.2388582522131060      -0.3458707
      64.2411070099090296      -0.2611536
      64.2433557676049674      -0.3597904
      64.2456040248001301      -0.2979932
      64.2478522819952929      -0.2942267
      64.2501005391904556      -0.3301351
      64.2523487963856041      -0.2960918
      64.2545965528487386      -0.3836038
      64.2568443093118731      -0.3977000
      64.2590920657749933      -0.2885405
      64.2613398222381420      -0.4078466
      64.2635870777379665      -0.6214577
      64.2658343332377910      -0.5571792
      64.2680815887376298      -0.5635823
      64.2703288442374543      -0.0437881
      64.2725755985427014       0.4624343
      64.2748223528479485       0.3825373
      64.2770691071531957       0.4365620
      64.2793158614584286       0.0977653
      64.2815621143377740      -0.1124871
      64.2838083672171194       0.1942345
      64.2860546200964791       0.1980652
      64.2883008729758245       0.1678863
      64.2905466241979582       0.3918328
      64.2927923754201061       0.0893548
      64.2950381266422539      -0.0380638
      64.2972838778644018       0.0302795
      64.2995291271979852       0.0968751
      64.3017743765315970       0.3820260
      64.3040196258651804       0.4726812
      64.3062648751987922       0.4192749
      64.3085096224125010       0.3054792
      64.3107543696262098       0.0112525
      64.3129991168399187      -0.0015165
      64.3152438640536133       0.1116517
      64.3174881089160522      -0.1634914
      64.3197323537785053      -0.0505464
      64.3219765986409584      -0.2809062
      64.3242208435033831      -0.2181015
      64.3264645857831852       0.0746649
      64.3287083280629872       0.0287766
      64.3309520703427893       0.1795996
      64.3331958126225913       0.0787525
      64.3354390520883612      -0.2646429
      64.3376822915541027      -0.2086453
      64.3399255310198726      -0.1862628
      64.3421687704856282      -0.2057670
      64.3444115069059421      -0.0915748
      64.3466542433262418      -0.3285109
      64.3488969797465415      -0.1692194
      64.3511397161668413      -0.0321993
      64.3533819493102612       0.0772504
      64.3556241824536812       0.6776432
      64.3578664155970870       0.5874224
      64.3601086487405212       0.4532775
      64.3623503783755950       0.5803694
      64.3645921080106973       0.0586085
      64.3668338376457712       0.0481273
      64.3690755672808734       0.1369808
      64.3713167931761632       0.1420170
      64.3735580190714529       0.0167401
      64.3757992449667569      -0.1223330
      64.3780404708620608      -0.1906036
      64.3802811927860716      -0.2079190
      64.3825219147101109       0.1525088
      64.3847626366341217       0.2607004
      64.3870033585581751       0.0815870
      64.3892435762794406      -0.2731684
      64.3914837940007061      -0.3721738
      64.3937240117219716      -0.4693430
      64.3959642294432655      -0.2798207
      64.3982039427302766      -0.0057994
      64.4004436560172735      -0.2515453
      64.4026833693042704      -0.3636285
      64.4049230825912957      -0.4685718
      64.4071622912125150      -0.5942810
      64.4094014998337343      -0.0422329
      64.4116407084549536       0.3830322
      64.4138799170761729       0.5977268
      64.4161186208000629       0.6877193
      64.4183573245239671       0.5691761
      64.4205960282478713       0.4083939
      64.4228347319717471       0.2572402
      64.4250729305667704      -0.0233908
      64.4273111291617937       0.1455323
      64.4295493277568170       0.3420227
      64.4317875263518118       0.7359968
      64.4340252195863883       1.0729035
      64.4362629128209647       0.9407032
      64.4385006060555412       0.6732457
      64.4407382992901034       0.4701063
      64.4429754869326388       0.7231668
      64.4452126745751883       0.6202224
      64.4474498622177379       0.8610103
      64.4496870498602732       0.6196726
      64.4519237316791873       0.3074920
      64.4541604134981014       0.3193690
      64.4563970953170298       0.6072569
      64.4586337771359581       0.7689685
      64.4608699528996283       0.7417662
      64.4631061286632985       0.9843453
      64.4653423044269829       0.3923678
      64.4675784801906673       0.4862761
      64.4698141496674850       0.7644439
      64.4720498191443028       0.6678903
      64.4742854886211205       0.9943944
      64.4765211580979383       0.8828003
      64.4787563210562382       0.5126037
      64.4809914840145666       0.7309300
      64.4832266469728665       0.7541008
      64.4854618099311665       0.9971687
      64.4876964661393117       0.7135795
      64.4899311223474569       0.9299622
      64.4921657785556022       0.6687804
      64.4944004347637474       0.2797720
      64.4966345839900583       0.3949952
      64.4988687332163693       0.7965176
      64.5011028824426802       1.0704821
      64.5033370316689769       1.4955463
      64.5055709273464544       1.4609373
      64.5078048230239318       0.6403492
      64.5100387187014093       0.1180070
      64.5122726143788583      -0.3982819
      64.5145065100563357      -0.1284151
      64.5167404057338132       0.0000000
      64.5189743014112906       0.0000000
