     158.9757905687864934       0.0000000
     158.9915303048092596      -0.0644562
     159.0072700408320543       0.4558791
     159.0230097768548490       0.5288463
     159.0387495128776436       0.1790499
     159.0544892003938173       0.2055901
     159.0702288879099910       0.1518618
     159.0859685754261932       0.2240561
     159.1017082629424237       0.1699654
     159.1174478950198079       0.1824715
     159.1331875270971921       0.0271343
     159.1489271591745762       0.0226454
     159.1646667912519888       0.0377886
     159.1804063609501441       0.0608354
     159.1961459306483277      -0.0402162
     159.2118855003465114      -0.0481501
     159.2276250700446667      -0.0061113
     159.2433645704150251       0.0253650
     159.2591040707853836       0.1855189
     159.2748435711557136       0.2225022
     159.2905830715261004       0.1372746
     159.3063224956118233       0.1270715
     159.3220619196975463      -0.0274047
     159.3378013437832692      -0.1040417
     159.3535407678690206      -0.1699214
     159.3692801087051407      -0.1504047
     159.3850194495412609      -0.0550057
     159.4007587903773810      -0.0076857
     159.4164981312135296      -0.0032027
     159.4322373818268943      -0.0255739
     159.4479766324402590      -0.1814877
     159.4637158830535952      -0.1179681
     159.4794551336669883      -0.0893149
     159.4951942870761741      -0.0783859
     159.5109334404854167       0.0481896
     159.5266725938946024       0.0479495
     159.5424117473038450       0.0821084
     159.5581507965193850       0.0803796
     159.5738898457349251       0.0396810
     159.5896288949504367       0.0144833
     159.6053679441659767       0.0399727
     159.6211068821900767      -0.0266390
     159.6368458202141483      -0.0372733
     159.6525847582382198       0.0092859
     159.6683236962623482      -0.0105148
     159.6840625160890568       0.0281329
     159.6998013359157653       0.0515307
     159.7155401557424739      -0.0657783
     159.7312789755691824      -0.0341193
     159.7470176701843911      -0.0951195
     159.7627563647995999      -0.0618686
     159.7784950594148086      -0.0220284
     159.7942337540300173      -0.0689457
     159.8099723164114039       0.0022771
     159.8257108787927905      -0.0230381
     159.8414494411741771      -0.0689819
     159.8571880035555637      -0.0823850
     159.8729264266726204      -0.1046492
     159.8886648497896772      -0.1241419
     159.9044032729067339      -0.0382305
     159.9201416960238475      -0.0027232
     159.9358799728378813       0.0826147
     159.9516182496519150       0.1766714
     159.9673565264659487       0.2328480
     159.9830948032799824       0.3060454
     159.9988329267441145       0.4620342
     160.0145710502082181       0.5341786
     160.0303091736723218       0.6376439
     160.0460472971364823       0.7501217
     160.0617852601956201       0.7977513
     160.0775232232547296       0.8614632
     160.0932611863138391       0.8323117
     160.1089991493730054       0.8089775
     160.1247369449638995       0.6729674
     160.1404747405547653       0.5482324
     160.1562125361456310       0.4607451
     160.1719503317365252       0.3942182
     160.1876879527876838       0.2698079
     160.2034255738388424       0.2378085
     160.2191631948900294       0.1858751
     160.2349008159411596       0.1004375
     160.2506382553729622       0.1175487
     160.2663756948047649       0.0462179
     160.2821131342365675       0.0167029
     160.2978505736683701       0.0366862
     160.3135878243929824       0.0200784
     160.3293250751175663       0.0282098
     160.3450623258421501      -0.0539177
     160.3607995765667624      -0.0876056
     160.3765366314881362      -0.0773637
     160.3922736864095100      -0.0750695
     160.4080107413308838       0.0161938
     160.4237477962522576       0.0369721
     160.4394846482661592      -0.0006040
     160.4552215002801177       0.0155784
     160.4709583522940193       0.0611240
     160.4866952043079777       0.0854976
     160.5024318463020450       0.1276310
     160.5181684882961122       0.1646623
     160.5339051302902078       0.1070757
     160.5496417722843034       0.0868799
     160.5653781971379317      -0.0100327
     160.5811146219915884      -0.0837060
     160.5968510468452450      -0.0548578
     160.6125874716988733      -0.1367505
     160.6283236722833294      -0.1095536
     160.6440598728677287      -0.0961674
     160.6597960734521848      -0.1181571
     160.6755322740366125      -0.0106577
     160.6912682432148642       0.0238655
     160.7070042123931159       0.0471059
     160.7227401815713677       0.0268507
     160.7384761507495909      -0.0733888
     160.7542118813765342      -0.1245603
     160.7699476120034205      -0.2242045
     160.7856833426303638      -0.2601074
     160.8014190732572501      -0.2401140
     160.8171545581794817      -0.2578403
     160.8328900431017132      -0.1457017
     160.8486255280239448      -0.1099069
     160.8643610129461479       0.0918568
     160.8800962450021643       0.1693526
     160.8958314770581808       0.3436015
     160.9115667091141972       0.3428254
     160.9273019411702137       0.0924736
     160.9430369131902978       0.0361175
     160.9587718852103819      -0.0888534
     160.9745068572304660      -0.0992862
     160.9902418292505786       0.0429662
     161.0059765340568276       0.1459107
     161.0217112388630767      -0.0416869
     161.0374459436693542      -0.0661032
     161.0531806484756316      -0.2849095
     161.0689150788819575      -0.2904694
     161.0846495092883401      -0.2611283
     161.1003839396946660      -0.2455035
     161.1161183701010202      -0.0955522
     161.1318525189131776      -0.2075452
     161.1475866677253634      -0.3385830
     161.1633208165375208      -0.2776021
     161.1790549653496782      -0.2640997
     161.1947889715651456      -0.1848847
     161.2105229777806414      -0.1832271
     161.2262569839961373      -0.0622990
     161.2419909902116046       0.0112687
     161.2577249964270720       0.0000000
     161.2734590026425678       0.0000000
     161.2891930088580636       0.0000000
