      63.8729284738469545       0.4145222
      63.8751970621391862       0.1815592
      63.8774656504314180       1.0151404
      63.8797342387236498       1.1458260
      63.8820028270158815       0.5649632
      63.8842709240435056       0.4336024
      63.8865390210711439       0.6996521
      63.8888071180987680       1.5465941
      63.8910752151263992       1.9862978
      63.8933428206588729       2.8806064
      63.8956104261913396       2.0553353
      63.8978780317238204       1.9959826
      63.9001456372562870       1.4538964
      63.9024127510630251       1.2600517
      63.9046798648697632       1.0600834
      63.9069469786765083       0.9051304
      63.9092140924832464      -0.1703519
      63.9114807143336634      -0.3822964
      63.9137473361840733      -0.0480137
      63.9160139580344833      -0.6462586
      63.9182805798849074      -0.1033304
      63.9205467095483755      -0.1107302
      63.9228128392118577      -0.4924956
      63.9250789688753258       0.0202143
      63.9273450985388081      -0.2089656
      63.9296107357847205      -0.0140106
      63.9318763730306330      -0.5389802
      63.9341420102765383      -0.3261264
      63.9364076475224437      -0.7395217
      63.9386727921201441      -0.9466301
      63.9409379367178303      -0.5776227
      63.9432030813155308      -0.4421877
      63.9454682259132170       0.0828722
      63.9477328776320206       0.1168915
      63.9499975293508314       0.4183475
      63.9522621810696421      -0.1999559
      63.9545268327884529      -0.5011960
      63.9567909913976962      -0.2650813
      63.9590551500069324      -0.0754929
      63.9613193086161687       0.5039026
      63.9635834672254191       0.5441224
      63.9658471324943889       0.2672974
      63.9681107977633587       0.2760004
      63.9703744630323285       0.1747905
      63.9726381283012913       0.3005451
      63.9749012999992672       0.2517468
      63.9771644716972432       0.2851567
      63.9794276433952191      -0.0825345
      63.9816908150931880      -0.3810770
      63.9839534929894356      -0.6124271
      63.9862161708856831      -0.7399256
      63.9884788487819236      -0.7623984
      63.9907415266781570      -0.5928738
      63.9930037105419132      -0.2537242
      63.9952658944056623      -0.2828111
      63.9975280782694114      -0.1114236
      63.9997902621331605       0.0584210
      64.0020519517336481       0.0468404
      64.0043136413341358      -0.1905025
      64.0065753309346093      -0.0786739
      64.0088370205350969       0.0203153
      64.0110982156415247       0.0914468
      64.0133594107479382      -0.1401072
      64.0156206058543660      -0.2901660
      64.0178818009607937      -0.5970503
      64.0201425013423489      -0.3853136
      64.0224032017239040      -0.2445346
      64.0246639021054449      -0.4085784
      64.0269246024870142      -0.1830813
      64.0291848079128556      -0.3103144
      64.0314450133386970      -0.2253761
      64.0337052187645526       0.0296522
      64.0359654241904224      -0.0979236
      64.0382251344297231      -0.1004983
      64.0404848446690238      -0.2095533
      64.0427445549083245      -0.0739989
      64.0450042651476537       0.0605751
      64.0472634799695442       0.0108443
      64.0495226947914347       0.2465233
      64.0517819096133252       0.4946608
      64.0540411244352299       0.4104481
      64.0562998436088407       0.5485480
      64.0585585627824372       0.5430601
      64.0608172819560338       0.1929635
      64.0630760011296445       0.2013800
      64.0653342244240491       0.3544170
      64.0675924477184537       0.0754615
      64.0698506710128584       0.2495505
      64.0721088943072772       0.1232616
      64.0743666214915777       0.0926736
      64.0766243486758782       0.3234957
      64.0788820758601787       0.0395449
      64.0811398030444650       0.1806667
      64.0833970338877350      -0.1346588
      64.0856542647309766      -0.0448092
      64.0879114955742466       0.0273930
      64.0901687264174882       0.0567915
      64.0924254606887587       0.1237033
      64.0946821949600007       0.1754592
      64.0969389292312712      -0.0573366
      64.0991956635025417      -0.0203877
      64.1014519009708295       0.2797469
      64.1037081384391172       0.0346441
      64.1059643759074049       0.4146453
      64.1082206133757069       0.2741047
      64.1104763538100428      -0.0662318
      64.1127320942443788      -0.0778590
      64.1149878346787148      -0.1972491
      64.1172435751130649      -0.0146666
      64.1194988182824659       0.0820422
      64.1217540614518384       0.1274247
      64.1240093046212394      -0.0081090
      64.1262645477906119       0.0388814
      64.1285192934640236       0.0252877
      64.1307740391374352       0.2623923
      64.1330287848108469       0.3226982
      64.1352835304842586       0.1300835
      64.1375377784306551      -0.0325758
      64.1397920263770516      -0.1959790
      64.1420462743234481       0.0322935
      64.1443005222698446       0.0541452
      64.1465542722581716       0.2992514
      64.1488080222464987       0.1974842
      64.1510617722348258      -0.0145883
      64.1533155222231528       0.1864925
      64.1555687740223561       0.2122768
      64.1578220258215310       0.0925803
      64.1600752776207344       0.2520627
      64.1623285294199093       0.1675602
      64.1645812827988777       0.0628407
      64.1668340361778462       0.0552616
      64.1690867895568005       0.0256092
      64.1713395429357547      -0.3285272
      64.1735917976633914      -0.0495357
      64.1758440523910139       0.1665358
      64.1780963071186363       0.1508144
      64.1803485618462730       0.1338671
      64.1826003176914384       0.3564909
      64.1848520735366037       0.1932532
      64.1871038293817833       0.0555992
      64.1893555852269628       0.2321346
      64.1916068419585315      -0.2849242
      64.1938580986901002      -0.1442371
      64.1961093554216831       0.2468487
      64.1983606121532659       0.4437618
      64.2006113695400842       0.6884130
      64.2028621269269024       0.7448652
      64.2051128843137349       0.4762880
      64.2073636417005673       0.2990464
      64.2096138995114529       0.2386363
      64.2118641573223670       0.0591158
      64.2141144151332526      -0.0979063
      64.2163646729441666      -0.0507273
      64.2186144309479516      -0.4990735
      64.2208641889517509      -0.2316994
      64.2231139469555501      -0.1866150
      64.2253637049593351      -0.3726310
      64.2276129629248089       0.1582301
      64.2298622208902827       0.2936862
      64.2321114788557566       0.0536587
      64.2343607368212304       0.4309590
      64.2366094945171540       0.1826537
      64.2388582522131060      -0.0264623
      64.2411070099090296       0.4767591
      64.2433557676049674       0.0692979
      64.2456040248001301       0.1512768
      64.2478522819952929       0.0909862
      64.2501005391904556      -0.1075574
      64.2523487963856041       0.0411760
      64.2545965528487386       0.1802242
      64.2568443093118731       0.3384342
      64.2590920657749933       0.4712923
      64.2613398222381420       0.4586890
      64.2635870777379665       0.3035463
      64.2658343332377910       0.1773755
      64.2680815887376298       0.1893472
      64.2703288442374543       0.2202931
      64.2725755985427014       0.2049307
      64.2748223528479485       0.0396568
      64.2770691071531957      -0.3633149
      64.2793158614584286      -0.2497115
      64.2815621143377740      -0.1898370
      64.2838083672171194       0.0251928
      64.2860546200964791       0.2497758
      64.2883008729758245       0.1424777
      64.2905466241979582       0.1894044
      64.2927923754201061       0.2628204
      64.2950381266422539       0.5781623
      64.2972838778644018       0.6856927
      64.2995291271979852       0.5465754
      64.3017743765315970       0.3355598
      64.3040196258651804       0.1619765
      64.3062648751987922      -0.0336775
      64.3085096224125010       0.1218998
      64.3107543696262098       0.4734987
      64.3129991168399187       0.4525595
      64.3152438640536133       0.3156416
      64.3174881089160522       0.1823477
      64.3197323537785053      -0.4647088
      64.3219765986409584      -0.4905003
      64.3242208435033831      -0.4244087
      64.3264645857831852      -0.3199908
      64.3287083280629872       0.1246860
      64.3309520703427893       0.0891907
      64.3331958126225913       0.3142446
      64.3354390520883612       0.2713327
      64.3376822915541027       0.1534911
      64.3399255310198726       0.2305913
      64.3421687704856282      -0.1154220
      64.3444115069059421      -0.1420747
      64.3466542433262418      -0.3365524
      64.3488969797465415      -0.1955493
      64.3511397161668413       0.0022458
      64.3533819493102612       0.1513902
      64.3556241824536812      -0.0056135
      64.3578664155970870      -0.1419100
      64.3601086487405212      -0.3020288
      64.3623503783755950      -0.3682417
      64.3645921080106973       0.0375429
      64.3668338376457712       0.1558552
      64.3690755672808734       0.3906866
      64.3713167931761632       0.4975523
      64.3735580190714529       0.3124142
      64.3757992449667569       0.0832655
      64.3780404708620608       0.1015254
      64.3802811927860716      -0.0707029
      64.3825219147101109      -0.0969277
      64.3847626366341217      -0.0847835
      64.3870033585581751      -0.5387878
      64.3892435762794406      -0.5837033
      64.3914837940007061      -0.4986074
      64.3937240117219716      -0.3170836
      64.3959642294432655       0.1784583
      64.3982039427302766       0.3772273
      64.4004436560172735       0.2047457
      64.4026833693042704      -0.3017231
      64.4049230825912957      -0.6892237
      64.4071622912125150      -0.4449370
      64.4094014998337343      -0.3379045
      64.4116407084549536      -0.1648835
      64.4138799170761729      -0.0361506
      64.4161186208000629      -0.1669777
      64.4183573245239671      -0.6462144
      64.4205960282478713      -0.3131691
      64.4228347319717471      -0.0238199
      64.4250729305667704      -0.5321460
      64.4273111291617937      -0.1632597
      64.4295493277568170      -0.0918988
      64.4317875263518118      -0.4696274
      64.4340252195863883      -0.4638296
      64.4362629128209647      -0.5941466
      64.4385006060555412      -0.7675862
      64.4407382992901034      -0.7805191
      64.4429754869326388      -0.6590858
      64.4452126745751883      -0.4922422
      64.4474498622177379      -0.4710644
      64.4496870498602732      -0.1444992
      64.4519237316791873       0.1850573
      64.4541604134981014       0.0147747
      64.4563970953170298      -0.2247132
      64.4586337771359581      -0.5660478
      64.4608699528996283      -0.6557186
      64.4631061286632985      -0.5793995
      64.4653423044269829      -0.3693599
      64.4675784801906673      -0.3367494
      64.4698141496674850      -0.7308469
      64.4720498191443028      -0.7547051
      64.4742854886211205      -0.7903153
      64.4765211580979383      -0.7731829
      64.4787563210562382      -0.8140093
      64.4809914840145666      -0.4750920
      64.4832266469728665      -0.9616091
      64.4854618099311665      -0.9783994
      64.4876964661393117      -0.7897117
      64.4899311223474569      -1.4427235
      64.4921657785556022      -1.1594930
      64.4944004347637474      -0.9950454
      64.4966345839900583      -1.6278554
      64.4988687332163693      -0.1247514
      64.5011028824426802      -0.2541695
      64.5033370316689769       0.2764200
      64.5055709273464544       0.0620565
      64.5078048230239318       0.2159485
      64.5100387187014093       0.3491141
      64.5122726143788583       0.0669098
      64.5145065100563357       0.0000000
      64.5167404057338132       0.0000000
      64.5189743014112906       0.0000000
