     158.9757905687864934       0.0000000
     158.9915303048092596       0.1509486
     159.0072700408320543       0.1986690
     159.0230097768548490      -0.0473794
     159.0387495128776436      -0.1097811
     159.0544892003938173      -0.2068411
     159.0702288879099910       0.0369479
     159.0859685754261932       0.2594815
     159.1017082629424237       0.0105696
     159.1174478950198079       0.1541765
     159.1331875270971921       0.0014129
     159.1489271591745762      -0.1396920
     159.1646667912519888      -0.1182514
     159.1804063609501441      -0.0770315
     159.1961459306483277       0.1012422
     159.2118855003465114       0.0862483
     159.2276250700446667       0.1294664
     159.2433645704150251       0.0785675
     159.2591040707853836       0.0083825
     159.2748435711557136      -0.0311488
     159.2905830715261004       0.0411384
     159.3063224956118233       0.0158241
     159.3220619196975463      -0.0330745
     159.3378013437832692       0.1362834
     159.3535407678690206       0.0609024
     159.3692801087051407       0.1592489
     159.3850194495412609       0.2288926
     159.4007587903773810      -0.0070684
     159.4164981312135296      -0.0792011
     159.4322373818268943      -0.3082035
     159.4479766324402590      -0.4638641
     159.4637158830535952      -0.2854385
     159.4794551336669883      -0.1906580
     159.4951942870761741      -0.0365546
     159.5109334404854167      -0.0235728
     159.5266725938946024      -0.0637380
     159.5424117473038450      -0.1570334
     159.5581507965193850      -0.2186274
     159.5738898457349251      -0.1388872
     159.5896288949504367      -0.0940935
     159.6053679441659767       0.0068991
     159.6211068821900767       0.1612433
     159.6368458202141483       0.2172649
     159.6525847582382198       0.2029897
     159.6683236962623482       0.2035045
     159.6840625160890568       0.1264854
     159.6998013359157653       0.1391766
     159.7155401557424739       0.0980161
     159.7312789755691824       0.1312759
     159.7470176701843911       0.1706281
     159.7627563647995999       0.1489788
     159.7784950594148086       0.2357822
     159.7942337540300173       0.3316011
     159.8099723164114039       0.4136105
     159.8257108787927905       0.5900241
     159.8414494411741771       0.8305770
     159.8571880035555637       1.0709345
     159.8729264266726204       1.4670821
     159.8886648497896772       1.7308941
     159.9044032729067339       1.9729745
     159.9201416960238475       2.1215942
     159.9358799728378813       2.0577140
     159.9516182496519150       1.9425039
     159.9673565264659487       1.7935483
     159.9830948032799824       1.5291170
     159.9988329267441145       1.3981038
     160.0145710502082181       1.3869071
     160.0303091736723218       1.3448833
     160.0460472971364823       1.4285288
     160.0617852601956201       1.4476482
     160.0775232232547296       1.4371132
     160.0932611863138391       1.4140475
     160.1089991493730054       1.4037620
     160.1247369449638995       1.4421756
     160.1404747405547653       1.4190072
     160.1562125361456310       1.3991377
     160.1719503317365252       1.2982644
     160.1876879527876838       1.1921128
     160.2034255738388424       1.0461237
     160.2191631948900294       0.9293002
     160.2349008159411596       0.7519850
     160.2506382553729622       0.5810164
     160.2663756948047649       0.4779126
     160.2821131342365675       0.3059754
     160.2978505736683701       0.2836492
     160.3135878243929824       0.1764264
     160.3293250751175663       0.1755805
     160.3450623258421501       0.1335271
     160.3607995765667624       0.1048169
     160.3765366314881362       0.1113355
     160.3922736864095100       0.0094832
     160.4080107413308838       0.0328876
     160.4237477962522576       0.0090191
     160.4394846482661592      -0.0364801
     160.4552215002801177       0.0093620
     160.4709583522940193      -0.0346173
     160.4866952043079777       0.0240140
     160.5024318463020450       0.0035375
     160.5181684882961122       0.0186508
     160.5339051302902078      -0.0348928
     160.5496417722843034      -0.0488837
     160.5653781971379317      -0.0679594
     160.5811146219915884      -0.0876127
     160.5968510468452450      -0.0451067
     160.6125874716988733      -0.1200915
     160.6283236722833294      -0.0279915
     160.6440598728677287       0.0543169
     160.6597960734521848       0.0532511
     160.6755322740366125       0.1762716
     160.6912682432148642       0.0967091
     160.7070042123931159      -0.0696036
     160.7227401815713677      -0.0956081
     160.7384761507495909      -0.1232398
     160.7542118813765342      -0.0693872
     160.7699476120034205      -0.1233489
     160.7856833426303638      -0.0502646
     160.8014190732572501      -0.2160306
     160.8171545581794817      -0.3950745
     160.8328900431017132      -0.2782480
     160.8486255280239448      -0.3311836
     160.8643610129461479      -0.2963421
     160.8800962450021643      -0.1735449
     160.8958314770581808      -0.1207212
     160.9115667091141972      -0.1781153
     160.9273019411702137      -0.0359405
     160.9430369131902978      -0.0194106
     160.9587718852103819       0.0141289
     160.9745068572304660       0.0514865
     160.9902418292505786      -0.0462102
     161.0059765340568276      -0.1388602
     161.0217112388630767      -0.2252776
     161.0374459436693542      -0.3386278
     161.0531806484756316      -0.2701153
     161.0689150788819575      -0.2122655
     161.0846495092883401      -0.2808754
     161.1003839396946660      -0.1799292
     161.1161183701010202      -0.3087063
     161.1318525189131776      -0.5761766
     161.1475866677253634      -0.7645574
     161.1633208165375208      -1.1755558
     161.1790549653496782      -0.7688452
     161.1947889715651456      -1.1476077
     161.2105229777806414      -1.1366941
     161.2262569839961373       0.0340667
     161.2419909902116046       0.0348898
     161.2577249964270720       0.0000000
     161.2734590026425678       0.0000000
     161.2891930088580636       0.0000000
