     158.9757905687864934       0.0000000
     158.9915303048092596       0.3107769
     159.0072700408320543       0.3163796
     159.0230097768548490       0.2157269
     159.0387495128776436       0.1565903
     159.0544892003938173      -0.0357298
     159.0702288879099910      -0.0434474
     159.0859685754261932      -0.1256935
     159.1017082629424237      -0.1567208
     159.1174478950198079       0.0608219
     159.1331875270971921       0.0943431
     159.1489271591745762       0.0771211
     159.1646667912519888       0.1226297
     159.1804063609501441       0.1024005
     159.1961459306483277       0.1414611
     159.2118855003465114       0.1896653
     159.2276250700446667       0.0664041
     159.2433645704150251       0.0369374
     159.2591040707853836      -0.0619762
     159.2748435711557136      -0.1094091
     159.2905830715261004      -0.0305958
     159.3063224956118233      -0.0509273
     159.3220619196975463       0.0286072
     159.3378013437832692       0.0453128
     159.3535407678690206       0.0075275
     159.3692801087051407       0.0701648
     159.3850194495412609      -0.0645931
     159.4007587903773810      -0.0298039
     159.4164981312135296      -0.0150845
     159.4322373818268943      -0.1136255
     159.4479766324402590      -0.0877131
     159.4637158830535952      -0.0484307
     159.4794551336669883      -0.0693139
     159.4951942870761741      -0.0476411
     159.5109334404854167       0.0467963
     159.5266725938946024      -0.0340730
     159.5424117473038450      -0.0309720
     159.5581507965193850      -0.0573705
     159.5738898457349251      -0.1259245
     159.5896288949504367      -0.0222041
     159.6053679441659767       0.0223133
     159.6211068821900767       0.0696700
     159.6368458202141483       0.1296941
     159.6525847582382198       0.0570133
     159.6683236962623482       0.0040403
     159.6840625160890568       0.0571895
     159.6998013359157653       0.0096304
     159.7155401557424739       0.0918162
     159.7312789755691824       0.1729565
     159.7470176701843911       0.1170932
     159.7627563647995999       0.1816006
     159.7784950594148086       0.2125899
     159.7942337540300173       0.2521837
     159.8099723164114039       0.2668426
     159.8257108787927905       0.3628164
     159.8414494411741771       0.4500773
     159.8571880035555637       0.6577327
     159.8729264266726204       0.9572775
     159.8886648497896772       1.3643049
     159.9044032729067339       1.6905000
     159.9201416960238475       2.1304030
     159.9358799728378813       2.3519418
     159.9516182496519150       2.4560268
     159.9673565264659487       2.4528408
     159.9830948032799824       2.2920289
     159.9988329267441145       2.1750174
     160.0145710502082181       1.9453895
     160.0303091736723218       1.7214543
     160.0460472971364823       1.5566669
     160.0617852601956201       1.4226059
     160.0775232232547296       1.4124833
     160.0932611863138391       1.3640041
     160.1089991493730054       1.2912418
     160.1247369449638995       1.2732717
     160.1404747405547653       1.0905656
     160.1562125361456310       0.9540096
     160.1719503317365252       0.8223597
     160.1876879527876838       0.5976986
     160.2034255738388424       0.4706957
     160.2191631948900294       0.3261012
     160.2349008159411596       0.2102303
     160.2506382553729622       0.1461067
     160.2663756948047649       0.1174400
     160.2821131342365675       0.0631216
     160.2978505736683701       0.0796653
     160.3135878243929824       0.0411371
     160.3293250751175663       0.0305509
     160.3450623258421501       0.0888275
     160.3607995765667624       0.0556395
     160.3765366314881362       0.0695812
     160.3922736864095100       0.0301495
     160.4080107413308838      -0.0260317
     160.4237477962522576      -0.0732131
     160.4394846482661592      -0.0757692
     160.4552215002801177      -0.0465628
     160.4709583522940193      -0.0442965
     160.4866952043079777      -0.0157529
     160.5024318463020450      -0.0294750
     160.5181684882961122      -0.0319822
     160.5339051302902078      -0.0785418
     160.5496417722843034      -0.0360134
     160.5653781971379317      -0.0590497
     160.5811146219915884      -0.0512973
     160.5968510468452450       0.0545830
     160.6125874716988733       0.0090024
     160.6283236722833294       0.0551589
     160.6440598728677287       0.0333740
     160.6597960734521848      -0.0096343
     160.6755322740366125       0.0726116
     160.6912682432148642       0.0427094
     160.7070042123931159       0.0290859
     160.7227401815713677       0.0672777
     160.7384761507495909       0.0250625
     160.7542118813765342       0.0711130
     160.7699476120034205       0.1076877
     160.7856833426303638       0.1638494
     160.8014190732572501       0.1514761
     160.8171545581794817       0.1353695
     160.8328900431017132       0.1815286
     160.8486255280239448       0.1387838
     160.8643610129461479       0.2503166
     160.8800962450021643       0.3170906
     160.8958314770581808       0.3509853
     160.9115667091141972       0.3801578
     160.9273019411702137       0.3219055
     160.9430369131902978       0.3288565
     160.9587718852103819       0.3225627
     160.9745068572304660       0.3531801
     160.9902418292505786       0.3155744
     161.0059765340568276       0.2540049
     161.0217112388630767       0.2471178
     161.0374459436693542       0.1534162
     161.0531806484756316       0.2848738
     161.0689150788819575       0.3233865
     161.0846495092883401       0.5107498
     161.1003839396946660       0.4871484
     161.1161183701010202       0.4981394
     161.1318525189131776       0.6127852
     161.1475866677253634       0.1178458
     161.1633208165375208       0.3259512
     161.1790549653496782       0.2020371
     161.1947889715651456       0.3632518
     161.2105229777806414       0.3416207
     161.2262569839961373      -0.0117213
     161.2419909902116046       0.0000000
     161.2577249964270720       0.0000000
     161.2734590026425678       0.0000000
     161.2891930088580636       0.0000000
