    2346.7694702207782029       0.0000000
    2376.6834107431564007       0.2113940
    2406.5973512655882587       0.1043041
    2436.5112917880205714       0.2494375
    2466.4252323104524294       0.2894938
    2496.3390806442876055       0.2198911
    2526.2529289781232364      -0.1114803
    2556.1667773120129823      -0.1080352
    2586.0806256459568431      -0.2489619
    2615.9943686163569510      -0.3742515
    2645.9081115867575136      -0.2326934
    2675.8218545571580762      -0.2991645
    2705.7355975276127538      -0.3675530
    2735.6492219440210647      -0.2470127
    2765.5628463604830358      -0.2069151
    2795.4764707769454617       0.0028802
    2825.3900951933537726      -0.0480012
    2855.3035878497635167      -0.0660657
    2885.2170805061737155      -0.0255185
    2915.1305731625297994       0.0727699
    2945.0440658189936585       0.0593097
    2974.9574134936806331      -0.0167866
    3004.8707611683671530      -0.0152112
    3034.7841088430545824      -0.1986832
    3064.6974565177952172      -0.0963410
    3094.6106459735856333       0.0351505
    3124.5238354293760494       0.0335802
    3154.4370248851660108       0.0770398
    3184.3502143410109966       0.1138943
    3214.2632323251741582       0.1426002
    3244.1762503093377745       0.0678852
    3274.0892682934472759       0.0712518
    3304.0022862776650072       0.0367454
    3333.9151195217523309      -0.0273206
    3363.8279527659478845      -0.0560828
    3393.7407860100356629      -0.0619358
    3423.6536192542316712      -0.0848386
    3453.5662544745073319      -0.0730725
    3483.4788896947839021      -0.0288472
    3513.3915249150059026      -0.0788096
    3543.3041601352820180      -0.0560193
    3573.2165840321840733      -0.0508771
    3603.1290079290320136      -0.0585995
    3633.0414318258794992       0.0193426
    3662.9538557228361242       0.0390816
    3692.8660549812980207       0.0445393
    3722.7782542397603720       0.1175876
    3752.6904534982231780       0.1495035
    3782.6026527566855293       0.0790927
    3812.5146140461406503       0.0768352
    3842.4265753355962261       0.0740906
    3872.3385366250513471       0.0960258
    3902.2504979145060133       0.0990167
    3932.1622078887753560       0.1199910
    3962.0739178630437891       0.1334349
    3991.9856278373122223       0.1172370
    4021.8973378115815649       0.2132525
    4051.8087831089283100       0.3473745
    4081.7202284062759645       0.5292959
    4111.6316737036222548       0.8757356
    4141.5431190010776845       1.1966338
    4171.4542862442103797       1.6342171
    4201.3654534873439843       1.8999400
    4231.2766207304766795       2.1350884
    4261.1877879736102841       2.4974303
    4291.0986637696796606       2.6982892
    4321.0095395656962864       2.9536438
    4350.9204153617120028       3.1891396
    4380.8312911578359490       3.1817913
    4410.7418620983826258       3.1442630
    4440.6524330388756425       3.0674374
    4470.5630039793686592       2.9341009
    4500.4735749199699057       2.8304720
    4530.3838275810321647       2.7051582
    4560.2940802420389446       2.3856766
    4590.2043329030466339       1.9696653
    4620.1145855641088929       1.5764867
    4650.0245065060580600       1.1351359
    4679.9344274480063177       0.8649109
    4709.8443483900091451       0.6063211
    4739.7542693319037426       0.3972113
    4769.6638450996642860       0.2330384
    4799.5734208674239198       0.1585190
    4829.4829966351844632      -0.0397849
    4859.3925724029450066      -0.0940228
    4889.3017895258299177      -0.0776471
    4919.2110066486593496      -0.0961362
    4949.1202237714906005      -0.0679262
    4979.0294408943746021      -0.0489627
    5008.9382858860863053      -0.1788811
    5038.8471308777980084      -0.1472451
    5068.7559758695088021      -0.1337634
    5098.6648208612214148      -0.0417379
    5128.5732802199045182       0.0327526
    5158.4817395786967609      -0.0888114
    5188.3901989373807737      -0.0978972
    5218.2986582961730164      -0.0750098
    5248.2067185045261795       0.0471158
    5278.1147787128802520       0.1421969
    5308.0228389212870752       0.1286340
    5337.9308991296948079      -0.0489948
    5367.8385466547497344      -0.2747419
    5397.7461941798592306      -0.1435246
    5427.6538417049687268      -0.1461895
    5457.5614892300236534      -0.0325449
    5487.4687105233642797       0.0456427
    5517.3759318165966761       0.0018921
    5547.2831531099363929       0.1361033
    5577.1903744032233590       0.0337259
    5607.0971559006593452       0.0728026
    5637.0039373980962409       0.1803569
    5666.9107188955322272       0.1095097
    5696.8175003929145532       0.2580639
    5726.7238285149160220       0.2039498
    5756.6301566368101703       0.1826720
    5786.5364847588125485       0.1211781
    5816.4428128807066969       0.1877045
    5846.3486740319713135       0.2006863
    5876.2545351832368397       0.0255543
    5906.1603963345014563       0.1843382
    5936.0662574857124127       0.1627147
    5965.9716380555428259       0.3137625
    5995.8770186253732390       0.4064758
    6025.7823991952036522       0.3657013
    6055.6877797650340653       0.3232562
    6085.5926661271214471       0.2020929
    6115.4975524892088288       0.1786853
    6145.4024388512962105       0.2235287
    6175.3073252134372524       0.1894305
    6205.2117037259167773       0.1684597
    6235.1160822383972118       0.2838684
    6265.0204607509303969       0.3131740
    6294.9248392634635820       0.2309574
    6324.8286962689135180       0.5545768
    6354.7325532744716838       0.5766447
    6384.6364102799216198       0.5215110
    6414.5402672854243065       0.8070201
    6444.4435891109196746       0.5859092
    6474.3469109364696124       0.5140013
    6504.2502327619649805       0.7422153
    6534.1535545874603486       0.6875437
    6564.0566054027622158       0.8840013
    6593.9596562181186528       0.9313139
    6623.8627070334750897       0.3561918
    6653.7657578487769570       0.1408107
    6683.6688086640788242      -0.0295856
    6713.5718594794343517       0.0000000
    6743.4749102947898791       0.0000000
