    3270.2319913037072183       0.4145222
    3280.9959343705850188       0.1815592
    3291.7598774374632740       1.0151404
    3302.5238205043406197       1.1458260
    3313.2877635712184201       0.5649632
    3324.0493756976229633       0.4336024
    3334.8109878240948092       0.6996521
    3345.5725999504988977       1.5465941
    3356.3342120769370922       1.9862978
    3367.0934921689945440       2.8806064
    3377.8527722610187993       2.0553353
    3388.6120523531103572       1.9959826
    3399.3713324451341578       1.4538964
    3410.1282794087696857       1.2600517
    3420.8852263724043041       1.0600834
    3431.6421733360734834       0.9051304
    3442.3991202997090113      -0.1703519
    3453.1537330408459638      -0.3822964
    3463.9083457819492651      -0.0480137
    3474.6629585230530211      -0.6462586
    3485.4175712642231701      -0.1033304
    3496.1698486885838975      -0.1107302
    3506.9221261130123821      -0.4924956
    3517.6744035373735642       0.0202143
    3528.4266809618020488      -0.2089656
    3539.1766219752098550      -0.0140106
    3549.9265629886181159      -0.5389802
    3560.6765040019922708      -0.3261264
    3571.4264450153664257      -0.7395217
    3582.1740485234081461      -0.9466301
    3592.9216520313830188      -0.5776227
    3603.6692555394251940      -0.4421877
    3614.4168590473996119       0.0828722
    3625.1621239555279317       0.1168915
    3635.9073888636903575       0.4183475
    3646.6526537718527834      -0.1999559
    3657.3979186800152092      -0.5011960
    3668.1408438937833125      -0.2650813
    3678.8837691075182192      -0.0754929
    3689.6266943212526712       0.5039026
    3700.3696195350548805       0.5441224
    3711.1102039597803923       0.2672974
    3721.8507883845063589       0.2760004
    3732.5913728092318706       0.1747905
    3743.3319572339241859       0.3005451
    3754.0701997748910799       0.2517468
    3764.8084423158575191       0.2851567
    3775.5466848568248679      -0.0825345
    3786.2849273977576559      -0.3810770
    3797.0208269601821485      -0.6124271
    3807.7567265226057316      -0.7399256
    3818.4926260849965729      -0.7623984
    3829.2285256473528534      -0.5928738
    3839.9620811363161010      -0.2537242
    3850.6956366252452426      -0.2828111
    3861.4291921141748389      -0.1114236
    3872.1627476031039805       0.0584210
    3882.8939579236193822       0.0468404
    3893.6251682441356934      -0.1905025
    3904.3563785645837925      -0.0786739
    3915.0875888850996489       0.0203153
    3925.8164529421151201       0.0914468
    3936.5453169990628339      -0.1401072
    3947.2741810560778504      -0.2901660
    3958.0030451130933216      -0.5970503
    3968.7295618114530953      -0.3853136
    3979.4560785098133238      -0.2445346
    3990.1825952081062496      -0.4085784
    4000.9091119065337807      -0.1830813
    4011.6332801509493038      -0.3103144
    4022.3574483953648269      -0.2253761
    4033.0816166398476526       0.0296522
    4043.8057848843982356      -0.0979236
    4054.5276035796468932      -0.1004983
    4065.2494222748964603      -0.2095533
    4075.9712409701451179      -0.0739989
    4086.6930596655288355       0.0605751
    4097.4125277161874692       0.0108443
    4108.1319957668456482       0.2465233
    4118.8514638175038272       0.4946608
    4129.5709318682293087       0.4104481
    4140.2880481788733960       0.5485480
    4151.0051644894483616       0.5430601
    4161.7222808000242367       0.1929635
    4172.4393971106683239       0.2013800
    4183.1541605856027672       0.3544170
    4193.8689240605363011       0.0754615
    4204.5836875354707445       0.2495505
    4215.2984510104724905       0.1232616
    4226.0108605541381621       0.0926736
    4236.7232700978047433       0.3234957
    4247.4356796414704149       0.0395449
    4258.1480891850696935       0.1806667
    4268.8581437017737699      -0.1346588
    4279.5681982183423315      -0.0448092
    4290.2782527350464079       0.0273930
    4300.9883072516167886       0.0567915
    4311.6960056454627193       0.1237033
    4322.4037040391731352       0.1754592
    4333.1114024330190659      -0.0573366
    4343.8191008268649966      -0.0203877
    4354.5244420018889286       0.2797469
    4365.2297831769128607       0.0346441
    4375.9351243519358832       0.4146453
    4386.6404655270271178       0.2741047
    4397.3434483873334102      -0.0662318
    4408.0464312476378836      -0.0778590
    4418.7494141079441761      -0.1972491
    4429.4523969683168616      -0.0146666
    4440.1530204179398424       0.0820422
    4450.8536438674291276       0.1274247
    4461.5542673170530179      -0.0081090
    4472.2548907665423030       0.0388814
    4482.9531537091825157       0.0252877
    4493.6514166518236379       0.2623923
    4504.3496795944647602       0.3226982
    4515.0479425371049729       0.1300835
    4525.7438438765975661      -0.0325758
    4536.4397452160892499      -0.1959790
    4547.1356465555818431       0.0322935
    4557.8315478950735269       0.0541452
    4568.5250865351172251       0.2992514
    4579.2186251751600139       0.1974842
    4589.9121638152028027      -0.0145883
    4600.6057024552446819       0.1864925
    4611.2968772995382096       0.2122768
    4621.9880521436953131       0.0925803
    4632.6792269879870219       0.2520627
    4643.3704018321450349       0.1675602
    4654.0592117841169966       0.0628407
    4664.7480217360880488       0.0552616
    4675.4368316879917984       0.0256092
    4686.1256416398964575      -0.3285272
    4696.8120856030436698      -0.0495357
    4707.4985295661244891       0.1665358
    4718.1849735292043988       0.1508144
    4728.8714174923525206       0.1338671
    4739.5554943699708019       0.3564909
    4750.2395712475890832       0.1932532
    4760.9236481252746671       0.0555992
    4771.6077250029611605       0.2321346
    4782.2894336984118127      -0.2849242
    4792.9711423938624648      -0.1442371
    4803.6528510893813291       0.2468487
    4814.3345597848992838       0.4437618
    4825.0138992014108226       0.6884130
    4835.6932386179214518       0.7448652
    4846.3725780344993836       0.4762880
    4857.0519174510782250       0.2990464
    4867.7288864917418323       0.2386363
    4878.4058555325400448       0.0591158
    4889.0828245732027426      -0.0979063
    4899.7597936140009551      -0.0507273
    4910.4343911819760251      -0.4990735
    4921.1089887500193072      -0.2316994
    4931.7835863180625893      -0.1866150
    4942.4581838860376592      -0.3726310
    4953.1304088842816782       0.1582301
    4963.8026338825275161       0.2936862
    4974.4748588807715350       0.0536587
    4985.1470838790173730       0.4309590
    4995.8169352103532219       0.1826537
    5006.4867865418264046      -0.0264623
    5017.1566378731622535       0.4767591
    5027.8264892045681336       0.0692979
    5038.4939657719542083       0.1512768
    5049.1614423393411926       0.0909862
    5059.8289189067281768      -0.1075574
    5070.4963954740469489       0.0411760
    5081.1614961801706158       0.1802242
    5091.8265968862942827       0.3384342
    5102.4916975923524660       0.4712923
    5113.1567982985434355       0.4586890
    5123.8195220460256678       0.3035463
    5134.4822457935069906       0.1773755
    5145.1449695410565255       0.1893472
    5155.8076932885387578       0.2202931
    5166.4680389800660123       0.2049307
    5177.1283846715932668       0.0396568
    5187.7887303631205214      -0.3633149
    5198.4490760545804733      -0.2497115
    5209.1070425925718155      -0.1898370
    5219.7650091305631577       0.0251928
    5230.4229756686218025       0.2497758
    5241.0809422066122352       0.1424777
    5251.7365284935531236       0.1894044
    5262.3921147805604051       0.2628204
    5273.0477010675676866       0.5781623
    5283.7032873545758775       0.6856927
    5294.3564922928153464       0.5465754
    5305.0096972311903301       0.3355598
    5315.6629021694307085       0.1619765
    5326.3161071078056921      -0.0336775
    5336.9669295997628069       0.1218998
    5347.6177520917208312       0.4734987
    5358.2685745836788556       0.4525595
    5368.9193970755695773       0.3156416
    5379.5678360233259809       0.1823477
    5390.2162749711496872      -0.4647088
    5400.8647139189743029      -0.4905003
    5411.5131528666634040      -0.4244087
    5422.1592071724335256      -0.3199908
    5432.8052614782054661       0.1246860
    5443.4513157839764972       0.0891907
    5454.0973700897475283       0.3142446
    5464.7410386556139201       0.2713327
    5475.3847072213457068       0.1534911
    5486.0283757872130082       0.2305913
    5496.6720443530120974      -0.1154220
    5507.3133260809199783      -0.1420747
    5517.9546078087605565      -0.3365524
    5528.5958895366011348      -0.1955493
    5539.2371712644417130       0.0022458
    5549.8760650562699084       0.1513902
    5560.5149588480990133      -0.0056135
    5571.1538526398599060      -0.1419100
    5581.7927464317554040      -0.3020288
    5592.4292511893154369      -0.3682417
    5603.0657559470091655       0.0375429
    5613.7022607045691984       0.1558552
    5624.3387654622647460       0.3906866
    5634.9728800874345325       0.4975523
    5645.6069947126043189       0.3124142
    5656.2411093378414080       0.0832655
    5666.8752239630794065       0.1015254
    5677.5069473574676522      -0.0707029
    5688.1386707519914125      -0.0969277
    5698.7703941463805677      -0.0847835
    5709.4021175409716307      -0.5387878
    5720.0314486063234654      -0.5837033
    5730.6607796716743906      -0.4986074
    5741.2901107370271347      -0.3170836
    5751.9194418025135747       0.1784583
    5762.5463794403694919       0.3772273
    5773.1733170781581066       0.2047457
    5783.8002547159467213      -0.3017231
    5794.4271923538699411      -0.6892237
    5805.0517354656367388      -0.4449370
    5815.6762785774044460      -0.3379045
    5826.3008216891712436      -0.1648835
    5836.9253648009380413      -0.0361506
    5847.5475122880234267      -0.1669777
    5858.1696597751752051      -0.6462144
    5868.7918072623269836      -0.3131691
    5879.4139547493441569      -0.0238199
    5890.0337055131531088      -0.5321460
    5900.6534562769620607      -0.1632597
    5911.2732070407710125      -0.0918988
    5921.8929578044453592      -0.4696274
    5932.5103107461836771      -0.4638296
    5943.1276636879210855      -0.5941466
    5953.7450166296575844      -0.7675862
    5964.3623695713276902      -0.7805191
    5974.9773235921311425      -0.6590858
    5985.5922776130018974      -0.4922422
    5996.2072316338735618      -0.4710644
    6006.8221856546761046      -0.1444992
    6017.4347396557495813       0.1850573
    6028.0472936568230580       0.0147747
    6038.6598476579638373      -0.2247132
    6049.2724016591046166      -0.5660478
    6059.8825545414501903      -0.6557186
    6070.4927074237948545      -0.5793995
    6081.1028603062077309      -0.3693599
    6091.7130131886206073      -0.3367494
    6102.3207638533076533      -0.7308469
    6112.9285145179946994      -0.7547051
    6123.5362651826817455      -0.7903153
    6134.1440158473687916      -0.7731829
    6144.7493631951974749      -0.8140093
    6155.3547105431607633      -0.4750920
    6165.9600578909894466      -0.9616091
    6176.5654052388172204      -0.9783994
    6187.1683481707214014      -0.7897117
    6197.7712911026264919      -1.4427235
    6208.3742340345306729      -1.1594930
    6218.9771769664357635      -0.9950454
    6229.5777143831483045      -1.6278554
    6240.1782517998617550      -0.1247514
    6250.7787892165742960      -0.2541695
    6261.3793266332204439       0.2764200
    6271.9786610175369788       0.0620565
    6282.5779954018544231       0.2159485
    6293.1773297861718675       0.3491141
    6303.7766641703537971       0.0669098
    6314.3759985546712414       0.0000000
    6324.9753329389886858       0.0000000
    6335.5746673233052206       0.0000000
