    2346.7694702207782029       0.0000000
    2376.6834107431564007       0.1509486
    2406.5973512655882587       0.1986690
    2436.5112917880205714      -0.0473794
    2466.4252323104524294      -0.1097811
    2496.3390806442876055      -0.2068411
    2526.2529289781232364       0.0369479
    2556.1667773120129823       0.2594815
    2586.0806256459568431       0.0105696
    2615.9943686163569510       0.1541765
    2645.9081115867575136       0.0014129
    2675.8218545571580762      -0.1396920
    2705.7355975276127538      -0.1182514
    2735.6492219440210647      -0.0770315
    2765.5628463604830358       0.1012422
    2795.4764707769454617       0.0862483
    2825.3900951933537726       0.1294664
    2855.3035878497635167       0.0785675
    2885.2170805061737155       0.0083825
    2915.1305731625297994      -0.0311488
    2945.0440658189936585       0.0411384
    2974.9574134936806331       0.0158241
    3004.8707611683671530      -0.0330745
    3034.7841088430545824       0.1362834
    3064.6974565177952172       0.0609024
    3094.6106459735856333       0.1592489
    3124.5238354293760494       0.2288926
    3154.4370248851660108      -0.0070684
    3184.3502143410109966      -0.0792011
    3214.2632323251741582      -0.3082035
    3244.1762503093377745      -0.4638641
    3274.0892682934472759      -0.2854385
    3304.0022862776650072      -0.1906580
    3333.9151195217523309      -0.0365546
    3363.8279527659478845      -0.0235728
    3393.7407860100356629      -0.0637380
    3423.6536192542316712      -0.1570334
    3453.5662544745073319      -0.2186274
    3483.4788896947839021      -0.1388872
    3513.3915249150059026      -0.0940935
    3543.3041601352820180       0.0068991
    3573.2165840321840733       0.1612433
    3603.1290079290320136       0.2172649
    3633.0414318258794992       0.2029897
    3662.9538557228361242       0.2035045
    3692.8660549812980207       0.1264854
    3722.7782542397603720       0.1391766
    3752.6904534982231780       0.0980161
    3782.6026527566855293       0.1312759
    3812.5146140461406503       0.1706281
    3842.4265753355962261       0.1489788
    3872.3385366250513471       0.2357822
    3902.2504979145060133       0.3316011
    3932.1622078887753560       0.4136105
    3962.0739178630437891       0.5900241
    3991.9856278373122223       0.8305770
    4021.8973378115815649       1.0709345
    4051.8087831089283100       1.4670821
    4081.7202284062759645       1.7308941
    4111.6316737036222548       1.9729745
    4141.5431190010776845       2.1215942
    4171.4542862442103797       2.0577140
    4201.3654534873439843       1.9425039
    4231.2766207304766795       1.7935483
    4261.1877879736102841       1.5291170
    4291.0986637696796606       1.3981038
    4321.0095395656962864       1.3869071
    4350.9204153617120028       1.3448833
    4380.8312911578359490       1.4285288
    4410.7418620983826258       1.4476482
    4440.6524330388756425       1.4371132
    4470.5630039793686592       1.4140475
    4500.4735749199699057       1.4037620
    4530.3838275810321647       1.4421756
    4560.2940802420389446       1.4190072
    4590.2043329030466339       1.3991377
    4620.1145855641088929       1.2982644
    4650.0245065060580600       1.1921128
    4679.9344274480063177       1.0461237
    4709.8443483900091451       0.9293002
    4739.7542693319037426       0.7519850
    4769.6638450996642860       0.5810164
    4799.5734208674239198       0.4779126
    4829.4829966351844632       0.3059754
    4859.3925724029450066       0.2836492
    4889.3017895258299177       0.1764264
    4919.2110066486593496       0.1755805
    4949.1202237714906005       0.1335271
    4979.0294408943746021       0.1048169
    5008.9382858860863053       0.1113355
    5038.8471308777980084       0.0094832
    5068.7559758695088021       0.0328876
    5098.6648208612214148       0.0090191
    5128.5732802199045182      -0.0364801
    5158.4817395786967609       0.0093620
    5188.3901989373807737      -0.0346173
    5218.2986582961730164       0.0240140
    5248.2067185045261795       0.0035375
    5278.1147787128802520       0.0186508
    5308.0228389212870752      -0.0348928
    5337.9308991296948079      -0.0488837
    5367.8385466547497344      -0.0679594
    5397.7461941798592306      -0.0876127
    5427.6538417049687268      -0.0451067
    5457.5614892300236534      -0.1200915
    5487.4687105233642797      -0.0279915
    5517.3759318165966761       0.0543169
    5547.2831531099363929       0.0532511
    5577.1903744032233590       0.1762716
    5607.0971559006593452       0.0967091
    5637.0039373980962409      -0.0696036
    5666.9107188955322272      -0.0956081
    5696.8175003929145532      -0.1232398
    5726.7238285149160220      -0.0693872
    5756.6301566368101703      -0.1233489
    5786.5364847588125485      -0.0502646
    5816.4428128807066969      -0.2160306
    5846.3486740319713135      -0.3950745
    5876.2545351832368397      -0.2782480
    5906.1603963345014563      -0.3311836
    5936.0662574857124127      -0.2963421
    5965.9716380555428259      -0.1735449
    5995.8770186253732390      -0.1207212
    6025.7823991952036522      -0.1781153
    6055.6877797650340653      -0.0359405
    6085.5926661271214471      -0.0194106
    6115.4975524892088288       0.0141289
    6145.4024388512962105       0.0514865
    6175.3073252134372524      -0.0462102
    6205.2117037259167773      -0.1388602
    6235.1160822383972118      -0.2252776
    6265.0204607509303969      -0.3386278
    6294.9248392634635820      -0.2701153
    6324.8286962689135180      -0.2122655
    6354.7325532744716838      -0.2808754
    6384.6364102799216198      -0.1799292
    6414.5402672854243065      -0.3087063
    6444.4435891109196746      -0.5761766
    6474.3469109364696124      -0.7645574
    6504.2502327619649805      -1.1755558
    6534.1535545874603486      -0.7688452
    6564.0566054027622158      -1.1476077
    6593.9596562181186528      -1.1366941
    6623.8627070334750897       0.0340667
    6653.7657578487769570       0.0348898
    6683.6688086640788242       0.0000000
    6713.5718594794343517       0.0000000
    6743.4749102947898791       0.0000000
