    2346.7694702207782029       0.0000000
    2376.6834107431564007      -0.0644562
    2406.5973512655882587       0.4558791
    2436.5112917880205714       0.5288463
    2466.4252323104524294       0.1790499
    2496.3390806442876055       0.2055901
    2526.2529289781232364       0.1518618
    2556.1667773120129823       0.2240561
    2586.0806256459568431       0.1699654
    2615.9943686163569510       0.1824715
    2645.9081115867575136       0.0271343
    2675.8218545571580762       0.0226454
    2705.7355975276127538       0.0377886
    2735.6492219440210647       0.0608354
    2765.5628463604830358      -0.0402162
    2795.4764707769454617      -0.0481501
    2825.3900951933537726      -0.0061113
    2855.3035878497635167       0.0253650
    2885.2170805061737155       0.1855189
    2915.1305731625297994       0.2225022
    2945.0440658189936585       0.1372746
    2974.9574134936806331       0.1270715
    3004.8707611683671530      -0.0274047
    3034.7841088430545824      -0.1040417
    3064.6974565177952172      -0.1699214
    3094.6106459735856333      -0.1504047
    3124.5238354293760494      -0.0550057
    3154.4370248851660108      -0.0076857
    3184.3502143410109966      -0.0032027
    3214.2632323251741582      -0.0255739
    3244.1762503093377745      -0.1814877
    3274.0892682934472759      -0.1179681
    3304.0022862776650072      -0.0893149
    3333.9151195217523309      -0.0783859
    3363.8279527659478845       0.0481896
    3393.7407860100356629       0.0479495
    3423.6536192542316712       0.0821084
    3453.5662544745073319       0.0803796
    3483.4788896947839021       0.0396810
    3513.3915249150059026       0.0144833
    3543.3041601352820180       0.0399727
    3573.2165840321840733      -0.0266390
    3603.1290079290320136      -0.0372733
    3633.0414318258794992       0.0092859
    3662.9538557228361242      -0.0105148
    3692.8660549812980207       0.0281329
    3722.7782542397603720       0.0515307
    3752.6904534982231780      -0.0657783
    3782.6026527566855293      -0.0341193
    3812.5146140461406503      -0.0951195
    3842.4265753355962261      -0.0618686
    3872.3385366250513471      -0.0220284
    3902.2504979145060133      -0.0689457
    3932.1622078887753560       0.0022771
    3962.0739178630437891      -0.0230381
    3991.9856278373122223      -0.0689819
    4021.8973378115815649      -0.0823850
    4051.8087831089283100      -0.1046492
    4081.7202284062759645      -0.1241419
    4111.6316737036222548      -0.0382305
    4141.5431190010776845      -0.0027232
    4171.4542862442103797       0.0826147
    4201.3654534873439843       0.1766714
    4231.2766207304766795       0.2328480
    4261.1877879736102841       0.3060454
    4291.0986637696796606       0.4620342
    4321.0095395656962864       0.5341786
    4350.9204153617120028       0.6376439
    4380.8312911578359490       0.7501217
    4410.7418620983826258       0.7977513
    4440.6524330388756425       0.8614632
    4470.5630039793686592       0.8323117
    4500.4735749199699057       0.8089775
    4530.3838275810321647       0.6729674
    4560.2940802420389446       0.5482324
    4590.2043329030466339       0.4607451
    4620.1145855641088929       0.3942182
    4650.0245065060580600       0.2698079
    4679.9344274480063177       0.2378085
    4709.8443483900091451       0.1858751
    4739.7542693319037426       0.1004375
    4769.6638450996642860       0.1175487
    4799.5734208674239198       0.0462179
    4829.4829966351844632       0.0167029
    4859.3925724029450066       0.0366862
    4889.3017895258299177       0.0200784
    4919.2110066486593496       0.0282098
    4949.1202237714906005      -0.0539177
    4979.0294408943746021      -0.0876056
    5008.9382858860863053      -0.0773637
    5038.8471308777980084      -0.0750695
    5068.7559758695088021       0.0161938
    5098.6648208612214148       0.0369721
    5128.5732802199045182      -0.0006040
    5158.4817395786967609       0.0155784
    5188.3901989373807737       0.0611240
    5218.2986582961730164       0.0854976
    5248.2067185045261795       0.1276310
    5278.1147787128802520       0.1646623
    5308.0228389212870752       0.1070757
    5337.9308991296948079       0.0868799
    5367.8385466547497344      -0.0100327
    5397.7461941798592306      -0.0837060
    5427.6538417049687268      -0.0548578
    5457.5614892300236534      -0.1367505
    5487.4687105233642797      -0.1095536
    5517.3759318165966761      -0.0961674
    5547.2831531099363929      -0.1181571
    5577.1903744032233590      -0.0106577
    5607.0971559006593452       0.0238655
    5637.0039373980962409       0.0471059
    5666.9107188955322272       0.0268507
    5696.8175003929145532      -0.0733888
    5726.7238285149160220      -0.1245603
    5756.6301566368101703      -0.2242045
    5786.5364847588125485      -0.2601074
    5816.4428128807066969      -0.2401140
    5846.3486740319713135      -0.2578403
    5876.2545351832368397      -0.1457017
    5906.1603963345014563      -0.1099069
    5936.0662574857124127       0.0918568
    5965.9716380555428259       0.1693526
    5995.8770186253732390       0.3436015
    6025.7823991952036522       0.3428254
    6055.6877797650340653       0.0924736
    6085.5926661271214471       0.0361175
    6115.4975524892088288      -0.0888534
    6145.4024388512962105      -0.0992862
    6175.3073252134372524       0.0429662
    6205.2117037259167773       0.1459107
    6235.1160822383972118      -0.0416869
    6265.0204607509303969      -0.0661032
    6294.9248392634635820      -0.2849095
    6324.8286962689135180      -0.2904694
    6354.7325532744716838      -0.2611283
    6384.6364102799216198      -0.2455035
    6414.5402672854243065      -0.0955522
    6444.4435891109196746      -0.2075452
    6474.3469109364696124      -0.3385830
    6504.2502327619649805      -0.2776021
    6534.1535545874603486      -0.2640997
    6564.0566054027622158      -0.1848847
    6593.9596562181186528      -0.1832271
    6623.8627070334750897      -0.0622990
    6653.7657578487769570       0.0112687
    6683.6688086640788242       0.0000000
    6713.5718594794343517       0.0000000
    6743.4749102947898791       0.0000000
