    3270.2319913037072183       0.0000000
    3280.9959343705850188       0.3826493
    3291.7598774374632740       1.4502016
    3302.5238205043406197       1.0362908
    3313.2877635712184201       0.3896527
    3324.0493756976229633       0.7745190
    3334.8109878240948092       0.6203594
    3345.5725999504988977       2.2455907
    3356.3342120769370922       2.7041724
    3367.0934921689945440       3.2369502
    3377.8527722610187993       2.1881990
    3388.6120523531103572       1.6985199
    3399.3713324451341578       0.9952166
    3410.1282794087696857       0.2969769
    3420.8852263724043041       0.3485169
    3431.6421733360734834       0.0958593
    3442.3991202997090113      -0.1067428
    3453.1537330408459638      -0.2415870
    3463.9083457819492651       0.2961814
    3474.6629585230530211       0.5586579
    3485.4175712642231701       0.0344389
    3496.1698486885838975       0.3584587
    3506.9221261130123821      -0.5605947
    3517.6744035373735642      -0.2419955
    3528.4266809618020488      -0.1328437
    3539.1766219752098550      -0.2410629
    3549.9265629886181159       0.1807853
    3560.6765040019922708       0.2432563
    3571.4264450153664257      -0.3468163
    3582.1740485234081461      -0.6673274
    3592.9216520313830188      -0.8520205
    3603.6692555394251940      -1.1858970
    3614.4168590473996119      -0.7557166
    3625.1621239555279317      -0.5307264
    3635.9073888636903575      -0.5343456
    3646.6526537718527834      -0.9943917
    3657.3979186800152092      -0.4889611
    3668.1408438937833125      -0.2516350
    3678.8837691075182192      -0.2355108
    3689.6266943212526712       0.7257503
    3700.3696195350548805       0.7036500
    3711.1102039597803923       0.4015245
    3721.8507883845063589       0.6336268
    3732.5913728092318706       0.1566733
    3743.3319572339241859      -0.0283329
    3754.0701997748910799       0.0211134
    3764.8084423158575191      -0.3004743
    3775.5466848568248679      -0.7432167
    3786.2849273977576559      -0.9198915
    3797.0208269601821485      -0.6500349
    3807.7567265226057316      -0.3781616
    3818.4926260849965729       0.0274127
    3829.2285256473528534       0.6113515
    3839.9620811363161010       0.3810824
    3850.6956366252452426       0.4247901
    3861.4291921141748389       0.4046346
    3872.1627476031039805      -0.0046111
    3882.8939579236193822       0.2414501
    3893.6251682441356934      -0.0523865
    3904.3563785645837925      -0.0971995
    3915.0875888850996489      -0.0604092
    3925.8164529421151201       0.1844111
    3936.5453169990628339       0.3379178
    3947.2741810560778504       0.2632927
    3958.0030451130933216       0.4416569
    3968.7295618114530953       0.2190506
    3979.4560785098133238       0.1883639
    3990.1825952081062496       0.3819793
    4000.9091119065337807       0.1758889
    4011.6332801509493038      -0.0660379
    4022.3574483953648269      -0.2479691
    4033.0816166398476526      -0.1489312
    4043.8057848843982356      -0.0581399
    4054.5276035796468932       0.4818662
    4065.2494222748964603       0.7730363
    4075.9712409701451179       0.6051911
    4086.6930596655288355       0.7382272
    4097.4125277161874692       0.6485013
    4108.1319957668456482       0.6551006
    4118.8514638175038272       0.8175414
    4129.5709318682293087       0.5956084
    4140.2880481788733960       0.6210520
    4151.0051644894483616       0.5275919
    4161.7222808000242367       0.4018366
    4172.4393971106683239       0.5297015
    4183.1541605856027672       0.4740515
    4193.8689240605363011       0.7664042
    4204.5836875354707445       0.8678886
    4215.2984510104724905       0.8823920
    4226.0108605541381621       0.6681339
    4236.7232700978047433       0.3109483
    4247.4356796414704149       0.2233273
    4258.1480891850696935       0.6044623
    4268.8581437017737699       0.4610026
    4279.5681982183423315       0.7066261
    4290.2782527350464079       0.6626772
    4300.9883072516167886       0.1615005
    4311.6960056454627193       0.3235675
    4322.4037040391731352       0.4269713
    4333.1114024330190659       0.5437148
    4343.8191008268649966       0.6800356
    4354.5244420018889286       0.9851987
    4365.2297831769128607       0.8511901
    4375.9351243519358832       0.8561722
    4386.6404655270271178       0.7036674
    4397.3434483873334102       0.5543811
    4408.0464312476378836       0.5046040
    4418.7494141079441761       0.2724600
    4429.4523969683168616       0.4939038
    4440.1530204179398424       0.3160177
    4450.8536438674291276       0.3998581
    4461.5542673170530179       0.5927177
    4472.2548907665423030       0.5519533
    4482.9531537091825157       0.7326376
    4493.6514166518236379       0.7285548
    4504.3496795944647602       0.8164686
    4515.0479425371049729       0.7536023
    4525.7438438765975661       0.6709011
    4536.4397452160892499       0.6019625
    4547.1356465555818431       0.6214074
    4557.8315478950735269       0.5688900
    4568.5250865351172251       0.3957211
    4579.2186251751600139       0.0220391
    4589.9121638152028027      -0.0613768
    4600.6057024552446819      -0.0211101
    4611.2968772995382096       0.2211117
    4621.9880521436953131       0.3040809
    4632.6792269879870219       0.1736827
    4643.3704018321450349       0.1436191
    4654.0592117841169966      -0.2520669
    4664.7480217360880488      -0.1264907
    4675.4368316879917984      -0.0815999
    4686.1256416398964575      -0.0432693
    4696.8120856030436698       0.0965657
    4707.4985295661244891       0.0731996
    4718.1849735292043988      -0.0498870
    4728.8714174923525206      -0.1565563
    4739.5554943699708019      -0.0661651
    4750.2395712475890832      -0.1171818
    4760.9236481252746671       0.0584103
    4771.6077250029611605       0.1260536
    4782.2894336984118127       0.1821514
    4792.9711423938624648       0.2608552
    4803.6528510893813291       0.1549084
    4814.3345597848992838       0.2127533
    4825.0138992014108226       0.0095779
    4835.6932386179214518      -0.0807728
    4846.3725780344993836      -0.0655323
    4857.0519174510782250       0.1059639
    4867.7288864917418323       0.0645064
    4878.4058555325400448       0.1424391
    4889.0828245732027426       0.2087753
    4899.7597936140009551       0.0822179
    4910.4343911819760251       0.1348944
    4921.1089887500193072       0.1983620
    4931.7835863180625893       0.2238382
    4942.4581838860376592       0.1334417
    4953.1304088842816782       0.4207904
    4963.8026338825275161       0.2000171
    4974.4748588807715350       0.1282177
    4985.1470838790173730      -0.1677429
    4995.8169352103532219      -0.1519227
    5006.4867865418264046       0.2203751
    5017.1566378731622535       0.4344906
    5027.8264892045681336       0.7499332
    5038.4939657719542083       0.6627402
    5049.1614423393411926       0.4447331
    5059.8289189067281768       0.2838348
    5070.4963954740469489       0.2807534
    5081.1614961801706158       0.2472429
    5091.8265968862942827       0.2441204
    5102.4916975923524660       0.1156887
    5113.1567982985434355       0.0125533
    5123.8195220460256678       0.1829479
    5134.4822457935069906       0.2817965
    5145.1449695410565255       0.2140825
    5155.8076932885387578       0.3222158
    5166.4680389800660123       0.2278833
    5177.1283846715932668       0.0595602
    5187.7887303631205214       0.2524267
    5198.4490760545804733       0.2498467
    5209.1070425925718155       0.0588589
    5219.7650091305631577      -0.0109509
    5230.4229756686218025      -0.2649599
    5241.0809422066122352      -0.3635870
    5251.7365284935531236      -0.1737753
    5262.3921147805604051      -0.0134214
    5273.0477010675676866       0.0414560
    5283.7032873545758775       0.0405895
    5294.3564922928153464       0.1686819
    5305.0096972311903301       0.1191163
    5315.6629021694307085       0.1299414
    5326.3161071078056921       0.2299302
    5336.9669295997628069       0.0789001
    5347.6177520917208312      -0.0809266
    5358.2685745836788556      -0.0562527
    5368.9193970755695773      -0.2660289
    5379.5678360233259809      -0.3015423
    5390.2162749711496872      -0.2862249
    5400.8647139189743029      -0.2588204
    5411.5131528666634040      -0.1725910
    5422.1592071724335256      -0.0952715
    5432.8052614782054661      -0.1283204
    5443.4513157839764972      -0.0938966
    5454.0973700897475283      -0.0810406
    5464.7410386556139201      -0.0027406
    5475.3847072213457068       0.1307387
    5486.0283757872130082       0.0425646
    5496.6720443530120974      -0.1542959
    5507.3133260809199783      -0.1546911
    5517.9546078087605565      -0.2935622
    5528.5958895366011348      -0.2597469
    5539.2371712644417130      -0.0179044
    5549.8760650562699084       0.0615488
    5560.5149588480990133       0.1917460
    5571.1538526398599060       0.0973366
    5581.7927464317554040      -0.0278970
    5592.4292511893154369      -0.0151279
    5603.0657559470091655       0.0719518
    5613.7022607045691984       0.0549799
    5624.3387654622647460       0.1731928
    5634.9728800874345325       0.1365095
    5645.6069947126043189       0.1126362
    5656.2411093378414080       0.2431729
    5666.8752239630794065       0.3496470
    5677.5069473574676522       0.1455604
    5688.1386707519914125       0.1247721
    5698.7703941463805677      -0.2097367
    5709.4021175409716307      -0.2238552
    5720.0314486063234654      -0.1224292
    5730.6607796716743906      -0.0256424
    5741.2901107370271347       0.2179777
    5751.9194418025135747       0.1403461
    5762.5463794403694919      -0.1126314
    5773.1733170781581066      -0.1477211
    5783.8002547159467213       0.0025248
    5794.4271923538699411      -0.0511882
    5805.0517354656367388       0.1785317
    5815.6762785774044460       0.0224487
    5826.3008216891712436      -0.1382947
    5836.9253648009380413      -0.3629510
    5847.5475122880234267      -0.4629554
    5858.1696597751752051      -0.3049410
    5868.7918072623269836      -0.3055002
    5879.4139547493441569       0.0016145
    5890.0337055131531088      -0.2058910
    5900.6534562769620607      -0.3159340
    5911.2732070407710125      -0.2676162
    5921.8929578044453592      -0.4601234
    5932.5103107461836771      -0.0713306
    5943.1276636879210855      -0.3403873
    5953.7450166296575844      -0.5657344
    5964.3623695713276902      -0.2880211
    5974.9773235921311425      -0.1538975
    5985.5922776130018974       0.0424458
    5996.2072316338735618       0.1895638
    6006.8221856546761046       0.0564102
    6017.4347396557495813      -0.1788500
    6028.0472936568230580      -0.1432212
    6038.6598476579638373      -0.2092267
    6049.2724016591046166      -0.3640609
    6059.8825545414501903      -0.7678203
    6070.4927074237948545      -1.0255674
    6081.1028603062077309      -0.6890857
    6091.7130131886206073      -0.5408153
    6102.3207638533076533      -0.4216925
    6112.9285145179946994      -0.1609866
    6123.5362651826817455      -0.3549150
    6134.1440158473687916      -0.7029791
    6144.7493631951974749      -0.5650923
    6155.3547105431607633      -1.0479683
    6165.9600578909894466      -1.2961855
    6176.5654052388172204      -0.6330241
    6187.1683481707214014      -0.6224774
    6197.7712911026264919      -0.3039470
    6208.3742340345306729      -0.6624184
    6218.9771769664357635      -0.4554408
    6229.5777143831483045      -0.1715138
    6240.1782517998617550       0.0018005
    6250.7787892165742960       0.5264067
    6261.3793266332204439      -0.1463119
    6271.9786610175369788      -0.3082683
    6282.5779954018544231       0.4213938
    6293.1773297861718675       0.3409716
    6303.7766641703537971       0.3855881
    6314.3759985546712414      -0.0262107
    6324.9753329389886858       0.0000000
    6335.5746673233052206       0.0000000
