     158.9757905687864934       0.0000000
     158.9915303048092596       0.2113940
     159.0072700408320543       0.1043041
     159.0230097768548490       0.2494375
     159.0387495128776436       0.2894938
     159.0544892003938173       0.2198911
     159.0702288879099910      -0.1114803
     159.0859685754261932      -0.1080352
     159.1017082629424237      -0.2489619
     159.1174478950198079      -0.3742515
     159.1331875270971921      -0.2326934
     159.1489271591745762      -0.2991645
     159.1646667912519888      -0.3675530
     159.1804063609501441      -0.2470127
     159.1961459306483277      -0.2069151
     159.2118855003465114       0.0028802
     159.2276250700446667      -0.0480012
     159.2433645704150251      -0.0660657
     159.2591040707853836      -0.0255185
     159.2748435711557136       0.0727699
     159.2905830715261004       0.0593097
     159.3063224956118233      -0.0167866
     159.3220619196975463      -0.0152112
     159.3378013437832692      -0.1986832
     159.3535407678690206      -0.0963410
     159.3692801087051407       0.0351505
     159.3850194495412609       0.0335802
     159.4007587903773810       0.0770398
     159.4164981312135296       0.1138943
     159.4322373818268943       0.1426002
     159.4479766324402590       0.0678852
     159.4637158830535952       0.0712518
     159.4794551336669883       0.0367454
     159.4951942870761741      -0.0273206
     159.5109334404854167      -0.0560828
     159.5266725938946024      -0.0619358
     159.5424117473038450      -0.0848386
     159.5581507965193850      -0.0730725
     159.5738898457349251      -0.0288472
     159.5896288949504367      -0.0788096
     159.6053679441659767      -0.0560193
     159.6211068821900767      -0.0508771
     159.6368458202141483      -0.0585995
     159.6525847582382198       0.0193426
     159.6683236962623482       0.0390816
     159.6840625160890568       0.0445393
     159.6998013359157653       0.1175876
     159.7155401557424739       0.1495035
     159.7312789755691824       0.0790927
     159.7470176701843911       0.0768352
     159.7627563647995999       0.0740906
     159.7784950594148086       0.0960258
     159.7942337540300173       0.0990167
     159.8099723164114039       0.1199910
     159.8257108787927905       0.1334349
     159.8414494411741771       0.1172370
     159.8571880035555637       0.2132525
     159.8729264266726204       0.3473745
     159.8886648497896772       0.5292959
     159.9044032729067339       0.8757356
     159.9201416960238475       1.1966338
     159.9358799728378813       1.6342171
     159.9516182496519150       1.8999400
     159.9673565264659487       2.1350884
     159.9830948032799824       2.4974303
     159.9988329267441145       2.6982892
     160.0145710502082181       2.9536438
     160.0303091736723218       3.1891396
     160.0460472971364823       3.1817913
     160.0617852601956201       3.1442630
     160.0775232232547296       3.0674374
     160.0932611863138391       2.9341009
     160.1089991493730054       2.8304720
     160.1247369449638995       2.7051582
     160.1404747405547653       2.3856766
     160.1562125361456310       1.9696653
     160.1719503317365252       1.5764867
     160.1876879527876838       1.1351359
     160.2034255738388424       0.8649109
     160.2191631948900294       0.6063211
     160.2349008159411596       0.3972113
     160.2506382553729622       0.2330384
     160.2663756948047649       0.1585190
     160.2821131342365675      -0.0397849
     160.2978505736683701      -0.0940228
     160.3135878243929824      -0.0776471
     160.3293250751175663      -0.0961362
     160.3450623258421501      -0.0679262
     160.3607995765667624      -0.0489627
     160.3765366314881362      -0.1788811
     160.3922736864095100      -0.1472451
     160.4080107413308838      -0.1337634
     160.4237477962522576      -0.0417379
     160.4394846482661592       0.0327526
     160.4552215002801177      -0.0888114
     160.4709583522940193      -0.0978972
     160.4866952043079777      -0.0750098
     160.5024318463020450       0.0471158
     160.5181684882961122       0.1421969
     160.5339051302902078       0.1286340
     160.5496417722843034      -0.0489948
     160.5653781971379317      -0.2747419
     160.5811146219915884      -0.1435246
     160.5968510468452450      -0.1461895
     160.6125874716988733      -0.0325449
     160.6283236722833294       0.0456427
     160.6440598728677287       0.0018921
     160.6597960734521848       0.1361033
     160.6755322740366125       0.0337259
     160.6912682432148642       0.0728026
     160.7070042123931159       0.1803569
     160.7227401815713677       0.1095097
     160.7384761507495909       0.2580639
     160.7542118813765342       0.2039498
     160.7699476120034205       0.1826720
     160.7856833426303638       0.1211781
     160.8014190732572501       0.1877045
     160.8171545581794817       0.2006863
     160.8328900431017132       0.0255543
     160.8486255280239448       0.1843382
     160.8643610129461479       0.1627147
     160.8800962450021643       0.3137625
     160.8958314770581808       0.4064758
     160.9115667091141972       0.3657013
     160.9273019411702137       0.3232562
     160.9430369131902978       0.2020929
     160.9587718852103819       0.1786853
     160.9745068572304660       0.2235287
     160.9902418292505786       0.1894305
     161.0059765340568276       0.1684597
     161.0217112388630767       0.2838684
     161.0374459436693542       0.3131740
     161.0531806484756316       0.2309574
     161.0689150788819575       0.5545768
     161.0846495092883401       0.5766447
     161.1003839396946660       0.5215110
     161.1161183701010202       0.8070201
     161.1318525189131776       0.5859092
     161.1475866677253634       0.5140013
     161.1633208165375208       0.7422153
     161.1790549653496782       0.6875437
     161.1947889715651456       0.8840013
     161.2105229777806414       0.9313139
     161.2262569839961373       0.3561918
     161.2419909902116046       0.1408107
     161.2577249964270720      -0.0295856
     161.2734590026425678       0.0000000
     161.2891930088580636       0.0000000
