    3270.2319913037072183       0.3770144
    3280.9959343705850188       1.6200519
    3291.7598774374632740       2.4985800
    3302.5238205043406197       0.1828928
    3313.2877635712184201      -3.4439354
    3324.0493756976229633      -1.8678030
    3334.8109878240948092      -2.3121169
    3345.5725999504988977      -0.5992900
    3356.3342120769370922      -0.6100513
    3367.0934921689945440       0.7442451
    3377.8527722610187993       0.6666836
    3388.6120523531103572       0.1621496
    3399.3713324451341578       0.8750630
    3410.1282794087696857       0.9692408
    3420.8852263724043041       0.5601258
    3431.6421733360734834      -0.0821089
    3442.3991202997090113      -1.0936948
    3453.1537330408459638      -0.3079561
    3463.9083457819492651      -0.0058007
    3474.6629585230530211       0.4997689
    3485.4175712642231701       0.6830564
    3496.1698486885838975      -0.1822666
    3506.9221261130123821      -0.1028806
    3517.6744035373735642       0.1096025
    3528.4266809618020488       0.5796133
    3539.1766219752098550       0.6984849
    3549.9265629886181159       0.2709780
    3560.6765040019922708       0.0508042
    3571.4264450153664257      -0.4230178
    3582.1740485234081461      -0.5372043
    3592.9216520313830188       0.1179611
    3603.6692555394251940       0.6299001
    3614.4168590473996119       1.0119969
    3625.1621239555279317       1.2038636
    3635.9073888636903575       0.2152058
    3646.6526537718527834      -0.3514563
    3657.3979186800152092      -0.6002468
    3668.1408438937833125      -1.0229076
    3678.8837691075182192      -0.3082787
    3689.6266943212526712      -0.5321572
    3700.3696195350548805      -0.7869533
    3711.1102039597803923      -0.7926222
    3721.8507883845063589      -0.6817324
    3732.5913728092318706      -0.5853398
    3743.3319572339241859      -0.8471280
    3754.0701997748910799      -0.7683009
    3764.8084423158575191      -0.8912697
    3775.5466848568248679      -0.9489797
    3786.2849273977576559      -0.3758066
    3797.0208269601821485      -0.2516069
    3807.7567265226057316      -0.3723043
    3818.4926260849965729       0.3426525
    3829.2285256473528534       0.1973986
    3839.9620811363161010       0.3986907
    3850.6956366252452426       0.0731422
    3861.4291921141748389       0.1338558
    3872.1627476031039805       0.2986809
    3882.8939579236193822       0.1501853
    3893.6251682441356934       0.3057673
    3904.3563785645837925       0.2407101
    3915.0875888850996489      -0.2097576
    3925.8164529421151201       0.0743315
    3936.5453169990628339       0.4439360
    3947.2741810560778504       0.2276143
    3958.0030451130933216       0.4183712
    3968.7295618114530953       0.3051588
    3979.4560785098133238      -0.0209636
    3990.1825952081062496      -0.1999362
    4000.9091119065337807      -0.1035701
    4011.6332801509493038       0.2585102
    4022.3574483953648269       0.0718816
    4033.0816166398476526       0.2555417
    4043.8057848843982356       0.1935693
    4054.5276035796468932      -0.4622941
    4065.2494222748964603      -0.4082972
    4075.9712409701451179      -0.1696112
    4086.6930596655288355      -0.1653108
    4097.4125277161874692       0.1258028
    4108.1319957668456482       0.1923559
    4118.8514638175038272      -0.3173858
    4129.5709318682293087      -0.1887419
    4140.2880481788733960      -0.0215481
    4151.0051644894483616      -0.0350882
    4161.7222808000242367       0.0998696
    4172.4393971106683239       0.0951290
    4183.1541605856027672      -0.2998858
    4193.8689240605363011      -0.1797468
    4204.5836875354707445       0.1622538
    4215.2984510104724905       0.1317299
    4226.0108605541381621       0.2235341
    4236.7232700978047433       0.4266698
    4247.4356796414704149       0.3896544
    4258.1480891850696935       0.4418586
    4268.8581437017737699       0.7132463
    4279.5681982183423315       0.7488798
    4290.2782527350464079       0.4374116
    4300.9883072516167886       0.5238646
    4311.6960056454627193       0.5704930
    4322.4037040391731352       0.3258567
    4333.1114024330190659       0.8197381
    4343.8191008268649966       0.7745606
    4354.5244420018889286       0.4750816
    4365.2297831769128607       0.5895619
    4375.9351243519358832       0.3295925
    4386.6404655270271178       0.3102436
    4397.3434483873334102       0.3277916
    4408.0464312476378836       0.2378668
    4418.7494141079441761       0.0710652
    4429.4523969683168616       0.0347617
    4440.1530204179398424       0.3853030
    4450.8536438674291276       0.4183641
    4461.5542673170530179       0.5742121
    4472.2548907665423030       0.8412367
    4482.9531537091825157       0.6156292
    4493.6514166518236379       0.4994215
    4504.3496795944647602       0.4617379
    4515.0479425371049729       0.2087390
    4525.7438438765975661       0.0318881
    4536.4397452160892499      -0.0053451
    4547.1356465555818431       0.0827260
    4557.8315478950735269      -0.0306302
    4568.5250865351172251       0.3480552
    4579.2186251751600139       0.4240888
    4589.9121638152028027       0.2788763
    4600.6057024552446819       0.2665911
    4611.2968772995382096       0.2469563
    4621.9880521436953131       0.1332590
    4632.6792269879870219       0.1536766
    4643.3704018321450349       0.4442470
    4654.0592117841169966       0.0886210
    4664.7480217360880488       0.1015574
    4675.4368316879917984      -0.2456622
    4686.1256416398964575      -0.7600476
    4696.8120856030436698      -0.5317805
    4707.4985295661244891      -0.5581423
    4718.1849735292043988      -0.4774961
    4728.8714174923525206      -0.4666456
    4739.5554943699708019      -0.2783100
    4750.2395712475890832      -0.2283711
    4760.9236481252746671      -0.1508155
    4771.6077250029611605       0.0286109
    4782.2894336984118127      -0.2821579
    4792.9711423938624648      -0.2245229
    4803.6528510893813291      -0.1404905
    4814.3345597848992838       0.0595880
    4825.0138992014108226       0.0237784
    4835.6932386179214518      -0.2712869
    4846.3725780344993836      -0.4202625
    4857.0519174510782250      -0.6595621
    4867.7288864917418323      -0.3160085
    4878.4058555325400448      -0.0307437
    4889.0828245732027426       0.2176071
    4899.7597936140009551       0.2365225
    4910.4343911819760251       0.0223984
    4921.1089887500193072      -0.0043638
    4931.7835863180625893      -0.0547974
    4942.4581838860376592      -0.0584683
    4953.1304088842816782       0.1739969
    4963.8026338825275161       0.1354008
    4974.4748588807715350       0.2572296
    4985.1470838790173730       0.1783461
    4995.8169352103532219      -0.0792459
    5006.4867865418264046      -0.0308391
    5017.1566378731622535      -0.0973047
    5027.8264892045681336       0.1779181
    5038.4939657719542083       0.2936543
    5049.1614423393411926       0.0062079
    5059.8289189067281768       0.1339056
    5070.4963954740469489       0.0623370
    5081.1614961801706158      -0.0948212
    5091.8265968862942827       0.0090113
    5102.4916975923524660      -0.3229475
    5113.1567982985434355      -0.3587998
    5123.8195220460256678       0.0323711
    5134.4822457935069906       0.3092897
    5145.1449695410565255       0.3318257
    5155.8076932885387578       0.2468934
    5166.4680389800660123      -0.0023425
    5177.1283846715932668      -0.2614655
    5187.7887303631205214      -0.2353624
    5198.4490760545804733      -0.2597867
    5209.1070425925718155      -0.0106234
    5219.7650091305631577       0.1709041
    5230.4229756686218025       0.4845579
    5241.0809422066122352       0.5210090
    5251.7365284935531236       0.4274826
    5262.3921147805604051       0.4971349
    5273.0477010675676866       0.3092313
    5283.7032873545758775       0.2251269
    5294.3564922928153464       0.4595459
    5305.0096972311903301       0.4340315
    5315.6629021694307085      -0.0067917
    5326.3161071078056921      -0.0408213
    5336.9669295997628069       0.0562652
    5347.6177520917208312      -0.2868288
    5358.2685745836788556       0.1572803
    5368.9193970755695773      -0.0204664
    5379.5678360233259809      -0.5007415
    5390.2162749711496872      -0.2271284
    5400.8647139189743029      -0.2746775
    5411.5131528666634040       0.0378123
    5422.1592071724335256       0.1142896
    5432.8052614782054661       0.2350551
    5443.4513157839764972       0.2867410
    5454.0973700897475283       0.3092615
    5464.7410386556139201       0.4595570
    5475.3847072213457068       0.3017676
    5486.0283757872130082       0.2283379
    5496.6720443530120974       0.3960972
    5507.3133260809199783       0.4861097
    5517.9546078087605565       0.1989802
    5528.5958895366011348       0.1238791
    5539.2371712644417130      -0.1953733
    5549.8760650562699084      -0.5646483
    5560.5149588480990133      -0.1795975
    5571.1538526398599060      -0.2127193
    5581.7927464317554040      -0.1658728
    5592.4292511893154369      -0.1531350
    5603.0657559470091655      -0.2942977
    5613.7022607045691984      -0.3716912
    5624.3387654622647460      -0.3557668
    5634.9728800874345325      -0.2936904
    5645.6069947126043189      -0.3982503
    5656.2411093378414080      -0.1853445
    5666.8752239630794065      -0.2046497
    5677.5069473574676522      -0.1409385
    5688.1386707519914125      -0.3212634
    5698.7703941463805677      -0.5442785
    5709.4021175409716307      -0.6674700
    5720.0314486063234654      -0.6264302
    5730.6607796716743906      -0.5277914
    5741.2901107370271347      -0.0627499
    5751.9194418025135747       0.1810707
    5762.5463794403694919       0.2020462
    5773.1733170781581066       0.2085231
    5783.8002547159467213      -0.1095345
    5794.4271923538699411       0.0164635
    5805.0517354656367388       0.1263742
    5815.6762785774044460       0.4401690
    5826.3008216891712436       0.5771456
    5836.9253648009380413       0.6051147
    5847.5475122880234267       0.3199125
    5858.1696597751752051       0.3825687
    5868.7918072623269836      -0.1887075
    5879.4139547493441569      -0.1295656
    5890.0337055131531088       0.4399543
    5900.6534562769620607       0.1548467
    5911.2732070407710125       0.5465835
    5921.8929578044453592       0.1706351
    5932.5103107461836771      -0.3854811
    5943.1276636879210855      -0.4514969
    5953.7450166296575844      -0.3504406
    5964.3623695713276902       0.0180920
    5974.9773235921311425      -0.3690165
    5985.5922776130018974      -0.0492731
    5996.2072316338735618      -0.2695476
    6006.8221856546761046      -0.2238402
    6017.4347396557495813       0.0509116
    6028.0472936568230580       0.1553527
    6038.6598476579638373       0.3403418
    6049.2724016591046166       0.4560206
    6059.8825545414501903       0.5666410
    6070.4927074237948545       0.7749229
    6081.1028603062077309       0.7392299
    6091.7130131886206073       0.7112765
    6102.3207638533076533       0.5397962
    6112.9285145179946994       0.1721143
    6123.5362651826817455       0.0813597
    6134.1440158473687916      -0.2436571
    6144.7493631951974749      -0.5951860
    6155.3547105431607633      -0.6392805
    6165.9600578909894466      -0.5647909
    6176.5654052388172204      -0.1062467
    6187.1683481707214014       0.3728447
    6197.7712911026264919       0.5104166
    6208.3742340345306729       0.3763030
    6218.9771769664357635       0.2028706
    6229.5777143831483045       0.0249039
    6240.1782517998617550      -0.0582956
    6250.7787892165742960       0.1360320
    6261.3793266332204439       0.9920120
    6271.9786610175369788       0.3418065
    6282.5779954018544231       1.3572880
    6293.1773297861718675       0.7097898
    6303.7766641703537971      -0.7277256
    6314.3759985546712414      -0.6900145
    6324.9753329389886858       0.0000000
    6335.5746673233052206       0.0000000
