      63.8729284738469545       0.3770144
      63.8751970621391862       1.6200519
      63.8774656504314180       2.4985800
      63.8797342387236498       0.1828928
      63.8820028270158815      -3.4439354
      63.8842709240435056      -1.8678030
      63.8865390210711439      -2.3121169
      63.8888071180987680      -0.5992900
      63.8910752151263992      -0.6100513
      63.8933428206588729       0.7442451
      63.8956104261913396       0.6666836
      63.8978780317238204       0.1621496
      63.9001456372562870       0.8750630
      63.9024127510630251       0.9692408
      63.9046798648697632       0.5601258
      63.9069469786765083      -0.0821089
      63.9092140924832464      -1.0936948
      63.9114807143336634      -0.3079561
      63.9137473361840733      -0.0058007
      63.9160139580344833       0.4997689
      63.9182805798849074       0.6830564
      63.9205467095483755      -0.1822666
      63.9228128392118577      -0.1028806
      63.9250789688753258       0.1096025
      63.9273450985388081       0.5796133
      63.9296107357847205       0.6984849
      63.9318763730306330       0.2709780
      63.9341420102765383       0.0508042
      63.9364076475224437      -0.4230178
      63.9386727921201441      -0.5372043
      63.9409379367178303       0.1179611
      63.9432030813155308       0.6299001
      63.9454682259132170       1.0119969
      63.9477328776320206       1.2038636
      63.9499975293508314       0.2152058
      63.9522621810696421      -0.3514563
      63.9545268327884529      -0.6002468
      63.9567909913976962      -1.0229076
      63.9590551500069324      -0.3082787
      63.9613193086161687      -0.5321572
      63.9635834672254191      -0.7869533
      63.9658471324943889      -0.7926222
      63.9681107977633587      -0.6817324
      63.9703744630323285      -0.5853398
      63.9726381283012913      -0.8471280
      63.9749012999992672      -0.7683009
      63.9771644716972432      -0.8912697
      63.9794276433952191      -0.9489797
      63.9816908150931880      -0.3758066
      63.9839534929894356      -0.2516069
      63.9862161708856831      -0.3723043
      63.9884788487819236       0.3426525
      63.9907415266781570       0.1973986
      63.9930037105419132       0.3986907
      63.9952658944056623       0.0731422
      63.9975280782694114       0.1338558
      63.9997902621331605       0.2986809
      64.0020519517336481       0.1501853
      64.0043136413341358       0.3057673
      64.0065753309346093       0.2407101
      64.0088370205350969      -0.2097576
      64.0110982156415247       0.0743315
      64.0133594107479382       0.4439360
      64.0156206058543660       0.2276143
      64.0178818009607937       0.4183712
      64.0201425013423489       0.3051588
      64.0224032017239040      -0.0209636
      64.0246639021054449      -0.1999362
      64.0269246024870142      -0.1035701
      64.0291848079128556       0.2585102
      64.0314450133386970       0.0718816
      64.0337052187645526       0.2555417
      64.0359654241904224       0.1935693
      64.0382251344297231      -0.4622941
      64.0404848446690238      -0.4082972
      64.0427445549083245      -0.1696112
      64.0450042651476537      -0.1653108
      64.0472634799695442       0.1258028
      64.0495226947914347       0.1923559
      64.0517819096133252      -0.3173858
      64.0540411244352299      -0.1887419
      64.0562998436088407      -0.0215481
      64.0585585627824372      -0.0350882
      64.0608172819560338       0.0998696
      64.0630760011296445       0.0951290
      64.0653342244240491      -0.2998858
      64.0675924477184537      -0.1797468
      64.0698506710128584       0.1622538
      64.0721088943072772       0.1317299
      64.0743666214915777       0.2235341
      64.0766243486758782       0.4266698
      64.0788820758601787       0.3896544
      64.0811398030444650       0.4418586
      64.0833970338877350       0.7132463
      64.0856542647309766       0.7488798
      64.0879114955742466       0.4374116
      64.0901687264174882       0.5238646
      64.0924254606887587       0.5704930
      64.0946821949600007       0.3258567
      64.0969389292312712       0.8197381
      64.0991956635025417       0.7745606
      64.1014519009708295       0.4750816
      64.1037081384391172       0.5895619
      64.1059643759074049       0.3295925
      64.1082206133757069       0.3102436
      64.1104763538100428       0.3277916
      64.1127320942443788       0.2378668
      64.1149878346787148       0.0710652
      64.1172435751130649       0.0347617
      64.1194988182824659       0.3853030
      64.1217540614518384       0.4183641
      64.1240093046212394       0.5742121
      64.1262645477906119       0.8412367
      64.1285192934640236       0.6156292
      64.1307740391374352       0.4994215
      64.1330287848108469       0.4617379
      64.1352835304842586       0.2087390
      64.1375377784306551       0.0318881
      64.1397920263770516      -0.0053451
      64.1420462743234481       0.0827260
      64.1443005222698446      -0.0306302
      64.1465542722581716       0.3480552
      64.1488080222464987       0.4240888
      64.1510617722348258       0.2788763
      64.1533155222231528       0.2665911
      64.1555687740223561       0.2469563
      64.1578220258215310       0.1332590
      64.1600752776207344       0.1536766
      64.1623285294199093       0.4442470
      64.1645812827988777       0.0886210
      64.1668340361778462       0.1015574
      64.1690867895568005      -0.2456622
      64.1713395429357547      -0.7600476
      64.1735917976633914      -0.5317805
      64.1758440523910139      -0.5581423
      64.1780963071186363      -0.4774961
      64.1803485618462730      -0.4666456
      64.1826003176914384      -0.2783100
      64.1848520735366037      -0.2283711
      64.1871038293817833      -0.1508155
      64.1893555852269628       0.0286109
      64.1916068419585315      -0.2821579
      64.1938580986901002      -0.2245229
      64.1961093554216831      -0.1404905
      64.1983606121532659       0.0595880
      64.2006113695400842       0.0237784
      64.2028621269269024      -0.2712869
      64.2051128843137349      -0.4202625
      64.2073636417005673      -0.6595621
      64.2096138995114529      -0.3160085
      64.2118641573223670      -0.0307437
      64.2141144151332526       0.2176071
      64.2163646729441666       0.2365225
      64.2186144309479516       0.0223984
      64.2208641889517509      -0.0043638
      64.2231139469555501      -0.0547974
      64.2253637049593351      -0.0584683
      64.2276129629248089       0.1739969
      64.2298622208902827       0.1354008
      64.2321114788557566       0.2572296
      64.2343607368212304       0.1783461
      64.2366094945171540      -0.0792459
      64.2388582522131060      -0.0308391
      64.2411070099090296      -0.0973047
      64.2433557676049674       0.1779181
      64.2456040248001301       0.2936543
      64.2478522819952929       0.0062079
      64.2501005391904556       0.1339056
      64.2523487963856041       0.0623370
      64.2545965528487386      -0.0948212
      64.2568443093118731       0.0090113
      64.2590920657749933      -0.3229475
      64.2613398222381420      -0.3587998
      64.2635870777379665       0.0323711
      64.2658343332377910       0.3092897
      64.2680815887376298       0.3318257
      64.2703288442374543       0.2468934
      64.2725755985427014      -0.0023425
      64.2748223528479485      -0.2614655
      64.2770691071531957      -0.2353624
      64.2793158614584286      -0.2597867
      64.2815621143377740      -0.0106234
      64.2838083672171194       0.1709041
      64.2860546200964791       0.4845579
      64.2883008729758245       0.5210090
      64.2905466241979582       0.4274826
      64.2927923754201061       0.4971349
      64.2950381266422539       0.3092313
      64.2972838778644018       0.2251269
      64.2995291271979852       0.4595459
      64.3017743765315970       0.4340315
      64.3040196258651804      -0.0067917
      64.3062648751987922      -0.0408213
      64.3085096224125010       0.0562652
      64.3107543696262098      -0.2868288
      64.3129991168399187       0.1572803
      64.3152438640536133      -0.0204664
      64.3174881089160522      -0.5007415
      64.3197323537785053      -0.2271284
      64.3219765986409584      -0.2746775
      64.3242208435033831       0.0378123
      64.3264645857831852       0.1142896
      64.3287083280629872       0.2350551
      64.3309520703427893       0.2867410
      64.3331958126225913       0.3092615
      64.3354390520883612       0.4595570
      64.3376822915541027       0.3017676
      64.3399255310198726       0.2283379
      64.3421687704856282       0.3960972
      64.3444115069059421       0.4861097
      64.3466542433262418       0.1989802
      64.3488969797465415       0.1238791
      64.3511397161668413      -0.1953733
      64.3533819493102612      -0.5646483
      64.3556241824536812      -0.1795975
      64.3578664155970870      -0.2127193
      64.3601086487405212      -0.1658728
      64.3623503783755950      -0.1531350
      64.3645921080106973      -0.2942977
      64.3668338376457712      -0.3716912
      64.3690755672808734      -0.3557668
      64.3713167931761632      -0.2936904
      64.3735580190714529      -0.3982503
      64.3757992449667569      -0.1853445
      64.3780404708620608      -0.2046497
      64.3802811927860716      -0.1409385
      64.3825219147101109      -0.3212634
      64.3847626366341217      -0.5442785
      64.3870033585581751      -0.6674700
      64.3892435762794406      -0.6264302
      64.3914837940007061      -0.5277914
      64.3937240117219716      -0.0627499
      64.3959642294432655       0.1810707
      64.3982039427302766       0.2020462
      64.4004436560172735       0.2085231
      64.4026833693042704      -0.1095345
      64.4049230825912957       0.0164635
      64.4071622912125150       0.1263742
      64.4094014998337343       0.4401690
      64.4116407084549536       0.5771456
      64.4138799170761729       0.6051147
      64.4161186208000629       0.3199125
      64.4183573245239671       0.3825687
      64.4205960282478713      -0.1887075
      64.4228347319717471      -0.1295656
      64.4250729305667704       0.4399543
      64.4273111291617937       0.1548467
      64.4295493277568170       0.5465835
      64.4317875263518118       0.1706351
      64.4340252195863883      -0.3854811
      64.4362629128209647      -0.4514969
      64.4385006060555412      -0.3504406
      64.4407382992901034       0.0180920
      64.4429754869326388      -0.3690165
      64.4452126745751883      -0.0492731
      64.4474498622177379      -0.2695476
      64.4496870498602732      -0.2238402
      64.4519237316791873       0.0509116
      64.4541604134981014       0.1553527
      64.4563970953170298       0.3403418
      64.4586337771359581       0.4560206
      64.4608699528996283       0.5666410
      64.4631061286632985       0.7749229
      64.4653423044269829       0.7392299
      64.4675784801906673       0.7112765
      64.4698141496674850       0.5397962
      64.4720498191443028       0.1721143
      64.4742854886211205       0.0813597
      64.4765211580979383      -0.2436571
      64.4787563210562382      -0.5951860
      64.4809914840145666      -0.6392805
      64.4832266469728665      -0.5647909
      64.4854618099311665      -0.1062467
      64.4876964661393117       0.3728447
      64.4899311223474569       0.5104166
      64.4921657785556022       0.3763030
      64.4944004347637474       0.2028706
      64.4966345839900583       0.0249039
      64.4988687332163693      -0.0582956
      64.5011028824426802       0.1360320
      64.5033370316689769       0.9920120
      64.5055709273464544       0.3418065
      64.5078048230239318       1.3572880
      64.5100387187014093       0.7097898
      64.5122726143788583      -0.7277256
      64.5145065100563357      -0.6900145
      64.5167404057338132       0.0000000
      64.5189743014112906       0.0000000
