      63.8729284738469545       0.0000000
      63.8751970621391862       0.3826493
      63.8774656504314180       1.4502016
      63.8797342387236498       1.0362908
      63.8820028270158815       0.3896527
      63.8842709240435056       0.7745190
      63.8865390210711439       0.6203594
      63.8888071180987680       2.2455907
      63.8910752151263992       2.7041724
      63.8933428206588729       3.2369502
      63.8956104261913396       2.1881990
      63.8978780317238204       1.6985199
      63.9001456372562870       0.9952166
      63.9024127510630251       0.2969769
      63.9046798648697632       0.3485169
      63.9069469786765083       0.0958593
      63.9092140924832464      -0.1067428
      63.9114807143336634      -0.2415870
      63.9137473361840733       0.2961814
      63.9160139580344833       0.5586579
      63.9182805798849074       0.0344389
      63.9205467095483755       0.3584587
      63.9228128392118577      -0.5605947
      63.9250789688753258      -0.2419955
      63.9273450985388081      -0.1328437
      63.9296107357847205      -0.2410629
      63.9318763730306330       0.1807853
      63.9341420102765383       0.2432563
      63.9364076475224437      -0.3468163
      63.9386727921201441      -0.6673274
      63.9409379367178303      -0.8520205
      63.9432030813155308      -1.1858970
      63.9454682259132170      -0.7557166
      63.9477328776320206      -0.5307264
      63.9499975293508314      -0.5343456
      63.9522621810696421      -0.9943917
      63.9545268327884529      -0.4889611
      63.9567909913976962      -0.2516350
      63.9590551500069324      -0.2355108
      63.9613193086161687       0.7257503
      63.9635834672254191       0.7036500
      63.9658471324943889       0.4015245
      63.9681107977633587       0.6336268
      63.9703744630323285       0.1566733
      63.9726381283012913      -0.0283329
      63.9749012999992672       0.0211134
      63.9771644716972432      -0.3004743
      63.9794276433952191      -0.7432167
      63.9816908150931880      -0.9198915
      63.9839534929894356      -0.6500349
      63.9862161708856831      -0.3781616
      63.9884788487819236       0.0274127
      63.9907415266781570       0.6113515
      63.9930037105419132       0.3810824
      63.9952658944056623       0.4247901
      63.9975280782694114       0.4046346
      63.9997902621331605      -0.0046111
      64.0020519517336481       0.2414501
      64.0043136413341358      -0.0523865
      64.0065753309346093      -0.0971995
      64.0088370205350969      -0.0604092
      64.0110982156415247       0.1844111
      64.0133594107479382       0.3379178
      64.0156206058543660       0.2632927
      64.0178818009607937       0.4416569
      64.0201425013423489       0.2190506
      64.0224032017239040       0.1883639
      64.0246639021054449       0.3819793
      64.0269246024870142       0.1758889
      64.0291848079128556      -0.0660379
      64.0314450133386970      -0.2479691
      64.0337052187645526      -0.1489312
      64.0359654241904224      -0.0581399
      64.0382251344297231       0.4818662
      64.0404848446690238       0.7730363
      64.0427445549083245       0.6051911
      64.0450042651476537       0.7382272
      64.0472634799695442       0.6485013
      64.0495226947914347       0.6551006
      64.0517819096133252       0.8175414
      64.0540411244352299       0.5956084
      64.0562998436088407       0.6210520
      64.0585585627824372       0.5275919
      64.0608172819560338       0.4018366
      64.0630760011296445       0.5297015
      64.0653342244240491       0.4740515
      64.0675924477184537       0.7664042
      64.0698506710128584       0.8678886
      64.0721088943072772       0.8823920
      64.0743666214915777       0.6681339
      64.0766243486758782       0.3109483
      64.0788820758601787       0.2233273
      64.0811398030444650       0.6044623
      64.0833970338877350       0.4610026
      64.0856542647309766       0.7066261
      64.0879114955742466       0.6626772
      64.0901687264174882       0.1615005
      64.0924254606887587       0.3235675
      64.0946821949600007       0.4269713
      64.0969389292312712       0.5437148
      64.0991956635025417       0.6800356
      64.1014519009708295       0.9851987
      64.1037081384391172       0.8511901
      64.1059643759074049       0.8561722
      64.1082206133757069       0.7036674
      64.1104763538100428       0.5543811
      64.1127320942443788       0.5046040
      64.1149878346787148       0.2724600
      64.1172435751130649       0.4939038
      64.1194988182824659       0.3160177
      64.1217540614518384       0.3998581
      64.1240093046212394       0.5927177
      64.1262645477906119       0.5519533
      64.1285192934640236       0.7326376
      64.1307740391374352       0.7285548
      64.1330287848108469       0.8164686
      64.1352835304842586       0.7536023
      64.1375377784306551       0.6709011
      64.1397920263770516       0.6019625
      64.1420462743234481       0.6214074
      64.1443005222698446       0.5688900
      64.1465542722581716       0.3957211
      64.1488080222464987       0.0220391
      64.1510617722348258      -0.0613768
      64.1533155222231528      -0.0211101
      64.1555687740223561       0.2211117
      64.1578220258215310       0.3040809
      64.1600752776207344       0.1736827
      64.1623285294199093       0.1436191
      64.1645812827988777      -0.2520669
      64.1668340361778462      -0.1264907
      64.1690867895568005      -0.0815999
      64.1713395429357547      -0.0432693
      64.1735917976633914       0.0965657
      64.1758440523910139       0.0731996
      64.1780963071186363      -0.0498870
      64.1803485618462730      -0.1565563
      64.1826003176914384      -0.0661651
      64.1848520735366037      -0.1171818
      64.1871038293817833       0.0584103
      64.1893555852269628       0.1260536
      64.1916068419585315       0.1821514
      64.1938580986901002       0.2608552
      64.1961093554216831       0.1549084
      64.1983606121532659       0.2127533
      64.2006113695400842       0.0095779
      64.2028621269269024      -0.0807728
      64.2051128843137349      -0.0655323
      64.2073636417005673       0.1059639
      64.2096138995114529       0.0645064
      64.2118641573223670       0.1424391
      64.2141144151332526       0.2087753
      64.2163646729441666       0.0822179
      64.2186144309479516       0.1348944
      64.2208641889517509       0.1983620
      64.2231139469555501       0.2238382
      64.2253637049593351       0.1334417
      64.2276129629248089       0.4207904
      64.2298622208902827       0.2000171
      64.2321114788557566       0.1282177
      64.2343607368212304      -0.1677429
      64.2366094945171540      -0.1519227
      64.2388582522131060       0.2203751
      64.2411070099090296       0.4344906
      64.2433557676049674       0.7499332
      64.2456040248001301       0.6627402
      64.2478522819952929       0.4447331
      64.2501005391904556       0.2838348
      64.2523487963856041       0.2807534
      64.2545965528487386       0.2472429
      64.2568443093118731       0.2441204
      64.2590920657749933       0.1156887
      64.2613398222381420       0.0125533
      64.2635870777379665       0.1829479
      64.2658343332377910       0.2817965
      64.2680815887376298       0.2140825
      64.2703288442374543       0.3222158
      64.2725755985427014       0.2278833
      64.2748223528479485       0.0595602
      64.2770691071531957       0.2524267
      64.2793158614584286       0.2498467
      64.2815621143377740       0.0588589
      64.2838083672171194      -0.0109509
      64.2860546200964791      -0.2649599
      64.2883008729758245      -0.3635870
      64.2905466241979582      -0.1737753
      64.2927923754201061      -0.0134214
      64.2950381266422539       0.0414560
      64.2972838778644018       0.0405895
      64.2995291271979852       0.1686819
      64.3017743765315970       0.1191163
      64.3040196258651804       0.1299414
      64.3062648751987922       0.2299302
      64.3085096224125010       0.0789001
      64.3107543696262098      -0.0809266
      64.3129991168399187      -0.0562527
      64.3152438640536133      -0.2660289
      64.3174881089160522      -0.3015423
      64.3197323537785053      -0.2862249
      64.3219765986409584      -0.2588204
      64.3242208435033831      -0.1725910
      64.3264645857831852      -0.0952715
      64.3287083280629872      -0.1283204
      64.3309520703427893      -0.0938966
      64.3331958126225913      -0.0810406
      64.3354390520883612      -0.0027406
      64.3376822915541027       0.1307387
      64.3399255310198726       0.0425646
      64.3421687704856282      -0.1542959
      64.3444115069059421      -0.1546911
      64.3466542433262418      -0.2935622
      64.3488969797465415      -0.2597469
      64.3511397161668413      -0.0179044
      64.3533819493102612       0.0615488
      64.3556241824536812       0.1917460
      64.3578664155970870       0.0973366
      64.3601086487405212      -0.0278970
      64.3623503783755950      -0.0151279
      64.3645921080106973       0.0719518
      64.3668338376457712       0.0549799
      64.3690755672808734       0.1731928
      64.3713167931761632       0.1365095
      64.3735580190714529       0.1126362
      64.3757992449667569       0.2431729
      64.3780404708620608       0.3496470
      64.3802811927860716       0.1455604
      64.3825219147101109       0.1247721
      64.3847626366341217      -0.2097367
      64.3870033585581751      -0.2238552
      64.3892435762794406      -0.1224292
      64.3914837940007061      -0.0256424
      64.3937240117219716       0.2179777
      64.3959642294432655       0.1403461
      64.3982039427302766      -0.1126314
      64.4004436560172735      -0.1477211
      64.4026833693042704       0.0025248
      64.4049230825912957      -0.0511882
      64.4071622912125150       0.1785317
      64.4094014998337343       0.0224487
      64.4116407084549536      -0.1382947
      64.4138799170761729      -0.3629510
      64.4161186208000629      -0.4629554
      64.4183573245239671      -0.3049410
      64.4205960282478713      -0.3055002
      64.4228347319717471       0.0016145
      64.4250729305667704      -0.2058910
      64.4273111291617937      -0.3159340
      64.4295493277568170      -0.2676162
      64.4317875263518118      -0.4601234
      64.4340252195863883      -0.0713306
      64.4362629128209647      -0.3403873
      64.4385006060555412      -0.5657344
      64.4407382992901034      -0.2880211
      64.4429754869326388      -0.1538975
      64.4452126745751883       0.0424458
      64.4474498622177379       0.1895638
      64.4496870498602732       0.0564102
      64.4519237316791873      -0.1788500
      64.4541604134981014      -0.1432212
      64.4563970953170298      -0.2092267
      64.4586337771359581      -0.3640609
      64.4608699528996283      -0.7678203
      64.4631061286632985      -1.0255674
      64.4653423044269829      -0.6890857
      64.4675784801906673      -0.5408153
      64.4698141496674850      -0.4216925
      64.4720498191443028      -0.1609866
      64.4742854886211205      -0.3549150
      64.4765211580979383      -0.7029791
      64.4787563210562382      -0.5650923
      64.4809914840145666      -1.0479683
      64.4832266469728665      -1.2961855
      64.4854618099311665      -0.6330241
      64.4876964661393117      -0.6224774
      64.4899311223474569      -0.3039470
      64.4921657785556022      -0.6624184
      64.4944004347637474      -0.4554408
      64.4966345839900583      -0.1715138
      64.4988687332163693       0.0018005
      64.5011028824426802       0.5264067
      64.5033370316689769      -0.1463119
      64.5055709273464544      -0.3082683
      64.5078048230239318       0.4213938
      64.5100387187014093       0.3409716
      64.5122726143788583       0.3855881
      64.5145065100563357      -0.0262107
      64.5167404057338132       0.0000000
      64.5189743014112906       0.0000000
