    3270.2319913037072183       0.0000000
    3280.9959343705850188      -0.2249646
    3291.7598774374632740       0.4297475
    3302.5238205043406197       1.6459924
    3313.2877635712184201       2.3065727
    3324.0493756976229633       1.8668733
    3334.8109878240948092       1.7740085
    3345.5725999504988977       0.0152191
    3356.3342120769370922      -0.3660979
    3367.0934921689945440       0.7905920
    3377.8527722610187993       0.5898373
    3388.6120523531103572       0.6266451
    3399.3713324451341578       0.2088888
    3410.1282794087696857       0.4017344
    3420.8852263724043041      -0.0221388
    3431.6421733360734834      -0.5814962
    3442.3991202997090113      -0.5799482
    3453.1537330408459638      -0.7121162
    3463.9083457819492651      -0.4714036
    3474.6629585230530211       0.1467455
    3485.4175712642231701       0.0568290
    3496.1698486885838975      -0.0340581
    3506.9221261130123821      -0.1778313
    3517.6744035373735642       0.1998117
    3528.4266809618020488       0.1214265
    3539.1766219752098550       0.4267119
    3549.9265629886181159       0.2926853
    3560.6765040019922708       0.4043598
    3571.4264450153664257       0.3605032
    3582.1740485234081461       0.1843466
    3592.9216520313830188       0.8135372
    3603.6692555394251940       0.2234951
    3614.4168590473996119       0.1165495
    3625.1621239555279317       0.3561075
    3635.9073888636903575       0.0477020
    3646.6526537718527834      -0.0046866
    3657.3979186800152092      -0.0838069
    3668.1408438937833125      -0.4267088
    3678.8837691075182192      -0.4901031
    3689.6266943212526712      -0.4176410
    3700.3696195350548805      -0.1581732
    3711.1102039597803923      -0.2294360
    3721.8507883845063589      -0.1322852
    3732.5913728092318706      -0.3225835
    3743.3319572339241859      -0.0707584
    3754.0701997748910799       0.1915126
    3764.8084423158575191      -0.0655276
    3775.5466848568248679       0.0168869
    3786.2849273977576559      -0.1634396
    3797.0208269601821485       0.1362774
    3807.7567265226057316       0.4246277
    3818.4926260849965729       0.4556805
    3829.2285256473528534       0.0186008
    3839.9620811363161010      -0.1122748
    3850.6956366252452426      -0.3913698
    3861.4291921141748389      -0.2500383
    3872.1627476031039805       0.1557569
    3882.8939579236193822       0.1599498
    3893.6251682441356934       0.0361366
    3904.3563785645837925      -0.0209682
    3915.0875888850996489      -0.2444897
    3925.8164529421151201      -0.1754829
    3936.5453169990628339      -0.1783325
    3947.2741810560778504      -0.0255184
    3958.0030451130933216      -0.0839176
    3968.7295618114530953      -0.3472018
    3979.4560785098133238      -0.1909193
    3990.1825952081062496      -0.4213255
    4000.9091119065337807      -0.1249558
    4011.6332801509493038      -0.0761505
    4022.3574483953648269      -0.0476081
    4033.0816166398476526      -0.1607478
    4043.8057848843982356      -0.3181697
    4054.5276035796468932      -0.2164122
    4065.2494222748964603       0.0128168
    4075.9712409701451179       0.0988232
    4086.6930596655288355       0.3069025
    4097.4125277161874692       0.3776304
    4108.1319957668456482       0.1866148
    4118.8514638175038272       0.1877319
    4129.5709318682293087       0.1047926
    4140.2880481788733960      -0.1020106
    4151.0051644894483616      -0.1722281
    4161.7222808000242367      -0.1562372
    4172.4393971106683239      -0.3257821
    4183.1541605856027672      -0.2402538
    4193.8689240605363011      -0.0898183
    4204.5836875354707445      -0.2488580
    4215.2984510104724905      -0.3080925
    4226.0108605541381621      -0.3880877
    4236.7232700978047433      -0.4743558
    4247.4356796414704149      -0.3768313
    4258.1480891850696935      -0.0781842
    4268.8581437017737699       0.0105724
    4279.5681982183423315      -0.1262961
    4290.2782527350464079      -0.2932193
    4300.9883072516167886      -0.3344205
    4311.6960056454627193      -0.3045084
    4322.4037040391731352      -0.1341021
    4333.1114024330190659      -0.0049941
    4343.8191008268649966      -0.1853988
    4354.5244420018889286      -0.3236889
    4365.2297831769128607      -0.3858382
    4375.9351243519358832      -0.1717908
    4386.6404655270271178       0.1522536
    4397.3434483873334102       0.1247349
    4408.0464312476378836      -0.0882109
    4418.7494141079441761      -0.2653733
    4429.4523969683168616      -0.5561599
    4440.1530204179398424      -0.4273078
    4450.8536438674291276      -0.1304020
    4461.5542673170530179      -0.2169735
    4472.2548907665423030      -0.2831915
    4482.9531537091825157      -0.3209634
    4493.6514166518236379      -0.5334006
    4504.3496795944647602      -0.3543383
    4515.0479425371049729      -0.2640508
    4525.7438438765975661      -0.3201182
    4536.4397452160892499      -0.3864444
    4547.1356465555818431      -0.4875781
    4557.8315478950735269      -0.6270130
    4568.5250865351172251      -0.4127207
    4579.2186251751600139      -0.3573518
    4589.9121638152028027      -0.4350566
    4600.6057024552446819      -0.3600076
    4611.2968772995382096      -0.4007989
    4621.9880521436953131      -0.5259342
    4632.6792269879870219      -0.5224082
    4643.3704018321450349      -0.3023921
    4654.0592117841169966      -0.2882630
    4664.7480217360880488       0.0325711
    4675.4368316879917984       0.1257920
    4686.1256416398964575      -0.4534208
    4696.8120856030436698      -0.4615054
    4707.4985295661244891      -0.6090204
    4718.1849735292043988      -0.5459477
    4728.8714174923525206      -0.2673524
    4739.5554943699708019      -0.3945992
    4750.2395712475890832      -0.4652792
    4760.9236481252746671      -0.4575288
    4771.6077250029611605      -0.4104412
    4782.2894336984118127      -0.4964978
    4792.9711423938624648      -0.2686444
    4803.6528510893813291      -0.3028339
    4814.3345597848992838      -0.3061423
    4825.0138992014108226      -0.1948439
    4835.6932386179214518      -0.4213086
    4846.3725780344993836      -0.4243992
    4857.0519174510782250      -0.4009221
    4867.7288864917418323      -0.3544623
    4878.4058555325400448      -0.1995220
    4889.0828245732027426      -0.3162408
    4899.7597936140009551      -0.2680820
    4910.4343911819760251      -0.2724882
    4921.1089887500193072      -0.4246915
    4931.7835863180625893      -0.3704338
    4942.4581838860376592      -0.4330796
    4953.1304088842816782      -0.3868209
    4963.8026338825275161      -0.1354457
    4974.4748588807715350      -0.1274707
    4985.1470838790173730      -0.0075085
    4995.8169352103532219      -0.1502551
    5006.4867865418264046      -0.3458707
    5017.1566378731622535      -0.2611536
    5027.8264892045681336      -0.3597904
    5038.4939657719542083      -0.2979932
    5049.1614423393411926      -0.2942267
    5059.8289189067281768      -0.3301351
    5070.4963954740469489      -0.2960918
    5081.1614961801706158      -0.3836038
    5091.8265968862942827      -0.3977000
    5102.4916975923524660      -0.2885405
    5113.1567982985434355      -0.4078466
    5123.8195220460256678      -0.6214577
    5134.4822457935069906      -0.5571792
    5145.1449695410565255      -0.5635823
    5155.8076932885387578      -0.0437881
    5166.4680389800660123       0.4624343
    5177.1283846715932668       0.3825373
    5187.7887303631205214       0.4365620
    5198.4490760545804733       0.0977653
    5209.1070425925718155      -0.1124871
    5219.7650091305631577       0.1942345
    5230.4229756686218025       0.1980652
    5241.0809422066122352       0.1678863
    5251.7365284935531236       0.3918328
    5262.3921147805604051       0.0893548
    5273.0477010675676866      -0.0380638
    5283.7032873545758775       0.0302795
    5294.3564922928153464       0.0968751
    5305.0096972311903301       0.3820260
    5315.6629021694307085       0.4726812
    5326.3161071078056921       0.4192749
    5336.9669295997628069       0.3054792
    5347.6177520917208312       0.0112525
    5358.2685745836788556      -0.0015165
    5368.9193970755695773       0.1116517
    5379.5678360233259809      -0.1634914
    5390.2162749711496872      -0.0505464
    5400.8647139189743029      -0.2809062
    5411.5131528666634040      -0.2181015
    5422.1592071724335256       0.0746649
    5432.8052614782054661       0.0287766
    5443.4513157839764972       0.1795996
    5454.0973700897475283       0.0787525
    5464.7410386556139201      -0.2646429
    5475.3847072213457068      -0.2086453
    5486.0283757872130082      -0.1862628
    5496.6720443530120974      -0.2057670
    5507.3133260809199783      -0.0915748
    5517.9546078087605565      -0.3285109
    5528.5958895366011348      -0.1692194
    5539.2371712644417130      -0.0321993
    5549.8760650562699084       0.0772504
    5560.5149588480990133       0.6776432
    5571.1538526398599060       0.5874224
    5581.7927464317554040       0.4532775
    5592.4292511893154369       0.5803694
    5603.0657559470091655       0.0586085
    5613.7022607045691984       0.0481273
    5624.3387654622647460       0.1369808
    5634.9728800874345325       0.1420170
    5645.6069947126043189       0.0167401
    5656.2411093378414080      -0.1223330
    5666.8752239630794065      -0.1906036
    5677.5069473574676522      -0.2079190
    5688.1386707519914125       0.1525088
    5698.7703941463805677       0.2607004
    5709.4021175409716307       0.0815870
    5720.0314486063234654      -0.2731684
    5730.6607796716743906      -0.3721738
    5741.2901107370271347      -0.4693430
    5751.9194418025135747      -0.2798207
    5762.5463794403694919      -0.0057994
    5773.1733170781581066      -0.2515453
    5783.8002547159467213      -0.3636285
    5794.4271923538699411      -0.4685718
    5805.0517354656367388      -0.5942810
    5815.6762785774044460      -0.0422329
    5826.3008216891712436       0.3830322
    5836.9253648009380413       0.5977268
    5847.5475122880234267       0.6877193
    5858.1696597751752051       0.5691761
    5868.7918072623269836       0.4083939
    5879.4139547493441569       0.2572402
    5890.0337055131531088      -0.0233908
    5900.6534562769620607       0.1455323
    5911.2732070407710125       0.3420227
    5921.8929578044453592       0.7359968
    5932.5103107461836771       1.0729035
    5943.1276636879210855       0.9407032
    5953.7450166296575844       0.6732457
    5964.3623695713276902       0.4701063
    5974.9773235921311425       0.7231668
    5985.5922776130018974       0.6202224
    5996.2072316338735618       0.8610103
    6006.8221856546761046       0.6196726
    6017.4347396557495813       0.3074920
    6028.0472936568230580       0.3193690
    6038.6598476579638373       0.6072569
    6049.2724016591046166       0.7689685
    6059.8825545414501903       0.7417662
    6070.4927074237948545       0.9843453
    6081.1028603062077309       0.3923678
    6091.7130131886206073       0.4862761
    6102.3207638533076533       0.7644439
    6112.9285145179946994       0.6678903
    6123.5362651826817455       0.9943944
    6134.1440158473687916       0.8828003
    6144.7493631951974749       0.5126037
    6155.3547105431607633       0.7309300
    6165.9600578909894466       0.7541008
    6176.5654052388172204       0.9971687
    6187.1683481707214014       0.7135795
    6197.7712911026264919       0.9299622
    6208.3742340345306729       0.6687804
    6218.9771769664357635       0.2797720
    6229.5777143831483045       0.3949952
    6240.1782517998617550       0.7965176
    6250.7787892165742960       1.0704821
    6261.3793266332204439       1.4955463
    6271.9786610175369788       1.4609373
    6282.5779954018544231       0.6403492
    6293.1773297861718675       0.1180070
    6303.7766641703537971      -0.3982819
    6314.3759985546712414      -0.1284151
    6324.9753329389886858       0.0000000
    6335.5746673233052206       0.0000000
