    2346.7694702207782029       0.0000000
    2376.6834107431564007       0.0000000
    2406.5973512655882587      -0.2988568
    2436.5112917880205714      -0.3479332
    2466.4252323104524294       0.1792936
    2496.3390806442876055       0.1237794
    2526.2529289781232364       0.1801334
    2556.1667773120129823       0.0935550
    2586.0806256459568431      -0.1237093
    2615.9943686163569510      -0.0516306
    2645.9081115867575136      -0.0852621
    2675.8218545571580762      -0.0614771
    2705.7355975276127538      -0.0643303
    2735.6492219440210647      -0.1559354
    2765.5628463604830358      -0.1330707
    2795.4764707769454617      -0.0412762
    2825.3900951933537726      -0.0961125
    2855.3035878497635167      -0.0196310
    2885.2170805061737155       0.0350123
    2915.1305731625297994       0.0995822
    2945.0440658189936585       0.1162832
    2974.9574134936806331       0.0361210
    3004.8707611683671530       0.0274914
    3034.7841088430545824      -0.0484199
    3064.6974565177952172       0.0358838
    3094.6106459735856333       0.1035509
    3124.5238354293760494       0.1096858
    3154.4370248851660108       0.0570467
    3184.3502143410109966      -0.0087155
    3214.2632323251741582      -0.0041016
    3244.1762503093377745      -0.1157695
    3274.0892682934472759      -0.1411872
    3304.0022862776650072      -0.1095049
    3333.9151195217523309      -0.1247643
    3363.8279527659478845      -0.0244464
    3393.7407860100356629      -0.0129604
    3423.6536192542316712       0.0323928
    3453.5662544745073319      -0.0071180
    3483.4788896947839021      -0.0600627
    3513.3915249150059026      -0.0587865
    3543.3041601352820180      -0.0422520
    3573.2165840321840733      -0.0250217
    3603.1290079290320136       0.0286240
    3633.0414318258794992       0.0599838
    3662.9538557228361242      -0.0212566
    3692.8660549812980207      -0.0010981
    3722.7782542397603720       0.0050211
    3752.6904534982231780       0.0703749
    3782.6026527566855293       0.1328007
    3812.5146140461406503       0.1316896
    3842.4265753355962261       0.1599092
    3872.3385366250513471       0.1415477
    3902.2504979145060133       0.1322533
    3932.1622078887753560       0.1847611
    3962.0739178630437891       0.1968024
    3991.9856278373122223       0.2146125
    4021.8973378115815649       0.3601377
    4051.8087831089283100       0.5603178
    4081.7202284062759645       0.7684100
    4111.6316737036222548       1.0875093
    4141.5431190010776845       1.3593417
    4171.4542862442103797       1.6712266
    4201.3654534873439843       1.9823022
    4231.2766207304766795       2.2464507
    4261.1877879736102841       2.5072665
    4291.0986637696796606       2.7242117
    4321.0095395656962864       2.9379921
    4350.9204153617120028       3.2662127
    4380.8312911578359490       3.5902221
    4410.7418620983826258       4.0113363
    4440.6524330388756425       4.4521599
    4470.5630039793686592       4.7905469
    4500.4735749199699057       5.0414371
    4530.3838275810321647       5.0267286
    4560.2940802420389446       4.9010296
    4590.2043329030466339       4.5598850
    4620.1145855641088929       4.1188149
    4650.0245065060580600       3.5509455
    4679.9344274480063177       3.0286610
    4709.8443483900091451       2.4159341
    4739.7542693319037426       1.9592246
    4769.6638450996642860       1.5430940
    4799.5734208674239198       1.1948658
    4829.4829966351844632       0.8542134
    4859.3925724029450066       0.6342711
    4889.3017895258299177       0.3908295
    4919.2110066486593496       0.2621750
    4949.1202237714906005       0.1806276
    4979.0294408943746021       0.1176817
    5008.9382858860863053       0.1117070
    5038.8471308777980084       0.0568123
    5068.7559758695088021       0.0143375
    5098.6648208612214148       0.0351359
    5128.5732802199045182       0.0171760
    5158.4817395786967609       0.0512477
    5188.3901989373807737       0.0647875
    5218.2986582961730164       0.0250336
    5248.2067185045261795       0.0017328
    5278.1147787128802520      -0.0000199
    5308.0228389212870752       0.0202449
    5337.9308991296948079      -0.0467648
    5367.8385466547497344      -0.0395433
    5397.7461941798592306      -0.0443690
    5427.6538417049687268      -0.0774991
    5457.5614892300236534       0.0330464
    5487.4687105233642797       0.0151800
    5517.3759318165966761       0.0287324
    5547.2831531099363929       0.0300847
    5577.1903744032233590      -0.0340125
    5607.0971559006593452      -0.0366261
    5637.0039373980962409       0.0213750
    5666.9107188955322272       0.0229459
    5696.8175003929145532       0.0377554
    5726.7238285149160220       0.0793644
    5756.6301566368101703      -0.0008732
    5786.5364847588125485       0.0330347
    5816.4428128807066969       0.0294742
    5846.3486740319713135      -0.0031938
    5876.2545351832368397      -0.0034319
    5906.1603963345014563      -0.0448116
    5936.0662574857124127      -0.1185799
    5965.9716380555428259      -0.0915664
    5995.8770186253732390      -0.0438102
    6025.7823991952036522      -0.1199124
    6055.6877797650340653       0.0025207
    6085.5926661271214471      -0.0052730
    6115.4975524892088288      -0.0275920
    6145.4024388512962105       0.0673006
    6175.3073252134372524      -0.0449840
    6205.2117037259167773      -0.0598456
    6235.1160822383972118      -0.0748523
    6265.0204607509303969      -0.0869135
    6294.9248392634635820       0.0044764
    6324.8286962689135180       0.1264891
    6354.7325532744716838       0.2649956
    6384.6364102799216198       0.3310265
    6414.5402672854243065       0.4566220
    6444.4435891109196746       0.4165639
    6474.3469109364696124       0.4061317
    6504.2502327619649805       0.4161476
    6534.1535545874603486       0.2696814
    6564.0566054027622158       0.2367997
    6593.9596562181186528       0.1013303
    6623.8627070334750897       0.1629704
    6653.7657578487769570       0.1709472
    6683.6688086640788242       0.0000000
    6713.5718594794343517       0.0000000
    6743.4749102947898791       0.0000000
