     158.9757905687864934       0.0000000
     158.9915303048092596       0.0000000
     159.0072700408320543      -0.2988568
     159.0230097768548490      -0.3479332
     159.0387495128776436       0.1792936
     159.0544892003938173       0.1237794
     159.0702288879099910       0.1801334
     159.0859685754261932       0.0935550
     159.1017082629424237      -0.1237093
     159.1174478950198079      -0.0516306
     159.1331875270971921      -0.0852621
     159.1489271591745762      -0.0614771
     159.1646667912519888      -0.0643303
     159.1804063609501441      -0.1559354
     159.1961459306483277      -0.1330707
     159.2118855003465114      -0.0412762
     159.2276250700446667      -0.0961125
     159.2433645704150251      -0.0196310
     159.2591040707853836       0.0350123
     159.2748435711557136       0.0995822
     159.2905830715261004       0.1162832
     159.3063224956118233       0.0361210
     159.3220619196975463       0.0274914
     159.3378013437832692      -0.0484199
     159.3535407678690206       0.0358838
     159.3692801087051407       0.1035509
     159.3850194495412609       0.1096858
     159.4007587903773810       0.0570467
     159.4164981312135296      -0.0087155
     159.4322373818268943      -0.0041016
     159.4479766324402590      -0.1157695
     159.4637158830535952      -0.1411872
     159.4794551336669883      -0.1095049
     159.4951942870761741      -0.1247643
     159.5109334404854167      -0.0244464
     159.5266725938946024      -0.0129604
     159.5424117473038450       0.0323928
     159.5581507965193850      -0.0071180
     159.5738898457349251      -0.0600627
     159.5896288949504367      -0.0587865
     159.6053679441659767      -0.0422520
     159.6211068821900767      -0.0250217
     159.6368458202141483       0.0286240
     159.6525847582382198       0.0599838
     159.6683236962623482      -0.0212566
     159.6840625160890568      -0.0010981
     159.6998013359157653       0.0050211
     159.7155401557424739       0.0703749
     159.7312789755691824       0.1328007
     159.7470176701843911       0.1316896
     159.7627563647995999       0.1599092
     159.7784950594148086       0.1415477
     159.7942337540300173       0.1322533
     159.8099723164114039       0.1847611
     159.8257108787927905       0.1968024
     159.8414494411741771       0.2146125
     159.8571880035555637       0.3601377
     159.8729264266726204       0.5603178
     159.8886648497896772       0.7684100
     159.9044032729067339       1.0875093
     159.9201416960238475       1.3593417
     159.9358799728378813       1.6712266
     159.9516182496519150       1.9823022
     159.9673565264659487       2.2464507
     159.9830948032799824       2.5072665
     159.9988329267441145       2.7242117
     160.0145710502082181       2.9379921
     160.0303091736723218       3.2662127
     160.0460472971364823       3.5902221
     160.0617852601956201       4.0113363
     160.0775232232547296       4.4521599
     160.0932611863138391       4.7905469
     160.1089991493730054       5.0414371
     160.1247369449638995       5.0267286
     160.1404747405547653       4.9010296
     160.1562125361456310       4.5598850
     160.1719503317365252       4.1188149
     160.1876879527876838       3.5509455
     160.2034255738388424       3.0286610
     160.2191631948900294       2.4159341
     160.2349008159411596       1.9592246
     160.2506382553729622       1.5430940
     160.2663756948047649       1.1948658
     160.2821131342365675       0.8542134
     160.2978505736683701       0.6342711
     160.3135878243929824       0.3908295
     160.3293250751175663       0.2621750
     160.3450623258421501       0.1806276
     160.3607995765667624       0.1176817
     160.3765366314881362       0.1117070
     160.3922736864095100       0.0568123
     160.4080107413308838       0.0143375
     160.4237477962522576       0.0351359
     160.4394846482661592       0.0171760
     160.4552215002801177       0.0512477
     160.4709583522940193       0.0647875
     160.4866952043079777       0.0250336
     160.5024318463020450       0.0017328
     160.5181684882961122      -0.0000199
     160.5339051302902078       0.0202449
     160.5496417722843034      -0.0467648
     160.5653781971379317      -0.0395433
     160.5811146219915884      -0.0443690
     160.5968510468452450      -0.0774991
     160.6125874716988733       0.0330464
     160.6283236722833294       0.0151800
     160.6440598728677287       0.0287324
     160.6597960734521848       0.0300847
     160.6755322740366125      -0.0340125
     160.6912682432148642      -0.0366261
     160.7070042123931159       0.0213750
     160.7227401815713677       0.0229459
     160.7384761507495909       0.0377554
     160.7542118813765342       0.0793644
     160.7699476120034205      -0.0008732
     160.7856833426303638       0.0330347
     160.8014190732572501       0.0294742
     160.8171545581794817      -0.0031938
     160.8328900431017132      -0.0034319
     160.8486255280239448      -0.0448116
     160.8643610129461479      -0.1185799
     160.8800962450021643      -0.0915664
     160.8958314770581808      -0.0438102
     160.9115667091141972      -0.1199124
     160.9273019411702137       0.0025207
     160.9430369131902978      -0.0052730
     160.9587718852103819      -0.0275920
     160.9745068572304660       0.0673006
     160.9902418292505786      -0.0449840
     161.0059765340568276      -0.0598456
     161.0217112388630767      -0.0748523
     161.0374459436693542      -0.0869135
     161.0531806484756316       0.0044764
     161.0689150788819575       0.1264891
     161.0846495092883401       0.2649956
     161.1003839396946660       0.3310265
     161.1161183701010202       0.4566220
     161.1318525189131776       0.4165639
     161.1475866677253634       0.4061317
     161.1633208165375208       0.4161476
     161.1790549653496782       0.2696814
     161.1947889715651456       0.2367997
     161.2105229777806414       0.1013303
     161.2262569839961373       0.1629704
     161.2419909902116046       0.1709472
     161.2577249964270720       0.0000000
     161.2734590026425678       0.0000000
     161.2891930088580636       0.0000000
