      63.8729284738469545      -0.0061361
      63.8751970621391862       0.4311897
      63.8774656504314180       2.2768989
      63.8797342387236498       1.3881088
      63.8820028270158815       0.6697254
      63.8842709240435056       0.5564810
      63.8865390210711439       0.6308554
      63.8888071180987680      -0.0811515
      63.8910752151263992       0.0102877
      63.8933428206588729       0.0475596
      63.8956104261913396       0.0576474
      63.8978780317238204       0.4170344
      63.9001456372562870       0.2985139
      63.9024127510630251       0.3226780
      63.9046798648697632       0.1280860
      63.9069469786765083       0.1824119
      63.9092140924832464       0.1780177
      63.9114807143336634      -0.0257427
      63.9137473361840733      -0.2134178
      63.9160139580344833      -0.3147554
      63.9182805798849074       0.0075822
      63.9205467095483755       0.2694396
      63.9228128392118577       0.3430100
      63.9250789688753258       0.4588585
      63.9273450985388081       0.1911977
      63.9296107357847205       0.2305071
      63.9318763730306330       0.2054771
      63.9341420102765383       0.1747405
      63.9364076475224437       0.1201004
      63.9386727921201441       0.0049306
      63.9409379367178303      -0.1757568
      63.9432030813155308      -0.2785798
      63.9454682259132170      -0.2071311
      63.9477328776320206      -0.1321997
      63.9499975293508314      -0.1307023
      63.9522621810696421      -0.1611760
      63.9545268327884529      -0.0769224
      63.9567909913976962      -0.0310369
      63.9590551500069324      -0.0119658
      63.9613193086161687       0.3766593
      63.9635834672254191       0.3626013
      63.9658471324943889       0.0384145
      63.9681107977633587      -0.2054879
      63.9703744630323285      -0.4980855
      63.9726381283012913      -0.7236345
      63.9749012999992672      -0.6189296
      63.9771644716972432      -0.2864861
      63.9794276433952191      -0.4039624
      63.9816908150931880      -0.3431050
      63.9839534929894356      -0.2353165
      63.9862161708856831      -0.1967326
      63.9884788487819236       0.0421212
      63.9907415266781570       0.4282594
      63.9930037105419132       0.2568543
      63.9952658944056623       0.1112615
      63.9975280782694114      -0.0451925
      63.9997902621331605      -0.3080692
      64.0020519517336481      -0.1359282
      64.0043136413341358       0.0257869
      64.0065753309346093       0.0661829
      64.0088370205350969      -0.1368102
      64.0110982156415247      -0.2005600
      64.0133594107479382      -0.2328321
      64.0156206058543660      -0.2669707
      64.0178818009607937       0.1104515
      64.0201425013423489       0.2918450
      64.0224032017239040       0.2062912
      64.0246639021054449       0.2316646
      64.0269246024870142      -0.1133748
      64.0291848079128556      -0.0021642
      64.0314450133386970      -0.0463318
      64.0337052187645526       0.0200032
      64.0359654241904224       0.0113678
      64.0382251344297231      -0.1028265
      64.0404848446690238      -0.1839455
      64.0427445549083245      -0.2977247
      64.0450042651476537      -0.1050907
      64.0472634799695442       0.0376654
      64.0495226947914347       0.3116160
      64.0517819096133252       0.3668331
      64.0540411244352299       0.3448366
      64.0562998436088407       0.3124320
      64.0585585627824372       0.2058382
      64.0608172819560338       0.2323675
      64.0630760011296445       0.2016181
      64.0653342244240491       0.1994802
      64.0675924477184537       0.2664347
      64.0698506710128584       0.4295560
      64.0721088943072772       0.5268866
      64.0743666214915777       0.5274875
      64.0766243486758782       0.6490852
      64.0788820758601787       0.5923391
      64.0811398030444650       0.7586088
      64.0833970338877350       0.7867045
      64.0856542647309766       0.6741099
      64.0879114955742466       0.7009510
      64.0901687264174882       0.5851654
      64.0924254606887587       0.6189080
      64.0946821949600007       0.6229338
      64.0969389292312712       0.4956266
      64.0991956635025417       0.5098530
      64.1014519009708295       0.4300710
      64.1037081384391172       0.5654396
      64.1059643759074049       0.7956586
      64.1082206133757069       0.8248235
      64.1104763538100428       0.8579547
      64.1127320942443788       0.8565452
      64.1149878346787148       0.6651068
      64.1172435751130649       0.8967521
      64.1194988182824659       1.2348149
      64.1217540614518384       1.3376379
      64.1240093046212394       1.6267346
      64.1262645477906119       1.6579734
      64.1285192934640236       1.6550854
      64.1307740391374352       1.8353539
      64.1330287848108469       1.8783344
      64.1352835304842586       1.9721321
      64.1375377784306551       1.9263628
      64.1397920263770516       1.7652221
      64.1420462743234481       1.7032107
      64.1443005222698446       1.5095230
      64.1465542722581716       1.4709070
      64.1488080222464987       1.4168121
      64.1510617722348258       1.2517830
      64.1533155222231528       1.0761844
      64.1555687740223561       0.9777002
      64.1578220258215310       0.7724813
      64.1600752776207344       0.5453503
      64.1623285294199093       0.4628464
      64.1645812827988777       0.3391508
      64.1668340361778462       0.4318857
      64.1690867895568005       0.2901408
      64.1713395429357547       0.3285528
      64.1735917976633914       0.1177119
      64.1758440523910139       0.1381882
      64.1780963071186363       0.2753018
      64.1803485618462730       0.1544639
      64.1826003176914384       0.1917065
      64.1848520735366037      -0.1503729
      64.1871038293817833      -0.1406103
      64.1893555852269628      -0.0424875
      64.1916068419585315      -0.0855533
      64.1938580986901002       0.0723650
      64.1961093554216831       0.0192500
      64.1983606121532659      -0.1959056
      64.2006113695400842      -0.1759609
      64.2028621269269024      -0.1960429
      64.2051128843137349      -0.1116932
      64.2073636417005673      -0.0138997
      64.2096138995114529       0.0623555
      64.2118641573223670       0.0633277
      64.2141144151332526      -0.1109406
      64.2163646729441666      -0.1315378
      64.2186144309479516      -0.0816124
      64.2208641889517509      -0.1149953
      64.2231139469555501      -0.0113230
      64.2253637049593351       0.0061582
      64.2276129629248089      -0.1481588
      64.2298622208902827      -0.0396681
      64.2321114788557566      -0.0289577
      64.2343607368212304      -0.0078342
      64.2366094945171540       0.0602827
      64.2388582522131060       0.1325942
      64.2411070099090296       0.1571783
      64.2433557676049674       0.0854839
      64.2456040248001301       0.1062101
      64.2478522819952929      -0.0618024
      64.2501005391904556      -0.1120623
      64.2523487963856041      -0.0253156
      64.2545965528487386      -0.1270797
      64.2568443093118731      -0.0035228
      64.2590920657749933      -0.0464552
      64.2613398222381420      -0.0564424
      64.2635870777379665       0.2520157
      64.2658343332377910       0.1068695
      64.2680815887376298       0.2174601
      64.2703288442374543       0.1969135
      64.2725755985427014      -0.0528590
      64.2748223528479485      -0.0778481
      64.2770691071531957      -0.0826736
      64.2793158614584286      -0.0085718
      64.2815621143377740       0.0246216
      64.2838083672171194       0.0694821
      64.2860546200964791       0.0454365
      64.2883008729758245       0.0704858
      64.2905466241979582       0.1362884
      64.2927923754201061       0.1325457
      64.2950381266422539       0.0802560
      64.2972838778644018      -0.0073645
      64.2995291271979852       0.0330434
      64.3017743765315970       0.0854060
      64.3040196258651804       0.1378507
      64.3062648751987922       0.2745584
      64.3085096224125010       0.2140724
      64.3107543696262098       0.1685636
      64.3129991168399187      -0.0061901
      64.3152438640536133      -0.2081835
      64.3174881089160522      -0.2307872
      64.3197323537785053      -0.0382075
      64.3219765986409584       0.1827326
      64.3242208435033831       0.2359365
      64.3264645857831852       0.1298428
      64.3287083280629872      -0.0960959
      64.3309520703427893      -0.1076377
      64.3331958126225913      -0.0057658
      64.3354390520883612       0.1550363
      64.3376822915541027       0.1642681
      64.3399255310198726       0.2538176
      64.3421687704856282       0.2831042
      64.3444115069059421       0.0364174
      64.3466542433262418       0.1032341
      64.3488969797465415      -0.0007607
      64.3511397161668413      -0.1509975
      64.3533819493102612       0.0044387
      64.3556241824536812       0.1078914
      64.3578664155970870      -0.0802230
      64.3601086487405212      -0.1294344
      64.3623503783755950      -0.0596072
      64.3645921080106973      -0.0819534
      64.3668338376457712       0.0813050
      64.3690755672808734       0.1418799
      64.3713167931761632       0.1723681
      64.3735580190714529       0.1231976
      64.3757992449667569       0.0387251
      64.3780404708620608      -0.1544686
      64.3802811927860716      -0.1543900
      64.3825219147101109      -0.1490951
      64.3847626366341217      -0.0651037
      64.3870033585581751       0.2151361
      64.3892435762794406       0.0457584
      64.3914837940007061      -0.1489766
      64.3937240117219716      -0.1987678
      64.3959642294432655      -0.4304295
      64.3982039427302766      -0.4099652
      64.4004436560172735      -0.2387659
      64.4026833693042704      -0.0897170
      64.4049230825912957      -0.0318554
      64.4071622912125150      -0.1028212
      64.4094014998337343      -0.0634564
      64.4116407084549536      -0.0808538
      64.4138799170761729       0.0802315
      64.4161186208000629       0.3239645
      64.4183573245239671       0.2958134
      64.4205960282478713       0.2867601
      64.4228347319717471       0.2058597
      64.4250729305667704       0.1766755
      64.4273111291617937       0.0676565
      64.4295493277568170       0.2007865
      64.4317875263518118       0.2707975
      64.4340252195863883       0.1131566
      64.4362629128209647      -0.0716736
      64.4385006060555412      -0.0601420
      64.4407382992901034      -0.3638530
      64.4429754869326388      -0.0957525
      64.4452126745751883       0.0407201
      64.4474498622177379      -0.2334992
      64.4496870498602732      -0.0531119
      64.4519237316791873      -0.4619888
      64.4541604134981014      -0.5623946
      64.4563970953170298      -0.5916495
      64.4586337771359581      -0.3517676
      64.4608699528996283      -0.2129807
      64.4631061286632985       0.1033752
      64.4653423044269829       0.1987595
      64.4675784801906673       0.1674645
      64.4698141496674850      -0.0204317
      64.4720498191443028      -0.1828691
      64.4742854886211205      -0.4800572
      64.4765211580979383      -0.7445158
      64.4787563210562382      -0.4205930
      64.4809914840145666      -0.4072689
      64.4832266469728665      -0.1630097
      64.4854618099311665      -0.1185473
      64.4876964661393117      -0.5680453
      64.4899311223474569      -0.4298866
      64.4921657785556022      -0.6725456
      64.4944004347637474      -0.4715813
      64.4966345839900583       0.1619961
      64.4988687332163693       0.0909903
      64.5011028824426802       0.5606830
      64.5033370316689769       0.2972578
      64.5055709273464544       0.1451613
      64.5078048230239318       0.0415497
      64.5100387187014093       0.0027149
      64.5122726143788583       0.0297107
      64.5145065100563357       0.0111962
      64.5167404057338132       0.0000000
      64.5189743014112906       0.0000000
