    3270.2319913037072183      -0.0061361
    3280.9959343705850188       0.4311897
    3291.7598774374632740       2.2768989
    3302.5238205043406197       1.3881088
    3313.2877635712184201       0.6697254
    3324.0493756976229633       0.5564810
    3334.8109878240948092       0.6308554
    3345.5725999504988977      -0.0811515
    3356.3342120769370922       0.0102877
    3367.0934921689945440       0.0475596
    3377.8527722610187993       0.0576474
    3388.6120523531103572       0.4170344
    3399.3713324451341578       0.2985139
    3410.1282794087696857       0.3226780
    3420.8852263724043041       0.1280860
    3431.6421733360734834       0.1824119
    3442.3991202997090113       0.1780177
    3453.1537330408459638      -0.0257427
    3463.9083457819492651      -0.2134178
    3474.6629585230530211      -0.3147554
    3485.4175712642231701       0.0075822
    3496.1698486885838975       0.2694396
    3506.9221261130123821       0.3430100
    3517.6744035373735642       0.4588585
    3528.4266809618020488       0.1911977
    3539.1766219752098550       0.2305071
    3549.9265629886181159       0.2054771
    3560.6765040019922708       0.1747405
    3571.4264450153664257       0.1201004
    3582.1740485234081461       0.0049306
    3592.9216520313830188      -0.1757568
    3603.6692555394251940      -0.2785798
    3614.4168590473996119      -0.2071311
    3625.1621239555279317      -0.1321997
    3635.9073888636903575      -0.1307023
    3646.6526537718527834      -0.1611760
    3657.3979186800152092      -0.0769224
    3668.1408438937833125      -0.0310369
    3678.8837691075182192      -0.0119658
    3689.6266943212526712       0.3766593
    3700.3696195350548805       0.3626013
    3711.1102039597803923       0.0384145
    3721.8507883845063589      -0.2054879
    3732.5913728092318706      -0.4980855
    3743.3319572339241859      -0.7236345
    3754.0701997748910799      -0.6189296
    3764.8084423158575191      -0.2864861
    3775.5466848568248679      -0.4039624
    3786.2849273977576559      -0.3431050
    3797.0208269601821485      -0.2353165
    3807.7567265226057316      -0.1967326
    3818.4926260849965729       0.0421212
    3829.2285256473528534       0.4282594
    3839.9620811363161010       0.2568543
    3850.6956366252452426       0.1112615
    3861.4291921141748389      -0.0451925
    3872.1627476031039805      -0.3080692
    3882.8939579236193822      -0.1359282
    3893.6251682441356934       0.0257869
    3904.3563785645837925       0.0661829
    3915.0875888850996489      -0.1368102
    3925.8164529421151201      -0.2005600
    3936.5453169990628339      -0.2328321
    3947.2741810560778504      -0.2669707
    3958.0030451130933216       0.1104515
    3968.7295618114530953       0.2918450
    3979.4560785098133238       0.2062912
    3990.1825952081062496       0.2316646
    4000.9091119065337807      -0.1133748
    4011.6332801509493038      -0.0021642
    4022.3574483953648269      -0.0463318
    4033.0816166398476526       0.0200032
    4043.8057848843982356       0.0113678
    4054.5276035796468932      -0.1028265
    4065.2494222748964603      -0.1839455
    4075.9712409701451179      -0.2977247
    4086.6930596655288355      -0.1050907
    4097.4125277161874692       0.0376654
    4108.1319957668456482       0.3116160
    4118.8514638175038272       0.3668331
    4129.5709318682293087       0.3448366
    4140.2880481788733960       0.3124320
    4151.0051644894483616       0.2058382
    4161.7222808000242367       0.2323675
    4172.4393971106683239       0.2016181
    4183.1541605856027672       0.1994802
    4193.8689240605363011       0.2664347
    4204.5836875354707445       0.4295560
    4215.2984510104724905       0.5268866
    4226.0108605541381621       0.5274875
    4236.7232700978047433       0.6490852
    4247.4356796414704149       0.5923391
    4258.1480891850696935       0.7586088
    4268.8581437017737699       0.7867045
    4279.5681982183423315       0.6741099
    4290.2782527350464079       0.7009510
    4300.9883072516167886       0.5851654
    4311.6960056454627193       0.6189080
    4322.4037040391731352       0.6229338
    4333.1114024330190659       0.4956266
    4343.8191008268649966       0.5098530
    4354.5244420018889286       0.4300710
    4365.2297831769128607       0.5654396
    4375.9351243519358832       0.7956586
    4386.6404655270271178       0.8248235
    4397.3434483873334102       0.8579547
    4408.0464312476378836       0.8565452
    4418.7494141079441761       0.6651068
    4429.4523969683168616       0.8967521
    4440.1530204179398424       1.2348149
    4450.8536438674291276       1.3376379
    4461.5542673170530179       1.6267346
    4472.2548907665423030       1.6579734
    4482.9531537091825157       1.6550854
    4493.6514166518236379       1.8353539
    4504.3496795944647602       1.8783344
    4515.0479425371049729       1.9721321
    4525.7438438765975661       1.9263628
    4536.4397452160892499       1.7652221
    4547.1356465555818431       1.7032107
    4557.8315478950735269       1.5095230
    4568.5250865351172251       1.4709070
    4579.2186251751600139       1.4168121
    4589.9121638152028027       1.2517830
    4600.6057024552446819       1.0761844
    4611.2968772995382096       0.9777002
    4621.9880521436953131       0.7724813
    4632.6792269879870219       0.5453503
    4643.3704018321450349       0.4628464
    4654.0592117841169966       0.3391508
    4664.7480217360880488       0.4318857
    4675.4368316879917984       0.2901408
    4686.1256416398964575       0.3285528
    4696.8120856030436698       0.1177119
    4707.4985295661244891       0.1381882
    4718.1849735292043988       0.2753018
    4728.8714174923525206       0.1544639
    4739.5554943699708019       0.1917065
    4750.2395712475890832      -0.1503729
    4760.9236481252746671      -0.1406103
    4771.6077250029611605      -0.0424875
    4782.2894336984118127      -0.0855533
    4792.9711423938624648       0.0723650
    4803.6528510893813291       0.0192500
    4814.3345597848992838      -0.1959056
    4825.0138992014108226      -0.1759609
    4835.6932386179214518      -0.1960429
    4846.3725780344993836      -0.1116932
    4857.0519174510782250      -0.0138997
    4867.7288864917418323       0.0623555
    4878.4058555325400448       0.0633277
    4889.0828245732027426      -0.1109406
    4899.7597936140009551      -0.1315378
    4910.4343911819760251      -0.0816124
    4921.1089887500193072      -0.1149953
    4931.7835863180625893      -0.0113230
    4942.4581838860376592       0.0061582
    4953.1304088842816782      -0.1481588
    4963.8026338825275161      -0.0396681
    4974.4748588807715350      -0.0289577
    4985.1470838790173730      -0.0078342
    4995.8169352103532219       0.0602827
    5006.4867865418264046       0.1325942
    5017.1566378731622535       0.1571783
    5027.8264892045681336       0.0854839
    5038.4939657719542083       0.1062101
    5049.1614423393411926      -0.0618024
    5059.8289189067281768      -0.1120623
    5070.4963954740469489      -0.0253156
    5081.1614961801706158      -0.1270797
    5091.8265968862942827      -0.0035228
    5102.4916975923524660      -0.0464552
    5113.1567982985434355      -0.0564424
    5123.8195220460256678       0.2520157
    5134.4822457935069906       0.1068695
    5145.1449695410565255       0.2174601
    5155.8076932885387578       0.1969135
    5166.4680389800660123      -0.0528590
    5177.1283846715932668      -0.0778481
    5187.7887303631205214      -0.0826736
    5198.4490760545804733      -0.0085718
    5209.1070425925718155       0.0246216
    5219.7650091305631577       0.0694821
    5230.4229756686218025       0.0454365
    5241.0809422066122352       0.0704858
    5251.7365284935531236       0.1362884
    5262.3921147805604051       0.1325457
    5273.0477010675676866       0.0802560
    5283.7032873545758775      -0.0073645
    5294.3564922928153464       0.0330434
    5305.0096972311903301       0.0854060
    5315.6629021694307085       0.1378507
    5326.3161071078056921       0.2745584
    5336.9669295997628069       0.2140724
    5347.6177520917208312       0.1685636
    5358.2685745836788556      -0.0061901
    5368.9193970755695773      -0.2081835
    5379.5678360233259809      -0.2307872
    5390.2162749711496872      -0.0382075
    5400.8647139189743029       0.1827326
    5411.5131528666634040       0.2359365
    5422.1592071724335256       0.1298428
    5432.8052614782054661      -0.0960959
    5443.4513157839764972      -0.1076377
    5454.0973700897475283      -0.0057658
    5464.7410386556139201       0.1550363
    5475.3847072213457068       0.1642681
    5486.0283757872130082       0.2538176
    5496.6720443530120974       0.2831042
    5507.3133260809199783       0.0364174
    5517.9546078087605565       0.1032341
    5528.5958895366011348      -0.0007607
    5539.2371712644417130      -0.1509975
    5549.8760650562699084       0.0044387
    5560.5149588480990133       0.1078914
    5571.1538526398599060      -0.0802230
    5581.7927464317554040      -0.1294344
    5592.4292511893154369      -0.0596072
    5603.0657559470091655      -0.0819534
    5613.7022607045691984       0.0813050
    5624.3387654622647460       0.1418799
    5634.9728800874345325       0.1723681
    5645.6069947126043189       0.1231976
    5656.2411093378414080       0.0387251
    5666.8752239630794065      -0.1544686
    5677.5069473574676522      -0.1543900
    5688.1386707519914125      -0.1490951
    5698.7703941463805677      -0.0651037
    5709.4021175409716307       0.2151361
    5720.0314486063234654       0.0457584
    5730.6607796716743906      -0.1489766
    5741.2901107370271347      -0.1987678
    5751.9194418025135747      -0.4304295
    5762.5463794403694919      -0.4099652
    5773.1733170781581066      -0.2387659
    5783.8002547159467213      -0.0897170
    5794.4271923538699411      -0.0318554
    5805.0517354656367388      -0.1028212
    5815.6762785774044460      -0.0634564
    5826.3008216891712436      -0.0808538
    5836.9253648009380413       0.0802315
    5847.5475122880234267       0.3239645
    5858.1696597751752051       0.2958134
    5868.7918072623269836       0.2867601
    5879.4139547493441569       0.2058597
    5890.0337055131531088       0.1766755
    5900.6534562769620607       0.0676565
    5911.2732070407710125       0.2007865
    5921.8929578044453592       0.2707975
    5932.5103107461836771       0.1131566
    5943.1276636879210855      -0.0716736
    5953.7450166296575844      -0.0601420
    5964.3623695713276902      -0.3638530
    5974.9773235921311425      -0.0957525
    5985.5922776130018974       0.0407201
    5996.2072316338735618      -0.2334992
    6006.8221856546761046      -0.0531119
    6017.4347396557495813      -0.4619888
    6028.0472936568230580      -0.5623946
    6038.6598476579638373      -0.5916495
    6049.2724016591046166      -0.3517676
    6059.8825545414501903      -0.2129807
    6070.4927074237948545       0.1033752
    6081.1028603062077309       0.1987595
    6091.7130131886206073       0.1674645
    6102.3207638533076533      -0.0204317
    6112.9285145179946994      -0.1828691
    6123.5362651826817455      -0.4800572
    6134.1440158473687916      -0.7445158
    6144.7493631951974749      -0.4205930
    6155.3547105431607633      -0.4072689
    6165.9600578909894466      -0.1630097
    6176.5654052388172204      -0.1185473
    6187.1683481707214014      -0.5680453
    6197.7712911026264919      -0.4298866
    6208.3742340345306729      -0.6725456
    6218.9771769664357635      -0.4715813
    6229.5777143831483045       0.1619961
    6240.1782517998617550       0.0909903
    6250.7787892165742960       0.5606830
    6261.3793266332204439       0.2972578
    6271.9786610175369788       0.1451613
    6282.5779954018544231       0.0415497
    6293.1773297861718675       0.0027149
    6303.7766641703537971       0.0297107
    6314.3759985546712414       0.0111962
    6324.9753329389886858       0.0000000
    6335.5746673233052206       0.0000000
