      63.8729284738469545       0.0762540
      63.8751970621391862       2.1154714
      63.8774656504314180       1.2558420
      63.8797342387236498       3.1394212
      63.8820028270158815       3.8022752
      63.8842709240435056       2.3473923
      63.8865390210711439       5.2991376
      63.8888071180987680      -0.2007961
      63.8910752151263992       0.4809436
      63.8933428206588729      -0.1395133
      63.8956104261913396      -1.4435743
      63.8978780317238204       1.6711663
      63.9001456372562870       2.1144626
      63.9024127510630251       3.3509736
      63.9046798648697632       3.5105362
      63.9069469786765083       0.9814275
      63.9092140924832464      -2.8802016
      63.9114807143336634      -1.0077306
      63.9137473361840733      -0.5731458
      63.9160139580344833      -0.8006986
      63.9182805798849074      -0.4814542
      63.9205467095483755      -2.2579200
      63.9228128392118577      -0.6984435
      63.9250789688753258      -0.0210204
      63.9273450985388081       1.3667144
      63.9296107357847205       2.3174460
      63.9318763730306330       1.0739590
      63.9341420102765383       1.4341846
      63.9364076475224437      -0.3353715
      63.9386727921201441      -2.1345694
      63.9409379367178303      -1.5932498
      63.9432030813155308      -1.4108518
      63.9454682259132170      -0.2629103
      63.9477328776320206       1.0834591
      63.9499975293508314       0.8958707
      63.9522621810696421       0.8035370
      63.9545268327884529       1.4866807
      63.9567909913976962       1.4713137
      63.9590551500069324       1.4310328
      63.9613193086161687       1.1521538
      63.9635834672254191      -0.4769126
      63.9658471324943889      -1.8891746
      63.9681107977633587      -1.7197150
      63.9703744630323285      -1.4693875
      63.9726381283012913      -1.5221084
      63.9749012999992672      -0.8031437
      63.9771644716972432      -1.1849908
      63.9794276433952191      -1.5551311
      63.9816908150931880      -0.3906562
      63.9839534929894356      -0.2704983
      63.9862161708856831      -0.4673004
      63.9884788487819236       0.2005290
      63.9907415266781570      -0.8672907
      63.9930037105419132      -0.6359969
      63.9952658944056623      -0.0287306
      63.9975280782694114       0.4000518
      63.9997902621331605       0.9606805
      64.0020519517336481      -0.3309432
      64.0043136413341358      -2.1148570
      64.0065753309346093      -1.9915099
      64.0088370205350969      -1.0490144
      64.0110982156415247       0.0126359
      64.0133594107479382       1.7632651
      64.0156206058543660       0.8188497
      64.0178818009607937      -0.0756830
      64.0201425013423489      -0.7933506
      64.0224032017239040      -1.3460503
      64.0246639021054449      -0.2660767
      64.0269246024870142       0.1236232
      64.0291848079128556       1.1070343
      64.0314450133386970       1.8083458
      64.0337052187645526       1.4343293
      64.0359654241904224       1.6142474
      64.0382251344297231       1.9605353
      64.0404848446690238       2.2214699
      64.0427445549083245       2.7260797
      64.0450042651476537       3.1803555
      64.0472634799695442       3.2201679
      64.0495226947914347       3.6269252
      64.0517819096133252       3.2299654
      64.0540411244352299       3.7087233
      64.0562998436088407       4.0806065
      64.0585585627824372       3.5908098
      64.0608172819560338       4.3348479
      64.0630760011296445       3.8614283
      64.0653342244240491       3.5126681
      64.0675924477184537       4.5275869
      64.0698506710128584       4.3698583
      64.0721088943072772       4.6330276
      64.0743666214915777       4.0588846
      64.0766243486758782       3.7427499
      64.0788820758601787       3.4056759
      64.0811398030444650       3.9909539
      64.0833970338877350       3.7885258
      64.0856542647309766       3.0400782
      64.0879114955742466       2.4627540
      64.0901687264174882       1.2993591
      64.0924254606887587       2.3275845
      64.0946821949600007       3.3878708
      64.0969389292312712       4.5811658
      64.0991956635025417       4.6757226
      64.1014519009708295       4.1476855
      64.1037081384391172       3.5638659
      64.1059643759074049       2.9647732
      64.1082206133757069       3.5604267
      64.1104763538100428       3.8591678
      64.1127320942443788       3.4731927
      64.1149878346787148       2.9173055
      64.1172435751130649       2.1402791
      64.1194988182824659       2.4594448
      64.1217540614518384       2.8154879
      64.1240093046212394       3.9215791
      64.1262645477906119       4.3514109
      64.1285192934640236       5.1187806
      64.1307740391374352       5.0551744
      64.1330287848108469       5.4417148
      64.1352835304842586       6.6364303
      64.1375377784306551       5.8779020
      64.1397920263770516       5.9195471
      64.1420462743234481       5.7385569
      64.1443005222698446       4.8683128
      64.1465542722581716       4.8714523
      64.1488080222464987       5.4540248
      64.1510617722348258       5.4275031
      64.1533155222231528       5.2588916
      64.1555687740223561       5.0512028
      64.1578220258215310       4.1158237
      64.1600752776207344       2.8616543
      64.1623285294199093       1.8920445
      64.1645812827988777       1.5396018
      64.1668340361778462       1.2799965
      64.1690867895568005       1.1259098
      64.1713395429357547       0.3343356
      64.1735917976633914      -0.3211827
      64.1758440523910139      -0.1548873
      64.1780963071186363      -0.0973825
      64.1803485618462730       0.9627313
      64.1826003176914384       1.1641729
      64.1848520735366037       0.5723031
      64.1871038293817833       0.4247959
      64.1893555852269628      -0.5887398
      64.1916068419585315      -0.6070687
      64.1938580986901002      -0.1599921
      64.1961093554216831      -0.2821079
      64.1983606121532659       0.5948584
      64.2006113695400842       0.2798584
      64.2028621269269024      -0.3837035
      64.2051128843137349       0.2257030
      64.2073636417005673      -0.4113713
      64.2096138995114529       0.0118327
      64.2118641573223670       0.7145997
      64.2141144151332526       0.2322908
      64.2163646729441666      -0.1627736
      64.2186144309479516       0.0539927
      64.2208641889517509       0.3964349
      64.2231139469555501      -0.4228015
      64.2253637049593351       0.6043562
      64.2276129629248089       0.1019697
      64.2298622208902827      -0.8309119
      64.2321114788557566      -0.1083033
      64.2343607368212304       0.0863460
      64.2366094945171540       0.2672883
      64.2388582522131060       0.4427986
      64.2411070099090296       1.1779437
      64.2433557676049674       1.1175392
      64.2456040248001301       1.7996436
      64.2478522819952929       1.8422657
      64.2501005391904556       1.4660623
      64.2523487963856041       1.0499923
      64.2545965528487386       0.4638357
      64.2568443093118731       0.5325947
      64.2590920657749933       0.5204704
      64.2613398222381420       0.7025780
      64.2635870777379665       0.9733534
      64.2658343332377910       0.8721433
      64.2680815887376298       0.6968501
      64.2703288442374543       0.8987375
      64.2725755985427014       0.3402719
      64.2748223528479485      -0.3714106
      64.2770691071531957      -0.2424105
      64.2793158614584286      -0.7020803
      64.2815621143377740      -0.8124753
      64.2838083672171194       0.6606944
      64.2860546200964791       0.9981717
      64.2883008729758245       0.7372866
      64.2905466241979582       1.2081579
      64.2927923754201061       0.6506805
      64.2950381266422539       0.0352831
      64.2972838778644018       0.6187702
      64.2995291271979852      -0.0689076
      64.3017743765315970       0.7367436
      64.3040196258651804       0.1942537
      64.3062648751987922      -0.2386364
      64.3085096224125010       0.1689755
      64.3107543696262098      -0.6800447
      64.3129991168399187       0.0853152
      64.3152438640536133       0.2377974
      64.3174881089160522      -0.0950491
      64.3197323537785053      -0.5685230
      64.3219765986409584      -1.0040277
      64.3242208435033831      -1.1249171
      64.3264645857831852      -0.8728604
      64.3287083280629872       0.1674334
      64.3309520703427893      -0.2121182
      64.3331958126225913       0.0014208
      64.3354390520883612       0.2968154
      64.3376822915541027      -0.5472857
      64.3399255310198726       0.1661896
      64.3421687704856282      -0.4597413
      64.3444115069059421      -0.7369803
      64.3466542433262418      -0.1246696
      64.3488969797465415      -0.4070666
      64.3511397161668413       0.5010217
      64.3533819493102612       0.9922860
      64.3556241824536812       1.1517268
      64.3578664155970870       1.4867994
      64.3601086487405212       0.6215566
      64.3623503783755950       0.5813172
      64.3645921080106973       0.4417316
      64.3668338376457712       0.7592289
      64.3690755672808734       0.9859135
      64.3713167931761632       1.2208526
      64.3735580190714529       0.0831199
      64.3757992449667569      -0.2320511
      64.3780404708620608       0.2396064
      64.3802811927860716      -0.5503574
      64.3825219147101109      -0.0550684
      64.3847626366341217       0.2701831
      64.3870033585581751      -0.6892954
      64.3892435762794406      -1.0365562
      64.3914837940007061      -0.0247122
      64.3937240117219716      -0.0692691
      64.3959642294432655       0.3482534
      64.3982039427302766       0.2510010
      64.4004436560172735      -0.6373513
      64.4026833693042704      -1.1509722
      64.4049230825912957      -1.2328199
      64.4071622912125150      -0.5182532
      64.4094014998337343      -0.5766463
      64.4116407084549536      -0.7355599
      64.4138799170761729      -1.3318429
      64.4161186208000629      -1.8050981
      64.4183573245239671      -1.6437911
      64.4205960282478713      -1.3902965
      64.4228347319717471      -0.1346188
      64.4250729305667704      -0.9744432
      64.4273111291617937      -1.0317020
      64.4295493277568170      -1.7587636
      64.4317875263518118      -2.2847378
      64.4340252195863883      -0.6286724
      64.4362629128209647      -0.4132947
      64.4385006060555412      -0.3955639
      64.4407382992901034      -0.6136823
      64.4429754869326388      -1.4335318
      64.4452126745751883      -1.2230366
      64.4474498622177379      -1.5744781
      64.4496870498602732      -1.0977956
      64.4519237316791873      -0.0254677
      64.4541604134981014      -0.2943084
      64.4563970953170298      -0.5868065
      64.4586337771359581      -0.0742035
      64.4608699528996283      -1.0027761
      64.4631061286632985      -1.3927464
      64.4653423044269829      -1.3979093
      64.4675784801906673      -1.8656250
      64.4698141496674850      -2.2750921
      64.4720498191443028      -2.1691613
      64.4742854886211205      -0.4215916
      64.4765211580979383      -0.0225096
      64.4787563210562382       0.8559845
      64.4809914840145666       0.5342862
      64.4832266469728665      -0.1832316
      64.4854618099311665      -1.1012233
      64.4876964661393117      -1.1157199
      64.4899311223474569      -1.8579882
      64.4921657785556022      -3.4125111
      64.4944004347637474      -3.4900589
      64.4966345839900583      -5.1300383
      64.4988687332163693      -4.0671759
      64.5011028824426802      -3.3891273
      64.5033370316689769      -2.2122076
      64.5055709273464544      -2.6283126
      64.5078048230239318      -8.2329721
      64.5100387187014093      -9.2881126
      64.5122726143788583      -0.8845738
      64.5145065100563357      -0.0842156
      64.5167404057338132       0.0000000
      64.5189743014112906       0.0000000
