    2346.7694702207782029       0.0000000
    2376.6834107431564007       0.1488503
    2406.5973512655882587      -0.0352856
    2436.5112917880205714      -0.1386325
    2466.4252323104524294      -0.1609492
    2496.3390806442876055       0.6440838
    2526.2529289781232364       1.1602480
    2556.1667773120129823       1.2822202
    2586.0806256459568431       0.3072914
    2615.9943686163569510      -0.0017203
    2645.9081115867575136      -0.3183962
    2675.8218545571580762      -0.2572125
    2705.7355975276127538       0.3616709
    2735.6492219440210647       0.3377828
    2765.5628463604830358      -0.1392982
    2795.4764707769454617      -0.0635010
    2825.3900951933537726      -0.2531700
    2855.3035878497635167      -0.4364523
    2885.2170805061737155      -0.0709911
    2915.1305731625297994       0.3097454
    2945.0440658189936585       0.3556980
    2974.9574134936806331       0.5694634
    3004.8707611683671530       0.5182291
    3034.7841088430545824       0.3985135
    3064.6974565177952172       0.3364943
    3094.6106459735856333       0.2802346
    3124.5238354293760494       0.1478316
    3154.4370248851660108       0.1113815
    3184.3502143410109966      -0.2529690
    3214.2632323251741582      -0.3998824
    3244.1762503093377745      -0.4960630
    3274.0892682934472759      -0.7238370
    3304.0022862776650072      -0.3813984
    3333.9151195217523309      -0.4681616
    3363.8279527659478845      -0.3937415
    3393.7407860100356629      -0.4863508
    3423.6536192542316712      -0.6541367
    3453.5662544745073319      -0.3931359
    3483.4788896947839021      -0.0012197
    3513.3915249150059026       0.0452237
    3543.3041601352820180       0.1817412
    3573.2165840321840733       0.1407513
    3603.1290079290320136      -0.0721735
    3633.0414318258794992       0.1660793
    3662.9538557228361242       0.2903002
    3692.8660549812980207       0.4393759
    3722.7782542397603720       0.4646305
    3752.6904534982231780       0.4849291
    3782.6026527566855293       0.6918576
    3812.5146140461406503       0.7750975
    3842.4265753355962261       1.0567831
    3872.3385366250513471       1.3519621
    3902.2504979145060133       1.9241869
    3932.1622078887753560       3.0564492
    3962.0739178630437891       4.8510952
    3991.9856278373122223       7.2726402
    4021.8973378115815649      10.5452318
    4051.8087831089283100      14.0724220
    4081.7202284062759645      17.9589767
    4111.6316737036222548      21.1464615
    4141.5431190010776845      23.5405560
    4171.4542862442103797      25.1094723
    4201.3654534873439843      25.2945309
    4231.2766207304766795      24.9733124
    4261.1877879736102841      23.6066380
    4291.0986637696796606      22.5805626
    4321.0095395656962864      21.6626301
    4350.9204153617120028      21.1500244
    4380.8312911578359490      21.4662743
    4410.7418620983826258      21.9417114
    4440.6524330388756425      23.3370018
    4470.5630039793686592      24.1775513
    4500.4735749199699057      25.0154896
    4530.3838275810321647      24.5395393
    4560.2940802420389446      22.9564247
    4590.2043329030466339      20.3514175
    4620.1145855641088929      17.1311111
    4650.0245065060580600      13.5576906
    4679.9344274480063177      10.0772667
    4709.8443483900091451       6.9742308
    4739.7542693319037426       4.5709906
    4769.6638450996642860       2.5814998
    4799.5734208674239198       1.6708113
    4829.4829966351844632       1.0827357
    4859.3925724029450066       1.0342606
    4889.3017895258299177       0.9447945
    4919.2110066486593496       0.7745394
    4949.1202237714906005       0.4542451
    4979.0294408943746021       0.1389134
    5008.9382858860863053       0.1421690
    5038.8471308777980084       0.1433951
    5068.7559758695088021       0.0912209
    5098.6648208612214148       0.2537570
    5128.5732802199045182       0.1079298
    5158.4817395786967609       0.0223519
    5188.3901989373807737      -0.0183502
    5218.2986582961730164      -0.0926542
    5248.2067185045261795      -0.1559162
    5278.1147787128802520       0.0112005
    5308.0228389212870752       0.0072155
    5337.9308991296948079      -0.2478334
    5367.8385466547497344      -0.2929756
    5397.7461941798592306      -0.4020042
    5427.6538417049687268      -0.2177821
    5457.5614892300236534      -0.1493361
    5487.4687105233642797      -0.0340216
    5517.3759318165966761       0.0911513
    5547.2831531099363929       0.2167852
    5577.1903744032233590       0.3498200
    5607.0971559006593452       0.2368091
    5637.0039373980962409       0.2902437
    5666.9107188955322272       0.3468276
    5696.8175003929145532       0.5317766
    5726.7238285149160220       0.5789636
    5756.6301566368101703       0.3868876
    5786.5364847588125485       0.1678005
    5816.4428128807066969       0.2309601
    5846.3486740319713135       0.3085452
    5876.2545351832368397       0.5663828
    5906.1603963345014563       0.5906425
    5936.0662574857124127       0.3754621
    5965.9716380555428259       0.3704782
    5995.8770186253732390       0.2549606
    6025.7823991952036522       0.2496282
    6055.6877797650340653       0.5405739
    6085.5926661271214471       0.3534166
    6115.4975524892088288       0.2978291
    6145.4024388512962105      -0.0398120
    6175.3073252134372524       0.1159840
    6205.2117037259167773       0.3395223
    6235.1160822383972118       0.3262267
    6265.0204607509303969       0.7394052
    6294.9248392634635820       0.6120067
    6324.8286962689135180       0.5662057
    6354.7325532744716838       0.5676270
    6384.6364102799216198       0.1815601
    6414.5402672854243065      -0.0098837
    6444.4435891109196746       0.4287135
    6474.3469109364696124       0.3400238
    6504.2502327619649805       0.8934938
    6534.1535545874603486       0.6033775
    6564.0566054027622158       0.4735353
    6593.9596562181186528       0.1666758
    6623.8627070334750897       0.5107673
    6653.7657578487769570       0.1526873
    6683.6688086640788242      -0.1077161
    6713.5718594794343517       0.0000000
    6743.4749102947898791       0.0000000
