     158.9757905687864934       0.0000000
     158.9915303048092596       0.1488503
     159.0072700408320543      -0.0352856
     159.0230097768548490      -0.1386325
     159.0387495128776436      -0.1609492
     159.0544892003938173       0.6440838
     159.0702288879099910       1.1602480
     159.0859685754261932       1.2822202
     159.1017082629424237       0.3072914
     159.1174478950198079      -0.0017203
     159.1331875270971921      -0.3183962
     159.1489271591745762      -0.2572125
     159.1646667912519888       0.3616709
     159.1804063609501441       0.3377828
     159.1961459306483277      -0.1392982
     159.2118855003465114      -0.0635010
     159.2276250700446667      -0.2531700
     159.2433645704150251      -0.4364523
     159.2591040707853836      -0.0709911
     159.2748435711557136       0.3097454
     159.2905830715261004       0.3556980
     159.3063224956118233       0.5694634
     159.3220619196975463       0.5182291
     159.3378013437832692       0.3985135
     159.3535407678690206       0.3364943
     159.3692801087051407       0.2802346
     159.3850194495412609       0.1478316
     159.4007587903773810       0.1113815
     159.4164981312135296      -0.2529690
     159.4322373818268943      -0.3998824
     159.4479766324402590      -0.4960630
     159.4637158830535952      -0.7238370
     159.4794551336669883      -0.3813984
     159.4951942870761741      -0.4681616
     159.5109334404854167      -0.3937415
     159.5266725938946024      -0.4863508
     159.5424117473038450      -0.6541367
     159.5581507965193850      -0.3931359
     159.5738898457349251      -0.0012197
     159.5896288949504367       0.0452237
     159.6053679441659767       0.1817412
     159.6211068821900767       0.1407513
     159.6368458202141483      -0.0721735
     159.6525847582382198       0.1660793
     159.6683236962623482       0.2903002
     159.6840625160890568       0.4393759
     159.6998013359157653       0.4646305
     159.7155401557424739       0.4849291
     159.7312789755691824       0.6918576
     159.7470176701843911       0.7750975
     159.7627563647995999       1.0567831
     159.7784950594148086       1.3519621
     159.7942337540300173       1.9241869
     159.8099723164114039       3.0564492
     159.8257108787927905       4.8510952
     159.8414494411741771       7.2726402
     159.8571880035555637      10.5452318
     159.8729264266726204      14.0724220
     159.8886648497896772      17.9589767
     159.9044032729067339      21.1464615
     159.9201416960238475      23.5405560
     159.9358799728378813      25.1094723
     159.9516182496519150      25.2945309
     159.9673565264659487      24.9733124
     159.9830948032799824      23.6066380
     159.9988329267441145      22.5805626
     160.0145710502082181      21.6626301
     160.0303091736723218      21.1500244
     160.0460472971364823      21.4662743
     160.0617852601956201      21.9417114
     160.0775232232547296      23.3370018
     160.0932611863138391      24.1775513
     160.1089991493730054      25.0154896
     160.1247369449638995      24.5395393
     160.1404747405547653      22.9564247
     160.1562125361456310      20.3514175
     160.1719503317365252      17.1311111
     160.1876879527876838      13.5576906
     160.2034255738388424      10.0772667
     160.2191631948900294       6.9742308
     160.2349008159411596       4.5709906
     160.2506382553729622       2.5814998
     160.2663756948047649       1.6708113
     160.2821131342365675       1.0827357
     160.2978505736683701       1.0342606
     160.3135878243929824       0.9447945
     160.3293250751175663       0.7745394
     160.3450623258421501       0.4542451
     160.3607995765667624       0.1389134
     160.3765366314881362       0.1421690
     160.3922736864095100       0.1433951
     160.4080107413308838       0.0912209
     160.4237477962522576       0.2537570
     160.4394846482661592       0.1079298
     160.4552215002801177       0.0223519
     160.4709583522940193      -0.0183502
     160.4866952043079777      -0.0926542
     160.5024318463020450      -0.1559162
     160.5181684882961122       0.0112005
     160.5339051302902078       0.0072155
     160.5496417722843034      -0.2478334
     160.5653781971379317      -0.2929756
     160.5811146219915884      -0.4020042
     160.5968510468452450      -0.2177821
     160.6125874716988733      -0.1493361
     160.6283236722833294      -0.0340216
     160.6440598728677287       0.0911513
     160.6597960734521848       0.2167852
     160.6755322740366125       0.3498200
     160.6912682432148642       0.2368091
     160.7070042123931159       0.2902437
     160.7227401815713677       0.3468276
     160.7384761507495909       0.5317766
     160.7542118813765342       0.5789636
     160.7699476120034205       0.3868876
     160.7856833426303638       0.1678005
     160.8014190732572501       0.2309601
     160.8171545581794817       0.3085452
     160.8328900431017132       0.5663828
     160.8486255280239448       0.5906425
     160.8643610129461479       0.3754621
     160.8800962450021643       0.3704782
     160.8958314770581808       0.2549606
     160.9115667091141972       0.2496282
     160.9273019411702137       0.5405739
     160.9430369131902978       0.3534166
     160.9587718852103819       0.2978291
     160.9745068572304660      -0.0398120
     160.9902418292505786       0.1159840
     161.0059765340568276       0.3395223
     161.0217112388630767       0.3262267
     161.0374459436693542       0.7394052
     161.0531806484756316       0.6120067
     161.0689150788819575       0.5662057
     161.0846495092883401       0.5676270
     161.1003839396946660       0.1815601
     161.1161183701010202      -0.0098837
     161.1318525189131776       0.4287135
     161.1475866677253634       0.3400238
     161.1633208165375208       0.8934938
     161.1790549653496782       0.6033775
     161.1947889715651456       0.4735353
     161.2105229777806414       0.1666758
     161.2262569839961373       0.5107673
     161.2419909902116046       0.1526873
     161.2577249964270720      -0.1077161
     161.2734590026425678       0.0000000
     161.2891930088580636       0.0000000
