    3270.2319913037072183      -0.6194022
    3280.9959343705850188      -0.0943813
    3291.7598774374632740       4.8292961
    3302.5238205043406197      -0.0683059
    3313.2877635712184201      -2.2084110
    3324.0493756976229633      -4.2620740
    3334.8109878240948092       2.2438903
    3345.5725999504988977       0.9405927
    3356.3342120769370922       2.3864272
    3367.0934921689945440       2.8387430
    3377.8527722610187993       1.7162040
    3388.6120523531103572       3.0977309
    3399.3713324451341578       1.5261062
    3410.1282794087696857      -2.0575798
    3420.8852263724043041      -2.2724936
    3431.6421733360734834      -4.0145974
    3442.3991202997090113      -2.4740598
    3453.1537330408459638      -0.2390005
    3463.9083457819492651       0.6566874
    3474.6629585230530211       0.6288732
    3485.4175712642231701       1.2370648
    3496.1698486885838975       1.6778774
    3506.9221261130123821       2.2141054
    3517.6744035373735642       2.0006540
    3528.4266809618020488       1.8517225
    3539.1766219752098550      -0.2511884
    3549.9265629886181159      -0.2494768
    3560.6765040019922708       0.9468569
    3571.4264450153664257       1.9462365
    3582.1740485234081461       2.9176383
    3592.9216520313830188       0.7073054
    3603.6692555394251940      -1.3627251
    3614.4168590473996119      -2.2826989
    3625.1621239555279317      -1.5589861
    3635.9073888636903575       0.2893786
    3646.6526537718527834       1.0010451
    3657.3979186800152092       0.9084488
    3668.1408438937833125       1.1054281
    3678.8837691075182192       1.0386804
    3689.6266943212526712       2.4968121
    3700.3696195350548805       2.0972610
    3711.1102039597803923       0.3611578
    3721.8507883845063589      -0.4602796
    3732.5913728092318706       0.7265677
    3743.3319572339241859       0.7371408
    3754.0701997748910799       0.8593493
    3764.8084423158575191       0.1525664
    3775.5466848568248679      -1.3494549
    3786.2849273977576559      -2.3694303
    3797.0208269601821485      -2.8023589
    3807.7567265226057316      -2.4643776
    3818.4926260849965729      -2.7066429
    3829.2285256473528534      -0.7268463
    3839.9620811363161010      -0.1049155
    3850.6956366252452426       0.5024152
    3861.4291921141748389       0.2529221
    3872.1627476031039805       0.9858509
    3882.8939579236193822       0.4218215
    3893.6251682441356934       0.0488968
    3904.3563785645837925       0.4944368
    3915.0875888850996489      -1.2711883
    3925.8164529421151201      -1.0315316
    3936.5453169990628339      -1.5391988
    3947.2741810560778504      -2.7443581
    3958.0030451130933216      -2.1695368
    3968.7295618114530953      -1.8418930
    3979.4560785098133238      -1.5162643
    3990.1825952081062496      -1.6706661
    4000.9091119065337807      -1.2474304
    4011.6332801509493038      -1.5986477
    4022.3574483953648269      -1.2261374
    4033.0816166398476526       0.2959639
    4043.8057848843982356       0.0362791
    4054.5276035796468932       0.4500152
    4065.2494222748964603       0.2521723
    4075.9712409701451179       0.2794621
    4086.6930596655288355       0.7217938
    4097.4125277161874692       1.1164492
    4108.1319957668456482       1.0987681
    4118.8514638175038272       0.3968372
    4129.5709318682293087       0.2026141
    4140.2880481788733960       0.5167487
    4151.0051644894483616       0.7736522
    4161.7222808000242367       2.1527839
    4172.4393971106683239       2.7504930
    4183.1541605856027672       3.2344575
    4193.8689240605363011       4.2523985
    4204.5836875354707445       4.6916070
    4215.2984510104724905       5.5375419
    4226.0108605541381621       5.5602307
    4236.7232700978047433       6.0955100
    4247.4356796414704149       5.9546633
    4258.1480891850696935       7.5549321
    4268.8581437017737699       8.1205721
    4279.5681982183423315       8.4668608
    4290.2782527350464079       8.3798685
    4300.9883072516167886       7.4644179
    4311.6960056454627193       7.7958941
    4322.4037040391731352       7.4622245
    4333.1114024330190659       8.3724575
    4343.8191008268649966       7.2030940
    4354.5244420018889286       6.5428920
    4365.2297831769128607       6.8721356
    4375.9351243519358832       5.8943534
    4386.6404655270271178       6.1656361
    4397.3434483873334102       6.4086766
    4408.0464312476378836       5.4605284
    4418.7494141079441761       4.9703307
    4429.4523969683168616       5.7900920
    4440.1530204179398424       6.0582290
    4450.8536438674291276       6.0660958
    4461.5542673170530179       7.2224660
    4472.2548907665423030       6.9030323
    4482.9531537091825157       6.6412559
    4493.6514166518236379       6.8781691
    4504.3496795944647602       6.0907512
    4515.0479425371049729       6.1548343
    4525.7438438765975661       6.1551805
    4536.4397452160892499       6.3945327
    4547.1356465555818431       6.7409172
    4557.8315478950735269       7.2308989
    4568.5250865351172251       6.7138677
    4579.2186251751600139       6.9286294
    4589.9121638152028027       6.3433647
    4600.6057024552446819       6.2969155
    4611.2968772995382096       6.3056693
    4621.9880521436953131       6.3325076
    4632.6792269879870219       6.4570608
    4643.3704018321450349       6.0076480
    4654.0592117841169966       6.1596274
    4664.7480217360880488       5.5969419
    4675.4368316879917984       6.2132955
    4686.1256416398964575       6.5671849
    4696.8120856030436698       6.5809636
    4707.4985295661244891       6.9154744
    4718.1849735292043988       6.6914263
    4728.8714174923525206       6.2475019
    4739.5554943699708019       5.8841748
    4750.2395712475890832       5.0732160
    4760.9236481252746671       5.4672999
    4771.6077250029611605       5.2023320
    4782.2894336984118127       5.9617052
    4792.9711423938624648       6.2069550
    4803.6528510893813291       5.3489132
    4814.3345597848992838       4.7318168
    4825.0138992014108226       4.8907585
    4835.6932386179214518       4.5421758
    4846.3725780344993836       3.8761792
    4857.0519174510782250       3.0084937
    4867.7288864917418323       1.1232343
    4878.4058555325400448       0.5904531
    4889.0828245732027426      -0.1076659
    4899.7597936140009551       0.5466788
    4910.4343911819760251       1.9659994
    4921.1089887500193072       2.0173833
    4931.7835863180625893       2.3974125
    4942.4581838860376592       1.5491210
    4953.1304088842816782       0.4196107
    4963.8026338825275161      -0.2654449
    4974.4748588807715350      -0.8184119
    4985.1470838790173730      -0.0013786
    4995.8169352103532219       0.2645096
    5006.4867865418264046       0.3405024
    5017.1566378731622535       1.3582100
    5027.8264892045681336       0.9754214
    5038.4939657719542083       0.7700229
    5049.1614423393411926       1.0839933
    5059.8289189067281768       0.3239197
    5070.4963954740469489       0.2725735
    5081.1614961801706158       0.5174639
    5091.8265968862942827       0.5969256
    5102.4916975923524660       0.5294175
    5113.1567982985434355       0.1514163
    5123.8195220460256678      -0.2619830
    5134.4822457935069906      -0.3160420
    5145.1449695410565255      -0.2566124
    5155.8076932885387578       0.5922877
    5166.4680389800660123       0.6871290
    5177.1283846715932668       0.5450439
    5187.7887303631205214       0.6930198
    5198.4490760545804733       0.6353707
    5209.1070425925718155       0.8802736
    5219.7650091305631577       0.9991980
    5230.4229756686218025       0.8032559
    5241.0809422066122352       0.0384681
    5251.7365284935531236      -0.6703738
    5262.3921147805604051      -1.0485700
    5273.0477010675676866      -0.4749991
    5283.7032873545758775       0.3672408
    5294.3564922928153464       0.3758243
    5305.0096972311903301       0.4944887
    5315.6629021694307085       0.3517913
    5326.3161071078056921       0.1801877
    5336.9669295997628069       0.6930760
    5347.6177520917208312       1.2977738
    5358.2685745836788556       1.0513926
    5368.9193970755695773       0.9069802
    5379.5678360233259809      -0.1457458
    5390.2162749711496872      -0.6847532
    5400.8647139189743029      -0.4525637
    5411.5131528666634040      -0.4242634
    5422.1592071724335256       0.9010878
    5432.8052614782054661       0.0263227
    5443.4513157839764972      -0.3771982
    5454.0973700897475283      -0.3657849
    5464.7410386556139201      -0.6045083
    5475.3847072213457068      -0.2110774
    5486.0283757872130082      -0.1729406
    5496.6720443530120974      -0.0058331
    5507.3133260809199783       0.1422063
    5517.9546078087605565       0.8535733
    5528.5958895366011348       1.0247387
    5539.2371712644417130       1.1352091
    5549.8760650562699084       0.2076279
    5560.5149588480990133      -0.3116952
    5571.1538526398599060      -0.8233153
    5581.7927464317554040      -0.1535792
    5592.4292511893154369       0.6055415
    5603.0657559470091655       0.5976034
    5613.7022607045691984       0.7733143
    5624.3387654622647460       0.5429626
    5634.9728800874345325      -0.1599112
    5645.6069947126043189      -0.1475505
    5656.2411093378414080       0.3148989
    5666.8752239630794065      -0.2373108
    5677.5069473574676522       0.2501724
    5688.1386707519914125       0.4314722
    5698.7703941463805677      -0.6958446
    5709.4021175409716307      -0.2753412
    5720.0314486063234654      -0.3635274
    5730.6607796716743906      -0.0905636
    5741.2901107370271347       0.6413736
    5751.9194418025135747       0.6175658
    5762.5463794403694919       0.0799888
    5773.1733170781581066      -0.7189184
    5783.8002547159467213      -0.6855751
    5794.4271923538699411      -0.8292570
    5805.0517354656367388      -0.8859805
    5815.6762785774044460      -1.1663576
    5826.3008216891712436      -1.5864502
    5836.9253648009380413      -1.3590889
    5847.5475122880234267      -0.3258404
    5858.1696597751752051       0.6246538
    5868.7918072623269836       1.1806709
    5879.4139547493441569       1.3195616
    5890.0337055131531088       0.0245057
    5900.6534562769620607      -0.5874923
    5911.2732070407710125      -0.7032514
    5921.8929578044453592      -0.9046127
    5932.5103107461836771       0.0159634
    5943.1276636879210855      -0.1930917
    5953.7450166296575844      -0.6667961
    5964.3623695713276902      -1.6329317
    5974.9773235921311425      -2.1220241
    5985.5922776130018974      -1.6315910
    5996.2072316338735618      -0.9701736
    6006.8221856546761046      -0.2445213
    6017.4347396557495813      -0.9653304
    6028.0472936568230580      -1.5270752
    6038.6598476579638373      -1.1264578
    6049.2724016591046166       1.1136525
    6059.8825545414501903       1.8845772
    6070.4927074237948545       2.0731950
    6081.1028603062077309       2.4293828
    6091.7130131886206073      -0.1297085
    6102.3207638533076533      -0.2287418
    6112.9285145179946994      -0.0677533
    6123.5362651826817455       0.2736586
    6134.1440158473687916       0.2550027
    6144.7493631951974749      -1.0019825
    6155.3547105431607633      -0.1051662
    6165.9600578909894466       0.1406201
    6176.5654052388172204       1.6375096
    6187.1683481707214014       2.2699175
    6197.7712911026264919       2.4221399
    6208.3742340345306729       2.5630565
    6218.9771769664357635       0.6931287
    6229.5777143831483045      -2.0908134
    6240.1782517998617550       0.2203192
    6250.7787892165742960      -1.2114284
    6261.3793266332204439       0.1757500
    6271.9786610175369788       0.3692107
    6282.5779954018544231      -0.5405114
    6293.1773297861718675      -2.8447413
    6303.7766641703537971      -3.0722208
    6314.3759985546712414      -1.4729120
    6324.9753329389886858      -0.1994189
    6335.5746673233052206       0.0000000
