      63.8729284738469545      -0.6194022
      63.8751970621391862      -0.0943813
      63.8774656504314180       4.8292961
      63.8797342387236498      -0.0683059
      63.8820028270158815      -2.2084110
      63.8842709240435056      -4.2620740
      63.8865390210711439       2.2438903
      63.8888071180987680       0.9405927
      63.8910752151263992       2.3864272
      63.8933428206588729       2.8387430
      63.8956104261913396       1.7162040
      63.8978780317238204       3.0977309
      63.9001456372562870       1.5261062
      63.9024127510630251      -2.0575798
      63.9046798648697632      -2.2724936
      63.9069469786765083      -4.0145974
      63.9092140924832464      -2.4740598
      63.9114807143336634      -0.2390005
      63.9137473361840733       0.6566874
      63.9160139580344833       0.6288732
      63.9182805798849074       1.2370648
      63.9205467095483755       1.6778774
      63.9228128392118577       2.2141054
      63.9250789688753258       2.0006540
      63.9273450985388081       1.8517225
      63.9296107357847205      -0.2511884
      63.9318763730306330      -0.2494768
      63.9341420102765383       0.9468569
      63.9364076475224437       1.9462365
      63.9386727921201441       2.9176383
      63.9409379367178303       0.7073054
      63.9432030813155308      -1.3627251
      63.9454682259132170      -2.2826989
      63.9477328776320206      -1.5589861
      63.9499975293508314       0.2893786
      63.9522621810696421       1.0010451
      63.9545268327884529       0.9084488
      63.9567909913976962       1.1054281
      63.9590551500069324       1.0386804
      63.9613193086161687       2.4968121
      63.9635834672254191       2.0972610
      63.9658471324943889       0.3611578
      63.9681107977633587      -0.4602796
      63.9703744630323285       0.7265677
      63.9726381283012913       0.7371408
      63.9749012999992672       0.8593493
      63.9771644716972432       0.1525664
      63.9794276433952191      -1.3494549
      63.9816908150931880      -2.3694303
      63.9839534929894356      -2.8023589
      63.9862161708856831      -2.4643776
      63.9884788487819236      -2.7066429
      63.9907415266781570      -0.7268463
      63.9930037105419132      -0.1049155
      63.9952658944056623       0.5024152
      63.9975280782694114       0.2529221
      63.9997902621331605       0.9858509
      64.0020519517336481       0.4218215
      64.0043136413341358       0.0488968
      64.0065753309346093       0.4944368
      64.0088370205350969      -1.2711883
      64.0110982156415247      -1.0315316
      64.0133594107479382      -1.5391988
      64.0156206058543660      -2.7443581
      64.0178818009607937      -2.1695368
      64.0201425013423489      -1.8418930
      64.0224032017239040      -1.5162643
      64.0246639021054449      -1.6706661
      64.0269246024870142      -1.2474304
      64.0291848079128556      -1.5986477
      64.0314450133386970      -1.2261374
      64.0337052187645526       0.2959639
      64.0359654241904224       0.0362791
      64.0382251344297231       0.4500152
      64.0404848446690238       0.2521723
      64.0427445549083245       0.2794621
      64.0450042651476537       0.7217938
      64.0472634799695442       1.1164492
      64.0495226947914347       1.0987681
      64.0517819096133252       0.3968372
      64.0540411244352299       0.2026141
      64.0562998436088407       0.5167487
      64.0585585627824372       0.7736522
      64.0608172819560338       2.1527839
      64.0630760011296445       2.7504930
      64.0653342244240491       3.2344575
      64.0675924477184537       4.2523985
      64.0698506710128584       4.6916070
      64.0721088943072772       5.5375419
      64.0743666214915777       5.5602307
      64.0766243486758782       6.0955100
      64.0788820758601787       5.9546633
      64.0811398030444650       7.5549321
      64.0833970338877350       8.1205721
      64.0856542647309766       8.4668608
      64.0879114955742466       8.3798685
      64.0901687264174882       7.4644179
      64.0924254606887587       7.7958941
      64.0946821949600007       7.4622245
      64.0969389292312712       8.3724575
      64.0991956635025417       7.2030940
      64.1014519009708295       6.5428920
      64.1037081384391172       6.8721356
      64.1059643759074049       5.8943534
      64.1082206133757069       6.1656361
      64.1104763538100428       6.4086766
      64.1127320942443788       5.4605284
      64.1149878346787148       4.9703307
      64.1172435751130649       5.7900920
      64.1194988182824659       6.0582290
      64.1217540614518384       6.0660958
      64.1240093046212394       7.2224660
      64.1262645477906119       6.9030323
      64.1285192934640236       6.6412559
      64.1307740391374352       6.8781691
      64.1330287848108469       6.0907512
      64.1352835304842586       6.1548343
      64.1375377784306551       6.1551805
      64.1397920263770516       6.3945327
      64.1420462743234481       6.7409172
      64.1443005222698446       7.2308989
      64.1465542722581716       6.7138677
      64.1488080222464987       6.9286294
      64.1510617722348258       6.3433647
      64.1533155222231528       6.2969155
      64.1555687740223561       6.3056693
      64.1578220258215310       6.3325076
      64.1600752776207344       6.4570608
      64.1623285294199093       6.0076480
      64.1645812827988777       6.1596274
      64.1668340361778462       5.5969419
      64.1690867895568005       6.2132955
      64.1713395429357547       6.5671849
      64.1735917976633914       6.5809636
      64.1758440523910139       6.9154744
      64.1780963071186363       6.6914263
      64.1803485618462730       6.2475019
      64.1826003176914384       5.8841748
      64.1848520735366037       5.0732160
      64.1871038293817833       5.4672999
      64.1893555852269628       5.2023320
      64.1916068419585315       5.9617052
      64.1938580986901002       6.2069550
      64.1961093554216831       5.3489132
      64.1983606121532659       4.7318168
      64.2006113695400842       4.8907585
      64.2028621269269024       4.5421758
      64.2051128843137349       3.8761792
      64.2073636417005673       3.0084937
      64.2096138995114529       1.1232343
      64.2118641573223670       0.5904531
      64.2141144151332526      -0.1076659
      64.2163646729441666       0.5466788
      64.2186144309479516       1.9659994
      64.2208641889517509       2.0173833
      64.2231139469555501       2.3974125
      64.2253637049593351       1.5491210
      64.2276129629248089       0.4196107
      64.2298622208902827      -0.2654449
      64.2321114788557566      -0.8184119
      64.2343607368212304      -0.0013786
      64.2366094945171540       0.2645096
      64.2388582522131060       0.3405024
      64.2411070099090296       1.3582100
      64.2433557676049674       0.9754214
      64.2456040248001301       0.7700229
      64.2478522819952929       1.0839933
      64.2501005391904556       0.3239197
      64.2523487963856041       0.2725735
      64.2545965528487386       0.5174639
      64.2568443093118731       0.5969256
      64.2590920657749933       0.5294175
      64.2613398222381420       0.1514163
      64.2635870777379665      -0.2619830
      64.2658343332377910      -0.3160420
      64.2680815887376298      -0.2566124
      64.2703288442374543       0.5922877
      64.2725755985427014       0.6871290
      64.2748223528479485       0.5450439
      64.2770691071531957       0.6930198
      64.2793158614584286       0.6353707
      64.2815621143377740       0.8802736
      64.2838083672171194       0.9991980
      64.2860546200964791       0.8032559
      64.2883008729758245       0.0384681
      64.2905466241979582      -0.6703738
      64.2927923754201061      -1.0485700
      64.2950381266422539      -0.4749991
      64.2972838778644018       0.3672408
      64.2995291271979852       0.3758243
      64.3017743765315970       0.4944887
      64.3040196258651804       0.3517913
      64.3062648751987922       0.1801877
      64.3085096224125010       0.6930760
      64.3107543696262098       1.2977738
      64.3129991168399187       1.0513926
      64.3152438640536133       0.9069802
      64.3174881089160522      -0.1457458
      64.3197323537785053      -0.6847532
      64.3219765986409584      -0.4525637
      64.3242208435033831      -0.4242634
      64.3264645857831852       0.9010878
      64.3287083280629872       0.0263227
      64.3309520703427893      -0.3771982
      64.3331958126225913      -0.3657849
      64.3354390520883612      -0.6045083
      64.3376822915541027      -0.2110774
      64.3399255310198726      -0.1729406
      64.3421687704856282      -0.0058331
      64.3444115069059421       0.1422063
      64.3466542433262418       0.8535733
      64.3488969797465415       1.0247387
      64.3511397161668413       1.1352091
      64.3533819493102612       0.2076279
      64.3556241824536812      -0.3116952
      64.3578664155970870      -0.8233153
      64.3601086487405212      -0.1535792
      64.3623503783755950       0.6055415
      64.3645921080106973       0.5976034
      64.3668338376457712       0.7733143
      64.3690755672808734       0.5429626
      64.3713167931761632      -0.1599112
      64.3735580190714529      -0.1475505
      64.3757992449667569       0.3148989
      64.3780404708620608      -0.2373108
      64.3802811927860716       0.2501724
      64.3825219147101109       0.4314722
      64.3847626366341217      -0.6958446
      64.3870033585581751      -0.2753412
      64.3892435762794406      -0.3635274
      64.3914837940007061      -0.0905636
      64.3937240117219716       0.6413736
      64.3959642294432655       0.6175658
      64.3982039427302766       0.0799888
      64.4004436560172735      -0.7189184
      64.4026833693042704      -0.6855751
      64.4049230825912957      -0.8292570
      64.4071622912125150      -0.8859805
      64.4094014998337343      -1.1663576
      64.4116407084549536      -1.5864502
      64.4138799170761729      -1.3590889
      64.4161186208000629      -0.3258404
      64.4183573245239671       0.6246538
      64.4205960282478713       1.1806709
      64.4228347319717471       1.3195616
      64.4250729305667704       0.0245057
      64.4273111291617937      -0.5874923
      64.4295493277568170      -0.7032514
      64.4317875263518118      -0.9046127
      64.4340252195863883       0.0159634
      64.4362629128209647      -0.1930917
      64.4385006060555412      -0.6667961
      64.4407382992901034      -1.6329317
      64.4429754869326388      -2.1220241
      64.4452126745751883      -1.6315910
      64.4474498622177379      -0.9701736
      64.4496870498602732      -0.2445213
      64.4519237316791873      -0.9653304
      64.4541604134981014      -1.5270752
      64.4563970953170298      -1.1264578
      64.4586337771359581       1.1136525
      64.4608699528996283       1.8845772
      64.4631061286632985       2.0731950
      64.4653423044269829       2.4293828
      64.4675784801906673      -0.1297085
      64.4698141496674850      -0.2287418
      64.4720498191443028      -0.0677533
      64.4742854886211205       0.2736586
      64.4765211580979383       0.2550027
      64.4787563210562382      -1.0019825
      64.4809914840145666      -0.1051662
      64.4832266469728665       0.1406201
      64.4854618099311665       1.6375096
      64.4876964661393117       2.2699175
      64.4899311223474569       2.4221399
      64.4921657785556022       2.5630565
      64.4944004347637474       0.6931287
      64.4966345839900583      -2.0908134
      64.4988687332163693       0.2203192
      64.5011028824426802      -1.2114284
      64.5033370316689769       0.1757500
      64.5055709273464544       0.3692107
      64.5078048230239318      -0.5405114
      64.5100387187014093      -2.8447413
      64.5122726143788583      -3.0722208
      64.5145065100563357      -1.4729120
      64.5167404057338132      -0.1994189
      64.5189743014112906       0.0000000
