     158.9757905687864934       0.0000000
     158.9915303048092596      -0.1635517
     159.0072700408320543       0.2173105
     159.0230097768548490       1.1394584
     159.0387495128776436       2.4401939
     159.0544892003938173       1.8174052
     159.0702288879099910       1.8957287
     159.0859685754261932       1.6079179
     159.1017082629424237       1.0535949
     159.1174478950198079       0.7197868
     159.1331875270971921       0.6102525
     159.1489271591745762       0.4517901
     159.1646667912519888       0.0085567
     159.1804063609501441      -0.1443358
     159.1961459306483277      -0.1450350
     159.2118855003465114      -0.0110447
     159.2276250700446667       0.1591086
     159.2433645704150251       0.2880095
     159.2591040707853836       0.3772861
     159.2748435711557136       0.2305575
     159.2905830715261004      -0.0658554
     159.3063224956118233      -0.1287266
     159.3220619196975463      -0.0818097
     159.3378013437832692      -0.3835718
     159.3535407678690206       0.0537187
     159.3692801087051407       0.0688908
     159.3850194495412609       0.0003494
     159.4007587903773810       0.1675695
     159.4164981312135296      -0.0145181
     159.4322373818268943      -0.3029348
     159.4479766324402590      -0.7378686
     159.4637158830535952      -0.4367151
     159.4794551336669883      -0.3271093
     159.4951942870761741       0.0619190
     159.5109334404854167       0.3832887
     159.5266725938946024       0.2308798
     159.5424117473038450       0.1811891
     159.5581507965193850      -0.0268145
     159.5738898457349251      -0.0284714
     159.5896288949504367      -0.0562479
     159.6053679441659767      -0.0781018
     159.6211068821900767       0.1366538
     159.6368458202141483       0.0499885
     159.6525847582382198      -0.0445386
     159.6683236962623482      -0.1282553
     159.6840625160890568       0.0293965
     159.6998013359157653       0.1249076
     159.7155401557424739      -0.0556529
     159.7312789755691824       0.2847193
     159.7470176701843911       0.3588412
     159.7627563647995999       0.5463065
     159.7784950594148086       1.0261140
     159.7942337540300173       1.0206504
     159.8099723164114039       1.0443403
     159.8257108787927905       1.5024260
     159.8414494411741771       2.1344709
     159.8571880035555637       3.0974205
     159.8729264266726204       4.4219675
     159.8886648497896772       6.3636374
     159.9044032729067339       9.6491308
     159.9201416960238475      12.9550467
     159.9358799728378813      18.2576580
     159.9516182496519150      22.3020325
     159.9673565264659487      27.2159977
     159.9830948032799824      30.7955837
     159.9988329267441145      34.2083168
     160.0145710502082181      36.8773155
     160.0303091736723218      38.1737213
     160.0460472971364823      39.8024635
     160.0617852601956201      39.8489723
     160.0775232232547296      41.2750053
     160.0932611863138391      41.6929512
     160.1089991493730054      43.9505005
     160.1247369449638995      44.4334450
     160.1404747405547653      46.5878029
     160.1562125361456310      47.1443710
     160.1719503317365252      49.0055809
     160.1876879527876838      49.3554344
     160.2034255738388424      49.7964439
     160.2191631948900294      48.0348396
     160.2349008159411596      45.0621872
     160.2506382553729622      40.0781975
     160.2663756948047649      34.3510590
     160.2821131342365675      26.8494263
     160.2978505736683701      20.8350983
     160.3135878243929824      14.0967436
     160.3293250751175663       9.8703060
     160.3450623258421501       5.9173074
     160.3607995765667624       3.6587124
     160.3765366314881362       1.8558182
     160.3922736864095100       1.4806235
     160.4080107413308838       0.9858314
     160.4237477962522576       0.8337736
     160.4394846482661592       0.7256167
     160.4552215002801177       0.2043189
     160.4709583522940193       0.0222728
     160.4866952043079777       0.2555586
     160.5024318463020450       0.1276227
     160.5181684882961122       0.2002157
     160.5339051302902078       0.0402101
     160.5496417722843034       0.0109228
     160.5653781971379317      -0.1183649
     160.5811146219915884      -0.3040043
     160.5968510468452450      -0.2042955
     160.6125874716988733      -0.2364635
     160.6283236722833294      -0.2913963
     160.6440598728677287       0.1710352
     160.6597960734521848       0.2581474
     160.6755322740366125      -0.1164305
     160.6912682432148642       0.1294162
     160.7070042123931159      -0.0689611
     160.7227401815713677       0.1214847
     160.7384761507495909       0.2160031
     160.7542118813765342       0.3476318
     160.7699476120034205       0.3606104
     160.7856833426303638       0.3823197
     160.8014190732572501       0.6547656
     160.8171545581794817       0.5297073
     160.8328900431017132       0.4099886
     160.8486255280239448      -0.0681963
     160.8643610129461479      -0.6198720
     160.8800962450021643      -0.8158438
     160.8958314770581808      -0.8732383
     160.9115667091141972      -0.6364154
     160.9273019411702137      -0.1222742
     160.9430369131902978       0.0239888
     160.9587718852103819      -0.0549300
     160.9745068572304660       0.2762112
     160.9902418292505786       0.3794015
     161.0059765340568276      -0.0695782
     161.0217112388630767       0.4858580
     161.0374459436693542      -0.0488461
     161.0531806484756316       0.0087135
     161.0689150788819575       0.2204127
     161.0846495092883401       0.6271024
     161.1003839396946660       0.7285632
     161.1161183701010202       1.0022203
     161.1318525189131776       1.3556807
     161.1475866677253634       0.9499101
     161.1633208165375208       1.2193035
     161.1790549653496782       0.7535063
     161.1947889715651456       1.5671179
     161.2105229777806414       1.5826778
     161.2262569839961373       0.4768245
     161.2419909902116046       0.3612577
     161.2577249964270720       0.0426742
     161.2734590026425678       0.0000000
     161.2891930088580636       0.0000000
