    2346.7694702207782029       0.0000000
    2376.6834107431564007      -0.1635517
    2406.5973512655882587       0.2173105
    2436.5112917880205714       1.1394584
    2466.4252323104524294       2.4401939
    2496.3390806442876055       1.8174052
    2526.2529289781232364       1.8957287
    2556.1667773120129823       1.6079179
    2586.0806256459568431       1.0535949
    2615.9943686163569510       0.7197868
    2645.9081115867575136       0.6102525
    2675.8218545571580762       0.4517901
    2705.7355975276127538       0.0085567
    2735.6492219440210647      -0.1443358
    2765.5628463604830358      -0.1450350
    2795.4764707769454617      -0.0110447
    2825.3900951933537726       0.1591086
    2855.3035878497635167       0.2880095
    2885.2170805061737155       0.3772861
    2915.1305731625297994       0.2305575
    2945.0440658189936585      -0.0658554
    2974.9574134936806331      -0.1287266
    3004.8707611683671530      -0.0818097
    3034.7841088430545824      -0.3835718
    3064.6974565177952172       0.0537187
    3094.6106459735856333       0.0688908
    3124.5238354293760494       0.0003494
    3154.4370248851660108       0.1675695
    3184.3502143410109966      -0.0145181
    3214.2632323251741582      -0.3029348
    3244.1762503093377745      -0.7378686
    3274.0892682934472759      -0.4367151
    3304.0022862776650072      -0.3271093
    3333.9151195217523309       0.0619190
    3363.8279527659478845       0.3832887
    3393.7407860100356629       0.2308798
    3423.6536192542316712       0.1811891
    3453.5662544745073319      -0.0268145
    3483.4788896947839021      -0.0284714
    3513.3915249150059026      -0.0562479
    3543.3041601352820180      -0.0781018
    3573.2165840321840733       0.1366538
    3603.1290079290320136       0.0499885
    3633.0414318258794992      -0.0445386
    3662.9538557228361242      -0.1282553
    3692.8660549812980207       0.0293965
    3722.7782542397603720       0.1249076
    3752.6904534982231780      -0.0556529
    3782.6026527566855293       0.2847193
    3812.5146140461406503       0.3588412
    3842.4265753355962261       0.5463065
    3872.3385366250513471       1.0261140
    3902.2504979145060133       1.0206504
    3932.1622078887753560       1.0443403
    3962.0739178630437891       1.5024260
    3991.9856278373122223       2.1344709
    4021.8973378115815649       3.0974205
    4051.8087831089283100       4.4219675
    4081.7202284062759645       6.3636374
    4111.6316737036222548       9.6491308
    4141.5431190010776845      12.9550467
    4171.4542862442103797      18.2576580
    4201.3654534873439843      22.3020325
    4231.2766207304766795      27.2159977
    4261.1877879736102841      30.7955837
    4291.0986637696796606      34.2083168
    4321.0095395656962864      36.8773155
    4350.9204153617120028      38.1737213
    4380.8312911578359490      39.8024635
    4410.7418620983826258      39.8489723
    4440.6524330388756425      41.2750053
    4470.5630039793686592      41.6929512
    4500.4735749199699057      43.9505005
    4530.3838275810321647      44.4334450
    4560.2940802420389446      46.5878029
    4590.2043329030466339      47.1443710
    4620.1145855641088929      49.0055809
    4650.0245065060580600      49.3554344
    4679.9344274480063177      49.7964439
    4709.8443483900091451      48.0348396
    4739.7542693319037426      45.0621872
    4769.6638450996642860      40.0781975
    4799.5734208674239198      34.3510590
    4829.4829966351844632      26.8494263
    4859.3925724029450066      20.8350983
    4889.3017895258299177      14.0967436
    4919.2110066486593496       9.8703060
    4949.1202237714906005       5.9173074
    4979.0294408943746021       3.6587124
    5008.9382858860863053       1.8558182
    5038.8471308777980084       1.4806235
    5068.7559758695088021       0.9858314
    5098.6648208612214148       0.8337736
    5128.5732802199045182       0.7256167
    5158.4817395786967609       0.2043189
    5188.3901989373807737       0.0222728
    5218.2986582961730164       0.2555586
    5248.2067185045261795       0.1276227
    5278.1147787128802520       0.2002157
    5308.0228389212870752       0.0402101
    5337.9308991296948079       0.0109228
    5367.8385466547497344      -0.1183649
    5397.7461941798592306      -0.3040043
    5427.6538417049687268      -0.2042955
    5457.5614892300236534      -0.2364635
    5487.4687105233642797      -0.2913963
    5517.3759318165966761       0.1710352
    5547.2831531099363929       0.2581474
    5577.1903744032233590      -0.1164305
    5607.0971559006593452       0.1294162
    5637.0039373980962409      -0.0689611
    5666.9107188955322272       0.1214847
    5696.8175003929145532       0.2160031
    5726.7238285149160220       0.3476318
    5756.6301566368101703       0.3606104
    5786.5364847588125485       0.3823197
    5816.4428128807066969       0.6547656
    5846.3486740319713135       0.5297073
    5876.2545351832368397       0.4099886
    5906.1603963345014563      -0.0681963
    5936.0662574857124127      -0.6198720
    5965.9716380555428259      -0.8158438
    5995.8770186253732390      -0.8732383
    6025.7823991952036522      -0.6364154
    6055.6877797650340653      -0.1222742
    6085.5926661271214471       0.0239888
    6115.4975524892088288      -0.0549300
    6145.4024388512962105       0.2762112
    6175.3073252134372524       0.3794015
    6205.2117037259167773      -0.0695782
    6235.1160822383972118       0.4858580
    6265.0204607509303969      -0.0488461
    6294.9248392634635820       0.0087135
    6324.8286962689135180       0.2204127
    6354.7325532744716838       0.6271024
    6384.6364102799216198       0.7285632
    6414.5402672854243065       1.0022203
    6444.4435891109196746       1.3556807
    6474.3469109364696124       0.9499101
    6504.2502327619649805       1.2193035
    6534.1535545874603486       0.7535063
    6564.0566054027622158       1.5671179
    6593.9596562181186528       1.5826778
    6623.8627070334750897       0.4768245
    6653.7657578487769570       0.3612577
    6683.6688086640788242       0.0426742
    6713.5718594794343517       0.0000000
    6743.4749102947898791       0.0000000
