    3270.2319913037072183       0.0762540
    3280.9959343705850188       2.1154714
    3291.7598774374632740       1.2558420
    3302.5238205043406197       3.1394212
    3313.2877635712184201       3.8022752
    3324.0493756976229633       2.3473923
    3334.8109878240948092       5.2991376
    3345.5725999504988977      -0.2007961
    3356.3342120769370922       0.4809436
    3367.0934921689945440      -0.1395133
    3377.8527722610187993      -1.4435743
    3388.6120523531103572       1.6711663
    3399.3713324451341578       2.1144626
    3410.1282794087696857       3.3509736
    3420.8852263724043041       3.5105362
    3431.6421733360734834       0.9814275
    3442.3991202997090113      -2.8802016
    3453.1537330408459638      -1.0077306
    3463.9083457819492651      -0.5731458
    3474.6629585230530211      -0.8006986
    3485.4175712642231701      -0.4814542
    3496.1698486885838975      -2.2579200
    3506.9221261130123821      -0.6984435
    3517.6744035373735642      -0.0210204
    3528.4266809618020488       1.3667144
    3539.1766219752098550       2.3174460
    3549.9265629886181159       1.0739590
    3560.6765040019922708       1.4341846
    3571.4264450153664257      -0.3353715
    3582.1740485234081461      -2.1345694
    3592.9216520313830188      -1.5932498
    3603.6692555394251940      -1.4108518
    3614.4168590473996119      -0.2629103
    3625.1621239555279317       1.0834591
    3635.9073888636903575       0.8958707
    3646.6526537718527834       0.8035370
    3657.3979186800152092       1.4866807
    3668.1408438937833125       1.4713137
    3678.8837691075182192       1.4310328
    3689.6266943212526712       1.1521538
    3700.3696195350548805      -0.4769126
    3711.1102039597803923      -1.8891746
    3721.8507883845063589      -1.7197150
    3732.5913728092318706      -1.4693875
    3743.3319572339241859      -1.5221084
    3754.0701997748910799      -0.8031437
    3764.8084423158575191      -1.1849908
    3775.5466848568248679      -1.5551311
    3786.2849273977576559      -0.3906562
    3797.0208269601821485      -0.2704983
    3807.7567265226057316      -0.4673004
    3818.4926260849965729       0.2005290
    3829.2285256473528534      -0.8672907
    3839.9620811363161010      -0.6359969
    3850.6956366252452426      -0.0287306
    3861.4291921141748389       0.4000518
    3872.1627476031039805       0.9606805
    3882.8939579236193822      -0.3309432
    3893.6251682441356934      -2.1148570
    3904.3563785645837925      -1.9915099
    3915.0875888850996489      -1.0490144
    3925.8164529421151201       0.0126359
    3936.5453169990628339       1.7632651
    3947.2741810560778504       0.8188497
    3958.0030451130933216      -0.0756830
    3968.7295618114530953      -0.7933506
    3979.4560785098133238      -1.3460503
    3990.1825952081062496      -0.2660767
    4000.9091119065337807       0.1236232
    4011.6332801509493038       1.1070343
    4022.3574483953648269       1.8083458
    4033.0816166398476526       1.4343293
    4043.8057848843982356       1.6142474
    4054.5276035796468932       1.9605353
    4065.2494222748964603       2.2214699
    4075.9712409701451179       2.7260797
    4086.6930596655288355       3.1803555
    4097.4125277161874692       3.2201679
    4108.1319957668456482       3.6269252
    4118.8514638175038272       3.2299654
    4129.5709318682293087       3.7087233
    4140.2880481788733960       4.0806065
    4151.0051644894483616       3.5908098
    4161.7222808000242367       4.3348479
    4172.4393971106683239       3.8614283
    4183.1541605856027672       3.5126681
    4193.8689240605363011       4.5275869
    4204.5836875354707445       4.3698583
    4215.2984510104724905       4.6330276
    4226.0108605541381621       4.0588846
    4236.7232700978047433       3.7427499
    4247.4356796414704149       3.4056759
    4258.1480891850696935       3.9909539
    4268.8581437017737699       3.7885258
    4279.5681982183423315       3.0400782
    4290.2782527350464079       2.4627540
    4300.9883072516167886       1.2993591
    4311.6960056454627193       2.3275845
    4322.4037040391731352       3.3878708
    4333.1114024330190659       4.5811658
    4343.8191008268649966       4.6757226
    4354.5244420018889286       4.1476855
    4365.2297831769128607       3.5638659
    4375.9351243519358832       2.9647732
    4386.6404655270271178       3.5604267
    4397.3434483873334102       3.8591678
    4408.0464312476378836       3.4731927
    4418.7494141079441761       2.9173055
    4429.4523969683168616       2.1402791
    4440.1530204179398424       2.4594448
    4450.8536438674291276       2.8154879
    4461.5542673170530179       3.9215791
    4472.2548907665423030       4.3514109
    4482.9531537091825157       5.1187806
    4493.6514166518236379       5.0551744
    4504.3496795944647602       5.4417148
    4515.0479425371049729       6.6364303
    4525.7438438765975661       5.8779020
    4536.4397452160892499       5.9195471
    4547.1356465555818431       5.7385569
    4557.8315478950735269       4.8683128
    4568.5250865351172251       4.8714523
    4579.2186251751600139       5.4540248
    4589.9121638152028027       5.4275031
    4600.6057024552446819       5.2588916
    4611.2968772995382096       5.0512028
    4621.9880521436953131       4.1158237
    4632.6792269879870219       2.8616543
    4643.3704018321450349       1.8920445
    4654.0592117841169966       1.5396018
    4664.7480217360880488       1.2799965
    4675.4368316879917984       1.1259098
    4686.1256416398964575       0.3343356
    4696.8120856030436698      -0.3211827
    4707.4985295661244891      -0.1548873
    4718.1849735292043988      -0.0973825
    4728.8714174923525206       0.9627313
    4739.5554943699708019       1.1641729
    4750.2395712475890832       0.5723031
    4760.9236481252746671       0.4247959
    4771.6077250029611605      -0.5887398
    4782.2894336984118127      -0.6070687
    4792.9711423938624648      -0.1599921
    4803.6528510893813291      -0.2821079
    4814.3345597848992838       0.5948584
    4825.0138992014108226       0.2798584
    4835.6932386179214518      -0.3837035
    4846.3725780344993836       0.2257030
    4857.0519174510782250      -0.4113713
    4867.7288864917418323       0.0118327
    4878.4058555325400448       0.7145997
    4889.0828245732027426       0.2322908
    4899.7597936140009551      -0.1627736
    4910.4343911819760251       0.0539927
    4921.1089887500193072       0.3964349
    4931.7835863180625893      -0.4228015
    4942.4581838860376592       0.6043562
    4953.1304088842816782       0.1019697
    4963.8026338825275161      -0.8309119
    4974.4748588807715350      -0.1083033
    4985.1470838790173730       0.0863460
    4995.8169352103532219       0.2672883
    5006.4867865418264046       0.4427986
    5017.1566378731622535       1.1779437
    5027.8264892045681336       1.1175392
    5038.4939657719542083       1.7996436
    5049.1614423393411926       1.8422657
    5059.8289189067281768       1.4660623
    5070.4963954740469489       1.0499923
    5081.1614961801706158       0.4638357
    5091.8265968862942827       0.5325947
    5102.4916975923524660       0.5204704
    5113.1567982985434355       0.7025780
    5123.8195220460256678       0.9733534
    5134.4822457935069906       0.8721433
    5145.1449695410565255       0.6968501
    5155.8076932885387578       0.8987375
    5166.4680389800660123       0.3402719
    5177.1283846715932668      -0.3714106
    5187.7887303631205214      -0.2424105
    5198.4490760545804733      -0.7020803
    5209.1070425925718155      -0.8124753
    5219.7650091305631577       0.6606944
    5230.4229756686218025       0.9981717
    5241.0809422066122352       0.7372866
    5251.7365284935531236       1.2081579
    5262.3921147805604051       0.6506805
    5273.0477010675676866       0.0352831
    5283.7032873545758775       0.6187702
    5294.3564922928153464      -0.0689076
    5305.0096972311903301       0.7367436
    5315.6629021694307085       0.1942537
    5326.3161071078056921      -0.2386364
    5336.9669295997628069       0.1689755
    5347.6177520917208312      -0.6800447
    5358.2685745836788556       0.0853152
    5368.9193970755695773       0.2377974
    5379.5678360233259809      -0.0950491
    5390.2162749711496872      -0.5685230
    5400.8647139189743029      -1.0040277
    5411.5131528666634040      -1.1249171
    5422.1592071724335256      -0.8728604
    5432.8052614782054661       0.1674334
    5443.4513157839764972      -0.2121182
    5454.0973700897475283       0.0014208
    5464.7410386556139201       0.2968154
    5475.3847072213457068      -0.5472857
    5486.0283757872130082       0.1661896
    5496.6720443530120974      -0.4597413
    5507.3133260809199783      -0.7369803
    5517.9546078087605565      -0.1246696
    5528.5958895366011348      -0.4070666
    5539.2371712644417130       0.5010217
    5549.8760650562699084       0.9922860
    5560.5149588480990133       1.1517268
    5571.1538526398599060       1.4867994
    5581.7927464317554040       0.6215566
    5592.4292511893154369       0.5813172
    5603.0657559470091655       0.4417316
    5613.7022607045691984       0.7592289
    5624.3387654622647460       0.9859135
    5634.9728800874345325       1.2208526
    5645.6069947126043189       0.0831199
    5656.2411093378414080      -0.2320511
    5666.8752239630794065       0.2396064
    5677.5069473574676522      -0.5503574
    5688.1386707519914125      -0.0550684
    5698.7703941463805677       0.2701831
    5709.4021175409716307      -0.6892954
    5720.0314486063234654      -1.0365562
    5730.6607796716743906      -0.0247122
    5741.2901107370271347      -0.0692691
    5751.9194418025135747       0.3482534
    5762.5463794403694919       0.2510010
    5773.1733170781581066      -0.6373513
    5783.8002547159467213      -1.1509722
    5794.4271923538699411      -1.2328199
    5805.0517354656367388      -0.5182532
    5815.6762785774044460      -0.5766463
    5826.3008216891712436      -0.7355599
    5836.9253648009380413      -1.3318429
    5847.5475122880234267      -1.8050981
    5858.1696597751752051      -1.6437911
    5868.7918072623269836      -1.3902965
    5879.4139547493441569      -0.1346188
    5890.0337055131531088      -0.9744432
    5900.6534562769620607      -1.0317020
    5911.2732070407710125      -1.7587636
    5921.8929578044453592      -2.2847378
    5932.5103107461836771      -0.6286724
    5943.1276636879210855      -0.4132947
    5953.7450166296575844      -0.3955639
    5964.3623695713276902      -0.6136823
    5974.9773235921311425      -1.4335318
    5985.5922776130018974      -1.2230366
    5996.2072316338735618      -1.5744781
    6006.8221856546761046      -1.0977956
    6017.4347396557495813      -0.0254677
    6028.0472936568230580      -0.2943084
    6038.6598476579638373      -0.5868065
    6049.2724016591046166      -0.0742035
    6059.8825545414501903      -1.0027761
    6070.4927074237948545      -1.3927464
    6081.1028603062077309      -1.3979093
    6091.7130131886206073      -1.8656250
    6102.3207638533076533      -2.2750921
    6112.9285145179946994      -2.1691613
    6123.5362651826817455      -0.4215916
    6134.1440158473687916      -0.0225096
    6144.7493631951974749       0.8559845
    6155.3547105431607633       0.5342862
    6165.9600578909894466      -0.1832316
    6176.5654052388172204      -1.1012233
    6187.1683481707214014      -1.1157199
    6197.7712911026264919      -1.8579882
    6208.3742340345306729      -3.4125111
    6218.9771769664357635      -3.4900589
    6229.5777143831483045      -5.1300383
    6240.1782517998617550      -4.0671759
    6250.7787892165742960      -3.3891273
    6261.3793266332204439      -2.2122076
    6271.9786610175369788      -2.6283126
    6282.5779954018544231      -8.2329721
    6293.1773297861718675      -9.2881126
    6303.7766641703537971      -0.8845738
    6314.3759985546712414      -0.0842156
    6324.9753329389886858       0.0000000
    6335.5746673233052206       0.0000000
