4662.0 0.0
4662.3 0.0
4662.6 0.0
4662.9 0.0
4663.2 0.0
4663.5 0.0
4663.8 0.0
4664.1 0.0
4664.4 0.0
4664.7 0.0
4665.0 0.0
4665.3 0.0
4665.6 0.0
4665.9 0.0
4666.2 0.0
4666.5 0.0
4666.8 0.0
4667.1 0.0
4667.4 0.0
4667.7 0.0
4668.0 0.0
4668.3 0.0
4668.6 0.0
4668.9 0.0
4669.2 0.0
4669.5 0.0
4669.8 0.0
4670.1 0.0
4670.4 0.0
4670.7 0.0
4671.0 0.0
4671.3 0.0
4671.6 0.0
4671.9 0.0
4672.2 0.0
4672.5 0.0
4672.8 0.0
4673.1 0.0
4673.4 0.0
4673.7 0.0
4674.0 0.0
4674.3 0.0
4674.6 -103.69305610656738
4674.9 -102.81573069095612
4675.2 -49.6367723941803
4675.5 23.84837257862091
4675.8 33.79221314191818
4676.1 31.320562601089478
4676.4 131.60608518123627
4676.7 30.001668870449066
4677.0 59.16448664665222
4677.3 170.81572103500366
4677.6 128.8178083896637
4677.9 332.51177611202
4678.2 184.36760020256042
4678.5 69.35502684116364
4678.8 165.3894264101982
4679.1 62.894114658236504
4679.4 792.9724345207214
4679.7 86.07393038272858
4680.0 277.39770063757896
4680.3 260.188933160156
4680.6 520.9254856109619
4680.9 607.4884558208287
4681.2 817.1870766198263
4681.5 517.1055872738361
4681.8 240.56768492609262
4682.1 175.55008104583248
4682.4 599.996711730957
4682.7 529.8361668474972
4683.0 502.92331847921014
4683.3 1006.5985178500414
4683.6 723.7071682112291
4683.9 972.8659414574504
4684.2 865.5389342568815
4684.5 694.029925942421
4684.8 637.8037052601576
4685.1 506.9478160776198
4685.4 837.146039173007
4685.7 797.3811073154211
4686.0 705.069757733494
4686.3 592.4800113663077
4686.6 773.8269412070513
4686.9 881.7684793770313
4687.2 544.2523831799626
4687.5 587.1389921810478
4687.8 583.1505388896912
4688.1 584.2526466818526
4688.4 840.9466428011656
4688.7 914.9865795522928
4689.0 1056.8826374448836
4689.3 901.8386082500219
4689.6 712.5401240587234
4689.9 889.8220338113606
4690.2 649.7697263751179
4690.5 722.9884820878506
4690.8 751.5026012398303
4691.1 612.5691849067807
4691.4 611.86982038524
4691.7 803.3702545166016
4692.0 742.7348167598248
4692.3 459.5479762814939
4692.6 707.9934648675844
4692.9 671.2238143123686
4693.2 573.5563164411578
4693.5 682.9168409779668
4693.8 774.0297477841377
4694.1 658.3032313138247
4694.4 692.756088681519
4694.7 409.5530638024211
4695.0 632.1385569423437
4695.3 581.7519712522626
4695.6 578.1250921562314
4695.9 801.1784367673099
4696.2 479.79258980602026
4696.5 553.5463986098766
4696.8 635.2085262835026
4697.1 637.1672531105578
4697.4 718.8809145120904
4697.7 638.0191870771814
4698.0 681.1232797419652
4698.3 473.0034754630178
4698.6 349.0456259250641
4698.9 537.6641904711723
4699.2 438.9696899726987
4699.5 464.9083357602358
4699.8 576.1749272942543
4700.1 483.1779401153326
4700.4 656.5627082716674
4700.7 422.8164057098329
4701.0 765.6274575069547
4701.3 684.725498944521
4701.6 491.280265443027
4701.9 526.6074873656034
4702.2 690.1261079832911
4702.5 692.0615264251828
4702.8 759.6733710989356
4703.1 806.5622173249722
4703.4 514.0875226566568
4703.7 495.8128675147891
4704.0 361.75836329581216
4704.3 603.7501322329044
4704.6 596.5651100971736
4704.9 740.1108164628968
4705.2 646.0207824399695
4705.5 638.2558592557907
4705.8 660.0026326626539
4706.1 644.6820537000895
4706.4 291.43812764808536
4706.7 512.3342343866825
4707.0 676.8554397020489
4707.3 374.75039118528366
4707.6 465.44537862949073
4707.9 726.854479573667
4708.2 431.66189689491875
4708.5 538.4526133798063
4708.8 482.6697897389531
4709.1 632.0277571231127
4709.4 489.3496664278209
4709.7 430.7251556813717
4710.0 639.0531196827069
4710.3 528.2740251347423
4710.6 625.2910219258629
4710.9 504.19322104379535
4711.2 678.5582089796662
4711.5 378.18244586884975
4711.8 427.3055745959282
4712.1 817.3708735257387
4712.4 876.5832105949521
4712.7 793.0151477623731
4713.0 695.3521566092968
4713.3 586.6087026745081
4713.6 582.5637376774102
4713.9 629.5286651195493
4714.2 397.52739256620407
4714.5 355.83977065980434
4714.8 702.6353197991848
4715.1 612.6915092989802
4715.4 593.684713376686
4715.7 659.9171740822494
4716.0 428.367022305727
4716.3 616.829087909311
4716.6 789.2335046082735
4716.9 821.3288480862975
4717.2 702.9326638430357
4717.5 572.2904274538159
4717.8 828.8153782598674
4718.1 832.1106592677534
4718.4 449.92770540714264
4718.7 721.5324398502707
4719.0 678.4038150981069
4719.3 544.3222931418568
4719.6 705.0180811658502
4719.9 392.3444927185774
4720.2 650.0093272998929
4720.5 871.070678260643
4720.8 646.7087046201341
4721.1 633.7574839233421
4721.4 561.0001799464226
4721.7 506.91935213655233
4722.0 524.5543546825647
4722.3 507.7729539470747
4722.6 665.1519861195702
4722.9 909.5451992601156
4723.2 691.2808205448091
4723.5 720.3805634975433
4723.8 455.0690898671746
4724.1 278.2344397455454
4724.4 502.1117185652256
4724.7 426.8861713949591
4725.0 574.1305124787614
4725.3 566.6217431873083
4725.6 703.883105635643
4725.9 770.1318693608046
4726.2 682.1550284065306
4726.5 637.0188988205045
4726.8 614.8161908760667
4727.1 939.1880760118365
4727.4 588.47309859097
4727.7 442.57975183799863
4728.0 714.0871375799179
4728.3 719.9083057814278
4728.6 524.0936164744198
4728.9 633.9536409694701
4729.2 346.2347065471113
4729.5 472.5879551023245
4729.8 518.7073438726366
4730.1 792.2063994407654
4730.4 892.6712212413549
4730.7 1013.2905756682158
4731.0 644.5079850703478
4731.3 660.4634605944157
4731.6 636.0244222134352
4731.9 414.6172036714852
4732.2 449.7221637517214
4732.5 473.55989846168086
4732.8 578.2286314442754
4733.1 578.6673104595393
4733.4 515.4783135950565
4733.7 503.4770632535219
4734.0 625.5162961184978
4734.3 664.7305655116215
4734.6 535.4025840461254
4734.9 645.1424246355891
4735.2 474.2510317824781
4735.5 399.1882803943008
4735.8 568.88198839291
4736.1 714.8335359096527
4736.4 618.155683375895
4736.7 635.104382392019
4737.0 858.4726373404264
4737.3 338.30506497994065
4737.6 424.93512186408043
4737.9 141.33941251039505
4738.2 377.0737766046077
4738.5 781.5629348643124
4738.8 903.6071469299495
4739.1 791.1379593461752
4739.4 537.6780072413385
4739.7 569.7372711375356
4740.0 661.7961677834392
4740.3 489.07315776031464
4740.6 974.8749902844429
4740.9 722.260584494099
4741.2 711.847938079387
4741.5 755.4079784606583
4741.8 715.2133565172553
4742.1 654.5251074060798
4742.4 347.1586793703027
4742.7 591.6761264950037
4743.0 636.0916235377081
4743.3 674.2016328796744
4743.6 532.6819246783853
4743.9 678.915852420032
4744.2 993.9197844788432
4744.5 600.9528661109507
4744.8 925.0001323223114
4745.1 776.0176380388439
4745.4 772.8013195991516
4745.7 478.1895690858364
4746.0 578.2039202749729
4746.3 283.49401568993926
4746.6 652.2570569515228
4746.9 620.8416579514742
4747.2 665.7278821580112
4747.5 850.3798103220761
4747.8 597.1269730515778
4748.1 632.6689263507724
4748.4 676.178578838706
4748.7 481.63960771262646
4749.0 740.8435849556699
4749.3 504.847382992506
4749.6 760.2891428284347
4749.9 677.3920970074832
4750.2 579.9490861706436
4750.5 587.5020613921806
4750.8 602.8047199826688
4751.1 633.5747329480946
4751.4 762.702818363905
4751.7 619.8328995108604
4752.0 735.6136830560863
4752.3 457.6438819328323
4752.6 235.7543938010931
4752.9 501.6907236278057
4753.2 395.9815574781969
4753.5 329.28578339889646
4753.8 618.1657049283385
4754.1 672.9743332564831
4754.4 780.7465783655643
4754.7 408.08577009290457
4755.0 546.7025827467442
4755.3 765.9237410435453
4755.6 699.9398691616952
4755.9 602.0077953264117
4756.2 488.80699392594397
4756.5 454.0471257790923
4756.8 547.5361484102905
4757.1 760.6378043591976
4757.4 569.0332075953484
4757.7 541.9997636526823
4758.0 541.1175204257015
4758.3 694.8398465672508
4758.6 856.485316073522
4758.9 680.4451466798782
4759.2 612.7326273992658
4759.5 532.1740968432277
4759.8 282.9986797418678
4760.1 309.3469174838974
4760.4 426.44869109243155
4760.7 549.9330693483353
4761.0 811.343915939331
4761.3 560.0362984016538
4761.6 475.1598867177963
4761.9 647.1497196778655
4762.2 768.4062503799796
4762.5 533.982215737924
4762.8 483.52885200828314
4763.1 647.6408393457532
4763.4 548.8711023121141
4763.7 634.1651093512774
4764.0 512.4695323854685
4764.3 491.60578970611095
4764.6 541.8333191126585
4764.9 528.0447161793709
4765.2 567.5515020545572
4765.5 493.34449166059494
4765.8 544.6671512722969
4766.1 566.1285550519824
4766.4 563.0705098747276
4766.7 505.39372564665973
4767.0 438.7554170563817
4767.3 626.6109737604856
4767.6 530.3189513236284
4767.9 536.4665529672056
4768.2 493.1460900940001
4768.5 685.9097883310169
4768.8 846.5157274901867
4769.1 760.1912377467379
4769.4 484.3812709748745
4769.7 644.5744287967682
4770.0 814.6497327359393
4770.3 755.6626621549949
4770.6 452.3581244586967
4770.9 579.8220832198858
4771.2 493.58831007406116
4771.5 527.587224601768
4771.8 550.122088868171
4772.1 735.6696149408817
4772.4 358.98253640159965
4772.7 529.3912208303809
4773.0 760.4837874509394
4773.3 460.5362076610327
4773.6 700.8946489393711
4773.9 582.334512270987
4774.2 623.1788062043488
4774.5 470.1628033146262
4774.8 711.5427013598382
4775.1 425.04323109053075
4775.4 676.0009028501809
4775.7 597.0411823187023
4776.0 522.0937191992998
4776.3 715.0461932867765
4776.6 801.1812055110931
4776.9 640.4456203654408
4777.2 569.13163483073
4777.5 433.982349306345
4777.8 483.3893129527569
4778.1 507.8232284015976
4778.4 433.34546570200473
4778.7 765.2716586950701
4779.0 816.2334675788879
4779.3 751.1442006602883
4779.6 727.4402180090547
4779.9 551.3496588207781
4780.2 880.3670636191964
4780.5 368.9441196024418
4780.8 597.1212688684464
4781.1 430.1719685681164
4781.4 484.4988237991929
4781.7 607.0996296536177
4782.0 627.9493138063699
4782.3 930.5299086421728
4782.6 661.5712366849184
4782.9 409.57224306464195
4783.2 867.4591736868024
4783.5 498.8685574159026
4783.8 431.4762759208679
4784.1 540.5154786519706
4784.4 610.045558065176
4784.7 477.4416218716651
4785.0 730.601744517684
4785.3 635.8751531019807
4785.6 308.53684385865927
4785.9 700.3455103635788
4786.2 676.9157042205334
4786.5 791.8897138014436
4786.8 683.3858206272125
4787.1 801.0859800809994
4787.4 640.9751475155354
4787.7 739.0723744183779
4788.0 893.0223388671875
4788.3 871.0256634419784
4788.6 540.4568730508909
4788.9 583.118515431881
4789.2 725.2481085024774
4789.5 846.1687120944262
4789.8 262.179300731048
4790.1 659.4689356982708
4790.4 591.8256994336843
4790.7 816.7539088577032
4791.0 499.41957419458777
4791.3 918.9825668632984
4791.6 672.470673263073
4791.9 640.3743308130652
4792.2 908.4616353213787
4792.5 885.0628406788455
4792.8 679.2118746619672
4793.1 419.848619540222
4793.4 769.9504990726709
4793.7 549.2215874195099
4794.0 306.82826140895486
4794.3 623.2532568275928
4794.6 574.3903354909271
4794.9 314.3502456098795
4795.2 290.92133915424347
4795.5 645.9711618572474
4795.8 301.10313694924116
4796.1 570.5618014708161
4796.4 716.2932735327631
4796.7 487.95479449629784
4797.0 396.00519477948546
4797.3 421.56358219019603
4797.6 323.7612239457667
4797.9 584.3256155401468
4798.2 721.4520462173969
4798.5 516.2455377951264
4798.8 546.3914650268853
4799.1 630.856888320297
4799.4 473.1163391470909
4799.7 502.5679263100028
4800.0 580.2365950495005
4800.3 855.1691104900092
4800.6 784.8209869302809
4800.9 444.68782672286034
4801.2 631.38732579723
4801.5 689.5050682127476
4801.8 533.4136635567993
4802.1 454.1790137719363
4802.4 456.72577123343945
4802.7 745.9986076131463
4803.0 535.8602337576449
4803.3 401.6647514253855
4803.6 533.58842074126
4803.9 487.7070143856108
4804.2 597.7666689166799
4804.5 434.3394907861948
4804.8 837.2173129208386
4805.1 829.089889655821
4805.4 607.1303100176156
4805.7 1029.5004383027554
4806.0 705.2858926057816
4806.3 585.8908399939537
4806.6 542.8361470960081
4806.9 838.3099178373814
4807.2 799.039507444948
4807.5 551.4308961039642
4807.8 495.158159032464
4808.1 797.2922658696771
4808.4 762.9285604283214
4808.7 674.6569068729877
4809.0 423.77526447176933
4809.3 679.7109131962061
4809.6 633.1846831142902
4809.9 720.9121009409428
4810.2 894.8844675272703
4810.5 796.3296355083585
4810.8 1088.2843008637428
4811.1 646.1614053323865
4811.4 533.2155127748847
4811.7 641.8807151764631
4812.0 681.3965357467532
4812.3 688.6406809464097
4812.6 831.9934476409107
4812.9 636.1734277047217
4813.2 848.5600707419217
4813.5 734.4403352029622
4813.8 492.7136920392513
4814.1 744.2903233845718
4814.4 701.3554147183895
4814.7 394.5619985572994
4815.0 694.1388588249683
4815.3 721.207363627851
4815.6 663.3702609259635
4815.9 480.6824561804533
4816.2 617.2832769528031
4816.5 676.3354033459909
4816.8 547.122036293149
4817.1 514.2850394817069
4817.4 595.3868193225935
4817.7 576.772434771061
4818.0 111.46823363006115
4818.3 461.7005253881216
4818.6 550.085276234895
4818.9 732.1751442998648
4819.2 646.614966750145
4819.5 566.0102376043797
4819.8 618.3244595652213
4820.1 684.9764057844877
4820.4 421.4884734759107
4820.7 633.2283791154623
4821.0 604.8271693438292
4821.3 577.4172251187265
4821.6 592.1438608914614
4821.9 582.287754572928
4822.2 337.7266875691712
4822.5 704.8735571578145
4822.8 907.1294552199543
4823.1 940.473371759057
4823.4 719.3601725138724
4823.7 603.4771169349551
4824.0 590.436743516475
4824.3 682.4806176126003
4824.6 485.75997766526416
4824.9 521.2789805680513
4825.2 642.5095990858972
4825.5 822.2275551408529
4825.8 697.964355111937
4826.1 523.4382833242416
4826.4 604.5944813527167
4826.7 491.61705929785967
4827.0 690.2645714320242
4827.3 674.4168582670391
4827.6 561.2312139002606
4827.9 575.5675991848111
4828.2 377.80562917888165
4828.5 360.3664950001985
4828.8 551.9158404935151
4829.1 566.4144231677055
4829.4 642.6811847365461
4829.7 492.3193035274744
4830.0 179.03737278282642
4830.3 471.06711223721504
4830.6 561.3159974962473
4830.9 475.92099087685347
4831.2 222.12645187566523
4831.5 546.4465680643916
4831.8 584.215954862535
4832.1 571.1202294304967
4832.4 524.9533656984568
4832.7 538.6259905025363
4833.0 435.3291292786598
4833.3 870.7441462045535
4833.6 556.9609236940742
4833.9 688.1935557126999
4834.2 509.3319263770245
4834.5 385.3517349809408
4834.8 411.52594904601574
4835.1 393.32490450516343
4835.4 685.4109643250704
4835.7 579.2756887227297
4836.0 564.0472832685336
4836.3 1022.7002556025982
4836.6 933.7164664566517
4836.9 721.4410638809204
4837.2 813.355054795742
4837.5 761.180079381913
4837.8 560.0004675835371
4838.1 709.0185025185347
4838.4 532.6793832182884
4838.7 700.8552121818066
4839.0 735.2443620562553
4839.3 654.704026337713
4839.6 339.6630932353437
4839.9 689.0563150662929
4840.2 805.2245032610372
4840.5 559.5727769508958
4840.8 628.475947521627
4841.1 223.49363400042057
4841.4 237.67418675869703
4841.7 678.4148216173053
4842.0 494.23638619855046
4842.3 478.37207259982824
4842.6 577.5068059563637
4842.9 550.5967405289412
4843.2 483.30597192049026
4843.5 585.3207189664245
4843.8 507.71618445403874
4844.1 467.22113121300936
4844.4 432.53574464662233
4844.7 380.27637300640345
4845.0 754.6666269600391
4845.3 785.076473025023
4845.6 527.7196459844708
4845.9 528.116745619569
4846.2 499.4689909853041
4846.5 530.5421068221331
4846.8 604.9410427513067
4847.1 679.9173892512918
4847.4 693.158913269639
4847.7 390.19123477861285
4848.0 729.3626405969262
4848.3 535.3475583009422
4848.6 550.6918607107364
4848.9 620.8941030055285
4849.2 460.51091542840004
4849.5 192.59275855123997
4849.8 579.4574340879917
4850.1 667.9528555432335
4850.4 511.22518169879913
4850.7 487.2554888278246
4851.0 377.6821978909429
4851.3 534.0267547406256
4851.6 287.450663624797
4851.9 722.8211039304733
4852.2 666.5778077468276
4852.5 513.8046866804361
4852.8 712.1573834697483
4853.1 440.5196868516505
4853.4 730.8275149986148
4853.7 598.5221068561077
4854.0 542.0587000586092
4854.3 401.9889457039535
4854.6 663.3725370615721
4854.9 614.176624622196
4855.2 267.0824338681996
4855.5 612.3810452520847
4855.8 635.6131860464811
4856.1 717.6102070119232
4856.4 556.5621450846083
4856.7 403.78742349147797
4857.0 387.3115804195404
4857.3 574.4140060991049
4857.6 779.0160222500563
4857.9 738.6403388157487
4858.2 569.6925007104874
4858.5 468.88657635450363
4858.8 679.5711718350649
4859.1 603.5999488011003
4859.4 631.4116931091994
4859.7 633.2987377904356
4860.0 415.67772321403027
4860.3 444.6477261558175
4860.6 542.3006615880877
4860.9 818.5449664517073
4861.2 527.0047762319446
4861.5 795.6338577717543
4861.8 732.1738886684179
4862.1 458.70264513161965
4862.4 543.161477284506
4862.7 706.578646786511
4863.0 611.6858843807131
4863.3 676.5307318083942
4863.6 683.5590418502688
4863.9 608.6232555098832
4864.2 797.9066294878721
4864.5 346.06867856532335
4864.8 546.6817371845245
4865.1 523.7247620318085
4865.4 331.60066428780556
4865.7 645.3310995027423
4866.0 632.0024956464767
4866.3 392.6622997969389
4866.6 339.8598718047142
4866.9 553.5846249461174
4867.2 469.80979035794735
4867.5 567.0135165718384
4867.8 441.6794140934944
4868.1 560.1123465094715
4868.4 526.4184913635254
4868.7 754.0846373159438
4869.0 860.2978506982327
4869.3 867.58200259367
4869.6 274.09165847860277
4869.9 359.9033453129232
4870.2 391.658210683614
4870.5 501.27093747258186
4870.8 385.5241273054853
4871.1 399.9000236093998
4871.4 372.14009490283206
4871.7 549.9007148742676
4872.0 512.2958510941826
4872.3 858.7023702338338
4872.6 549.6243958324194
4872.9 680.2650543451309
4873.2 489.7508482709527
4873.5 535.3861331045628
4873.8 221.3468564413488
4874.1 515.4459702875465
4874.4 779.7933961600065
4874.7 594.9221977032721
4875.0 605.6268706955016
4875.3 566.7551648765802
4875.6 368.0298516806215
4875.9 540.7295611947775
4876.2 441.85887925326824
4876.5 560.9396917186677
4876.8 769.8254268467426
4877.1 646.9616932608187
4877.4 309.266385727562
4877.7 392.8355041462928
4878.0 730.5547838956118
4878.3 622.3690769374371
4878.6 481.23387606441975
4878.9 566.9891025274992
4879.2 357.05589397624135
4879.5 579.2429477199912
4879.8 315.7450613998808
4880.1 381.96109381411225
4880.4 809.2426684349775
4880.7 510.2127745896578
4881.0 654.9830140024424
4881.3 527.2892456334084
4881.6 726.8280490636826
4881.9 866.6158865392208
4882.2 517.2693917453289
4882.5 585.5049142092466
4882.8 380.4047386874445
4883.1 528.3033889681101
4883.4 597.1885613780469
4883.7 540.9389847181737
4884.0 501.77052975445986
4884.3 512.7821413725615
4884.6 712.2962567694485
4884.9 635.8460500091314
4885.2 728.5415909737349
4885.5 797.7307695709169
4885.8 829.5024403855205
4886.1 508.5821670424193
4886.4 781.0968122780323
4886.7 498.30627310601994
4887.0 445.7315894216299
4887.3 393.9839348345995
4887.6 603.8987355902791
4887.9 546.5856655817479
4888.2 670.413830794394
4888.5 523.9688485115767
4888.8 555.4277039337903
4889.1 485.5775679498911
4889.4 528.101336568594
4889.7 569.3839632347226
4890.0 577.8096066862345
4890.3 714.843873128295
4890.6 671.5262701883912
4890.9 352.44169932603836
4891.2 465.74992571771145
4891.5 504.6945059709251
4891.8 456.94237603247166
4892.1 690.8963794782758
4892.4 466.95890939608216
4892.7 302.27882078289986
4893.0 576.825998313725
4893.3 293.7567868401529
4893.6 628.6458240151405
4893.9 491.3836281755939
4894.2 584.6404260657728
4894.5 390.06922259926796
4894.8 540.2907069884241
4895.1 587.3220513612032
4895.4 544.030967598781
4895.7 666.6857134401798
4896.0 515.6206889525056
4896.3 686.744372010231
4896.6 579.9321082159877
4896.9 554.6465166285634
4897.2 400.4627677188255
4897.5 550.9766441434622
4897.8 422.24439677223563
4898.1 358.7801068276167
4898.4 454.78123927488923
4898.7 282.5320114120841
4899.0 302.7749435082078
4899.3 554.723216625629
4899.6 782.2352754175663
4899.9 660.6174076348543
4900.2 522.588859917596
4900.5 809.0485311001539
4900.8 459.64499450847507
4901.1 308.01562298834324
4901.4 641.381603045389
4901.7 561.6086756139994
4902.0 517.0334570314735
4902.3 322.96681678295135
4902.6 292.8633157981094
4902.9 596.6375124901533
4903.2 610.7487477958202
4903.5 221.73586091399193
4903.8 593.8664902923629
4904.1 530.4683033470064
4904.4 590.1272080540657
4904.7 253.96342819556594
4905.0 164.64999549090862
4905.3 536.77916315943
4905.6 535.1071880012751
4905.9 404.3813136899844
4906.2 725.2143301256001
4906.5 608.302218079567
4906.8 529.4016386903822
4907.1 402.92120360583067
4907.4 632.7842581346631
4907.7 691.725109770894
4908.0 575.8056258149445
4908.3 581.8198789022863
4908.6 487.664152700454
4908.9 363.27833956386894
4909.2 510.8527981452644
4909.5 401.18712064251304
4909.8 354.16882851719856
4910.1 707.9125219471753
4910.4 486.9904034137726
4910.7 496.1891966611147
4911.0 597.5194240026176
4911.3 580.0256761536002
4911.6 606.0816057398915
4911.9 548.1545452997088
4912.2 658.4943778272718
4912.5 521.0551516935229
4912.8 542.3806023262441
4913.1 672.7872503735125
4913.4 724.5299053569324
4913.7 629.0713816136122
4914.0 294.80495485663414
4914.3 597.3059142865241
4914.6 363.1304468885064
4914.9 368.70943792164326
4915.2 480.5378227578476
4915.5 714.269413754344
4915.8 396.9558925097808
4916.1 465.4471960738301
4916.4 251.38599146995693
4916.7 176.0195773653686
4917.0 387.64005852490664
4917.3 448.3546266052872
4917.6 481.25099866092205
4917.9 579.396226555109
4918.2 637.3839654922485
4918.5 522.6756488606334
4918.8 852.8417993336916
4919.1 454.20812967792153
4919.4 426.6714562103152
4919.7 499.0621858090162
4920.0 421.3765977350995
4920.3 628.8155778143555
4920.6 384.0920881330967
4920.9 253.59717242233455
4921.2 430.3288649767637
4921.5 460.19999308884144
4921.8 698.9849392212927
4922.1 490.9403721280396
4922.4 427.1355090588331
4922.7 715.4099222272635
4923.0 273.28273363411427
4923.3 73.24268916249275
4923.6 341.24294614908285
4923.9 443.76997013390064
4924.2 414.77330942451954
4924.5 497.1381255015731
4924.8 498.1446014717221
4925.1 325.0423807906918
4925.4 412.185239687562
4925.7 491.0891443938017
4926.0 563.8602212514379
4926.3 456.5136156193912
4926.6 708.1488125696778
4926.9 754.9205482080579
4927.2 994.7215610183775
4927.5 946.7635199800134
4927.8 1080.9515620283782
4928.1 772.7422022260725
4928.4 528.4665771126747
4928.7 487.0405496619642
4929.0 329.95684665441513
4929.3 539.0876266881824
4929.6 265.5306145697832
4929.9 643.2383255362511
4930.2 355.5693409331143
4930.5 470.7840256690979
4930.8 457.73269790783525
4931.1 701.76423824206
4931.4 323.9961600503884
4931.7 401.05357144773006
4932.0 575.7335520535707
4932.3 621.7313487175852
4932.6 360.647343701683
4932.9 683.7449247837067
4933.2 443.26261438429356
4933.5 446.6909145116806
4933.8 766.918620288372
4934.1 400.4384021293372
4934.4 190.207175321877
4934.7 734.2702763751149
4935.0 347.22314487956464
4935.3 499.74460908025503
4935.6 476.23406120575964
4935.9 253.13055029511452
4936.2 205.44335537962615
4936.5 460.1164101213217
4936.8 165.14873352646828
4937.1 176.32880656421185
4937.4 201.23591866344213
4937.7 367.2735311985016
4938.0 526.5113067179918
4938.3 403.0156449303031
4938.6 257.6862978860736
4938.9 443.56025275588036
4939.2 540.241484798491
4939.5 439.66650058701634
4939.8 585.9039016962051
4940.1 350.58144930005074
4940.4 372.214198153466
4940.7 266.6582639850676
4941.0 486.4209453994408
4941.3 688.2246246039867
4941.6 484.5508841779083
4941.9 587.6713862735778
4942.2 610.9044723968473
4942.5 143.3492538370192
4942.8 324.58318071067333
4943.1 790.5312009453773
4943.4 519.0312184989452
4943.7 590.0869029834867
4944.0 535.6899863835424
4944.3 355.1987069249153
4944.6 440.98002921044827
4944.9 411.1564938798547
4945.2 444.1500090584159
4945.5 336.4723024331033
4945.8 502.2610598716419
4946.1 726.2627921402454
4946.4 307.90063489973545
4946.7 378.53186398837715
4947.0 353.34646278619766
4947.3 538.7240927815437
4947.6 556.9324965104461
4947.9 384.5279894564301
4948.2 266.11282724514604
4948.5 530.8475645333529
4948.8 527.3221848458052
4949.1 501.9511530282907
4949.4 367.3801543021109
4949.7 475.70472483336926
4950.0 491.836986720562
4950.3 277.83239049091935
4950.6 426.0267821587622
4950.9 325.29302710294724
4951.2 649.5311462059617
4951.5 416.67724292725325
4951.8 431.5217954553664
4952.1 579.0344501808286
4952.4 470.5277448669076
4952.7 511.87134920060635
4953.0 573.3738800287247
4953.3 481.92308911681175
4953.6 374.8821208104491
4953.9 607.3451260924339
4954.2 680.0826919600368
4954.5 637.026547268033
4954.8 377.8815456479788
4955.1 462.6356769129634
4955.4 309.0402656532824
4955.7 684.6035113623366
4956.0 366.5377708077431
4956.3 294.3597820214927
4956.6 -34.098008297383785
4956.9 363.46582759171724
4957.2 551.6159384250641
4957.5 181.30550427734852
4957.8 410.4085612469353
4958.1 614.9088954031467
4958.4 328.5395430922508
4958.7 645.8717342317104
4959.0 590.3547960678115
4959.3 322.07942565949634
4959.6 266.87813068926334
4959.9 626.6189919412136
4960.2 540.1962329223752
4960.5 365.27496914041694
4960.8 452.7021435946226
4961.1 529.7199374586344
4961.4 580.8540320163593
4961.7 452.92767602205276
4962.0 425.5336433276534
4962.3 702.7431564629078
4962.6 668.6393680050969
4962.9 546.4460373148322
4963.2 625.6322357691824
4963.5 498.60764756798744
4963.8 385.6612357571721
4964.1 511.9205480515957
4964.4 457.7906331643462
4964.7 659.3765879422426
4965.0 737.8087423332036
4965.3 415.8405045643449
4965.6 302.78763149958104
4965.9 390.2268763408065
4966.2 338.64563727378845
4966.5 611.3692882731557
4966.8 676.6967957615852
4967.1 659.6846124604344
4967.4 395.4339957498014
4967.7 433.37701174244285
4968.0 804.7150871679187
4968.3 477.59780656918883
4968.6 425.3962944597006
4968.9 417.1458132080734
4969.2 525.2756396476179
4969.5 451.6676122825593
4969.8 835.2405222654343
4970.1 733.5920170322061
4970.4 493.19089129567146
4970.7 590.6528304312378
4971.0 533.8523225188255
4971.3 532.4093840643764
4971.6 575.5591120794415
4971.9 450.3304968930315
4972.2 450.6819620270635
4972.5 399.9120917506516
4972.8 592.5723854417447
4973.1 596.291136212647
4973.4 666.2430893182755
4973.7 748.4849289897829
4974.0 603.0759333968163
4974.3 618.6490474883467
4974.6 278.99364885455
4974.9 278.6299586892128
4975.2 480.9669331610203
4975.5 222.89923864975572
4975.8 404.99296733364463
4976.1 426.3693617582321
4976.4 302.06521314382553
4976.7 261.6364280283451
4977.0 365.1915361136198
4977.3 368.52168924733996
4977.6 427.4879085486755
4977.9 345.79272404685616
4978.2 559.9299938124605
4978.5 520.8910861462355
4978.8 397.43986074626446
4979.1 462.1939797680825
4979.4 453.03062223270535
4979.7 689.1908591836691
4980.0 474.8176122829318
4980.3 449.17302364483476
4980.6 562.1790040563792
4980.9 598.5656755007803
4981.2 386.5897102802992
4981.5 721.686300303787
4981.8 510.8786825016141
4982.1 558.3700709939003
4982.4 493.7317419797182
4982.7 478.5192644074559
4983.0 372.2860657386482
4983.3 520.7362572420388
4983.6 476.6927380785346
4983.9 509.76663982868195
4984.2 421.8142424672842
4984.5 108.65360844135284
4984.8 241.78337423643097
4985.1 390.5183118559071
4985.4 495.2990026473999
4985.7 323.05812276899815
4986.0 380.34843558073044
4986.3 93.45746804773808
4986.6 343.0534243360162
4986.9 565.7887043952942
4987.2 512.145944301039
4987.5 523.4244644986029
4987.8 401.62266820296645
4988.1 265.56360537558794
4988.4 386.9432889074087
4988.7 551.2542291693389
4989.0 571.6715870052576
4989.3 512.4678816590458
4989.6 286.73134718835354
4989.9 540.3043235763907
4990.2 388.91821406781673
4990.5 358.5232452750206
4990.8 410.78090926632285
4991.1 396.0024892836809
4991.4 276.5857300013304
4991.7 561.4563995413482
4992.0 513.6432842575014
4992.3 493.55813886225224
4992.6 675.1600057296455
4992.9 497.53651924431324
4993.2 505.26299288962036
4993.5 734.2715962938964
4993.8 666.1627010051161
4994.1 455.76668740063906
4994.4 390.9634120464325
4994.7 668.8460897505283
4995.0 394.00330785894766
4995.3 483.3066963106394
4995.6 649.9574921354651
4995.9 374.3927055429667
4996.2 520.8827757649124
4996.5 495.29335197247565
4996.8 537.2344467043877
4997.1 716.1578742787242
4997.4 444.53452325612307
4997.7 515.4683753177524
4998.0 506.3689189404249
4998.3 613.9230419173837
4998.6 734.0464992076159
4998.9 698.0024031102657
4999.2 460.0342817902565
4999.5 354.70437244325876
4999.8 630.2533574104309
5000.1 650.5398423615843
5000.4 534.9449245370924
5000.7 516.8722547106445
5001.0 359.0891021415591
5001.3 549.227573402226
5001.6 537.4987654518336
5001.9 799.6555975172669
5002.2 462.3235503863543
5002.5 532.9639239013195
5002.8 741.150209441781
5003.1 552.5607158988714
5003.4 699.7425241004676
5003.7 405.7536626160145
5004.0 292.94579143822193
5004.3 414.06105809286237
5004.6 155.85850989539176
5004.9 247.33418466802686
5005.2 248.56863696873188
5005.5 641.8535721055232
5005.8 391.0522364266217
5006.1 226.79800616949797
5006.4 369.2884714230895
5006.7 263.8997866194695
5007.0 391.02360847592354
5007.3 441.828738886863
5007.6 384.8827014118433
5007.9 467.5578759908676
5008.2 319.8266783952713
5008.5 237.71082643512636
5008.8 230.38070391491055
5009.1 633.058305170387
5009.4 148.08213535696268
5009.7 342.746226971969
5010.0 458.2927510663867
5010.3 472.59540355950594
5010.6 503.95946718752384
5010.9 249.0411606412381
5011.2 370.72950452054647
5011.5 450.81350357830524
5011.8 527.6421934366226
5012.1 262.6567883249372
5012.4 369.1522213295102
5012.7 446.36931774765253
5013.0 522.2907701842487
5013.3 535.3391411080956
5013.6 508.59823498129845
5013.9 412.2642756700516
5014.2 455.8679520464502
5014.5 611.4806412756443
5014.8 259.5152899455279
5015.1 418.47321719303727
5015.4 710.7125945305452
5015.7 870.623683899641
5016.0 659.1271379813552
5016.3 558.3982347124256
5016.6 605.8176055401564
5016.9 420.804481189698
5017.2 390.31457934738137
5017.5 360.1149609684944
5017.8 550.9584672749043
5018.1 298.6646074168384
5018.4 460.1266369819641
5018.7 461.7247802838683
5019.0 424.11482214927673
5019.3 476.4403904750943
5019.6 302.22022953629494
5019.9 505.6329533755779
5020.2 619.063196234405
5020.5 436.83875945582986
5020.8 552.8777091319207
5021.1 400.24006931390613
5021.4 535.6284576905891
5021.7 650.8399344831705
5022.0 585.7766653925646
5022.3 456.13420743495226
5022.6 246.29763201624155
5022.9 395.77619752287865
5023.2 619.2565375082195
5023.5 678.6193536380306
5023.8 502.66711704805493
5024.1 320.15497093833983
5024.4 262.55617150012404
5024.7 527.1241806298494
5025.0 672.2435003072023
5025.3 291.05446518957615
5025.6 290.68636136874557
5025.9 508.5291164070368
5026.2 726.3850548714399
5026.5 589.8212306499481
5026.8 663.3143374472857
5027.1 562.6756782270968
5027.4 429.0701092388481
5027.7 555.2532273968682
5028.0 388.59312710445374
5028.3 534.9587923362851
5028.6 358.54368913173676
5028.9 492.20709827530663
5029.2 531.1146849598736
5029.5 677.3179145874456
5029.8 383.4606005806272
5030.1 476.7309253886342
5030.4 417.55746357142925
5030.7 604.5655736029148
5031.0 615.9366441098973
5031.3 472.79401794075966
5031.6 381.4998698756099
5031.9 699.2675726339221
5032.2 814.8038272708654
5032.5 641.4105891156942
5032.8 589.5373093411326
5033.1 523.0844980478287
5033.4 619.9107001945376
5033.7 395.66969161480665
5034.0 547.5681188013405
5034.3 349.3620356172323
5034.6 297.9793992917985
5034.9 327.39431062340736
5035.2 345.16251692920923
5035.5 369.99939696490765
5035.8 275.18210131302476
5036.1 317.7821694165468
5036.4 524.4017465561628
5036.7 587.8700134158134
5037.0 526.0381889436394
5037.3 334.9418317526579
5037.6 473.69816958904266
5037.9 422.00647468399256
5038.2 610.1987506486475
5038.5 679.4390873797238
5038.8 397.60217582434416
5039.1 489.87411983683705
5039.4 478.0830734098563
5039.7 424.8976051211357
5040.0 608.4176687933505
5040.3 382.2919407784939
5040.6 614.1979496926069
5040.9 556.6829401869327
5041.2 547.9820982143283
5041.5 582.3098375536501
5041.8 555.2597861774266
5042.1 510.0367886573076
5042.4 361.28190565109253
5042.7 261.6706535369158
5043.0 679.4006963819265
5043.3 561.7516545206308
5043.6 531.5667307972908
5043.9 530.1449499092996
5044.2 438.23210822045803
5044.5 354.89485091809183
5044.8 491.7689009979367
5045.1 534.8934102356434
5045.4 768.9516891445965
5045.7 472.4565049633384
5046.0 398.60437966510653
5046.3 634.1963559649885
5046.6 568.7247369890101
5046.9 521.1981720253825
5047.2 449.486711576581
5047.5 370.4392144167796
5047.8 471.6100393459201
5048.1 523.8015432169195
5048.4 622.3800736814737
5048.7 467.05974113568664
5049.0 389.3162780068815
5049.3 573.4698104485869
5049.6 591.5255765356123
5049.9 308.3356223683804
5050.2 376.4140843153
5050.5 249.19514003023505
5050.8 308.38714146614075
5051.1 180.7655696235597
5051.4 348.8016679659486
5051.7 536.7606011331081
5052.0 403.6549840718508
5052.3 583.9588228249922
5052.6 474.3684884943068
5052.9 351.72775168158114
5053.2 262.881395354867
5053.5 261.05613144114614
5053.8 469.4474137574434
5054.1 324.9408943839371
5054.4 110.93529789196327
5054.7 359.6274842917919
5055.0 382.92455714195967
5055.3 407.1962062045932
5055.6 537.4105803221464
5055.9 417.9060249682516
5056.2 487.5609912406653
5056.5 538.4130373746157
5056.8 407.1613769903779
5057.1 318.7382372431457
5057.4 287.35306417942047
5057.7 686.2330255806446
5058.0 676.7450559511781
5058.3 478.92848336696625
5058.6 506.9072576314211
5058.9 338.29473942890763
5059.2 502.74460208415985
5059.5 536.4579074587673
5059.8 310.39101886190474
5060.1 315.7777998098318
5060.4 281.4169483333826
5060.7 362.01952279242687
5061.0 474.74423501454294
5061.3 292.6452035084367
5061.6 366.4157669246197
5061.9 755.9489922579378
5062.2 373.00192910432816
5062.5 526.7282929345965
5062.8 411.2540670800954
5063.1 313.5753293186426
5063.4 466.0666858665645
5063.7 225.6137767303735
5064.0 369.58683793991804
5064.3 509.52588841691613
5064.6 575.0595493745059
5064.9 443.3621279245708
5065.2 466.13819977641106
5065.5 565.8063105195761
5065.8 518.4658883810043
5066.1 492.96295154839754
5066.4 499.123379438126
5066.7 499.8576104491949
5067.0 380.319754332304
5067.3 364.24527437984943
5067.6 593.6707825958729
5067.9 610.484781511128
5068.2 448.05565349012613
5068.5 437.1731170862913
5068.8 476.2489259094
5069.1 585.604090154171
5069.4 516.5493537131697
5069.7 252.89263892918825
5070.0 276.1439494341612
5070.3 455.801855855505
5070.6 241.3146903757006
5070.9 593.8366745114326
5071.2 471.4854288152419
5071.5 564.7741272747517
5071.8 533.4487780034542
5072.1 415.36735958606005
5072.4 206.1778486557305
5072.7 518.4661280550063
5073.0 543.6209097802639
5073.3 351.53598188608885
5073.6 341.83602395653725
5073.9 691.0463269203901
5074.2 652.7237558914348
5074.5 833.9506026804447
5074.8 706.5068694800138
5075.1 745.7214562483132
5075.4 676.2673646509647
5075.7 621.7947625257075
5076.0 453.82820390025154
5076.3 602.02596321702
5076.6 430.15117158321664
5076.9 426.0056635811925
5077.2 481.44357818365097
5077.5 350.13797349482775
5077.8 386.3819483537227
5078.1 289.94526556506753
5078.4 527.7431250810623
5078.7 292.2639816843439
5079.0 396.8280692221597
5079.3 527.3485558852553
5079.6 314.3419237732887
5079.9 671.4486830197275
5080.2 670.599548228085
5080.5 509.85382252186537
5080.8 646.9441498741508
5081.1 451.5089058484882
5081.4 175.22784542292356
5081.7 503.5631454102695
5082.0 579.0677600800991
5082.3 215.9260007739067
5082.6 163.94834574125707
5082.9 141.71998233534396
5083.2 329.5794032327831
5083.5 304.4406378399581
5083.8 298.87252810038626
5084.1 680.5855137780309
5084.4 541.3384150452912
5084.7 297.58268386125565
5085.0 160.75892696343362
5085.3 145.7439441010356
5085.6 141.6309880129993
5085.9 376.46638064831495
5086.2 275.55028258264065
5086.5 167.40290030278265
5086.8 554.6769632846117
5087.1 362.58815164864063
5087.4 405.1784473210573
5087.7 484.27245822851546
5088.0 389.54917799308896
5088.3 360.43677066545933
5088.6 570.6380519978702
5088.9 422.82172003015876
5089.2 518.9084651758894
5089.5 481.2250094367191
5089.8 494.2428398132324
5090.1 597.5308627299964
5090.4 386.29635114595294
5090.7 531.9570784009993
5091.0 486.57393876835704
5091.3 369.00284035364166
5091.6 294.0464418157935
5091.9 270.00670501962304
5092.2 542.7972713354975
5092.5 635.3725728094578
5092.8 673.897630058229
5093.1 425.2315054833889
5093.4 434.5907430369407
5093.7 555.1966999154538
5094.0 441.00411922484636
5094.3 670.428810806945
5094.6 573.5446729436517
5094.9 245.89576156064868
5095.2 259.5168002843857
5095.5 420.4250340536237
5095.8 276.247942622751
5096.1 385.92701286263764
5096.4 266.8436249066144
5096.7 531.1930442526937
5097.0 452.94820492714643
5097.3 472.53388787806034
5097.6 628.6722348593175
5097.9 275.8121276940219
5098.2 473.75282613374293
5098.5 305.87836956977844
5098.8 437.90815223008394
5099.1 384.3896535038948
5099.4 246.17231902480125
5099.7 382.36582128703594
5100.0 368.6575399087742
5100.3 502.5605022832751
5100.6 537.5877014398575
5100.9 718.7937924861908
5101.2 722.1992586702108
5101.5 544.3130476027727
5101.8 434.75632248073816
5102.1 296.30536963418126
5102.4 385.3829741925001
5102.7 484.1825834661722
5103.0 527.2407107055187
5103.3 351.37282344698906
5103.6 231.88525328040123
5103.9 227.44221598282456
5104.2 626.4735293574631
5104.5 497.2673677317798
5104.8 402.413806296885
5105.1 332.43306156620383
5105.4 263.1644613146782
5105.7 552.6548069640994
5106.0 506.7783673107624
5106.3 195.79013226553798
5106.6 383.99534871801734
5106.9 242.58546349406242
5107.2 538.6564379110932
5107.5 472.27039647102356
5107.8 534.3276504231617
5108.1 264.70777071174234
5108.4 446.07235066220164
5108.7 169.3491808772087
5109.0 436.2062527909875
5109.3 401.46562412567437
5109.6 214.25907012447715
5109.9 186.20762041956186
5110.2 311.10018964949995
5110.5 374.4255774766207
5110.8 155.7148291040212
5111.1 664.2025385499
5111.4 393.89527461957186
5111.7 253.91561517119408
5112.0 332.8224990302697
5112.3 637.7262297570705
5112.6 624.8448739051819
5112.9 703.1590932011604
5113.2 542.3949300050735
5113.5 343.9650355875492
5113.8 339.0722228176892
5114.1 517.6980975270271
5114.4 710.8733464330435
5114.7 368.9431161209941
5115.0 601.4311104416847
5115.3 509.1589149478823
5115.6 355.80583695322275
5115.9 341.8165051341057
5116.2 580.0655976980925
5116.5 684.934452038724
5116.8 552.6010532006621
5117.1 431.3769291548524
5117.4 586.3638271987438
5117.7 555.2956752404571
5118.0 389.3212867230177
5118.3 388.09476203098893
5118.6 457.2836446017027
5118.9 403.1687805429101
5119.2 446.8391340309754
5119.5 503.3216731771827
5119.8 482.4012302849442
5120.1 526.7057517254725
5120.4 324.10935010388494
5120.7 164.46980706602335
5121.0 309.3462597504258
5121.3 576.2106205197051
5121.6 424.92373441532254
5121.9 283.49287213385105
5122.2 215.8885000627488
5122.5 588.310863442719
5122.8 482.88876336067915
5123.1 387.3678777255118
5123.4 441.81064426898956
5123.7 310.92474257946014
5124.0 510.35065359808505
5124.3 168.8765553161502
5124.6 253.97179600596428
5124.9 562.0789175927639
5125.2 278.2783019961789
5125.5 188.5226361565292
5125.8 505.7647095993161
5126.1 716.1514494120784
5126.4 391.71841467916965
5126.7 500.7456940114498
5127.0 497.7280731163919
5127.3 729.381360322237
5127.6 437.6838507130742
5127.9 174.83679687976837
5128.2 522.2085873316973
5128.5 459.4379003457725
5128.8 526.4903129562736
5129.1 187.76313104480505
5129.4 482.97202843334526
5129.7 199.55883606895804
5130.0 153.59529031813145
5130.3 600.4114808887243
5130.6 315.6624879259616
5130.9 362.7144316881895
5131.2 444.7056068107486
5131.5 246.0889618266374
5131.8 359.10713101894544
5132.1 721.1685824617743
5132.4 553.6428598202765
5132.7 605.5229313801974
5133.0 630.6382006779313
5133.3 323.1385010541708
5133.6 273.69704840146005
5133.9 756.0249513834715
5134.2 450.1099695004523
5134.5 437.38033293467015
5134.8 287.2082895748317
5135.1 355.6201330497861
5135.4 458.30876184254885
5135.7 391.40802504774183
5136.0 329.45375416241586
5136.3 516.8762035891414
5136.6 354.1000935584307
5136.9 389.46145080029964
5137.2 400.7528562732041
5137.5 183.6562947013881
5137.8 221.9400058053434
5138.1 392.07073557935655
5138.4 342.36830868571997
5138.7 477.878020144999
5139.0 565.1527980174869
5139.3 505.06790497526526
5139.6 292.1579109430313
5139.9 557.4380836039782
5140.2 570.2922107055783
5140.5 706.55211064592
5140.8 552.9934788197279
5141.1 443.502671867609
5141.4 561.2224644087255
5141.7 527.663346208632
5142.0 399.35585121810436
5142.3 243.1154572069645
5142.6 422.1233266815543
5142.9 488.48702662438154
5143.2 403.47778725996614
5143.5 218.4567079693079
5143.8 269.35456072352827
5144.1 592.3493125541136
5144.4 590.2549921829486
5144.7 489.3558677136898
5145.0 697.7124774008989
5145.3 591.3376471027732
5145.6 373.8756453273818
5145.9 354.91027204692364
5146.2 500.4531487710774
5146.5 407.26886378228664
5146.8 242.51174622401595
5147.1 140.42778369784355
5147.4 253.35431058239192
5147.7 614.4319477677345
5148.0 629.499306447804
5148.3 438.5790963023901
5148.6 374.42181135714054
5148.9 368.1083072363399
5149.2 380.47445826232433
5149.5 558.1217742189765
5149.8 331.7006026916206
5150.1 338.2802415397018
5150.4 688.1570768505335
5150.7 637.4993290379643
5151.0 356.2332865446806
5151.3 230.95938615128398
5151.6 648.2381531447172
5151.9 577.8398493565619
5152.2 719.8289258182049
5152.5 462.6532710827887
5152.8 277.1291861589998
5153.1 540.3355437087594
5153.4 574.7271611839533
5153.7 348.63841972127557
5154.0 414.2697831839323
5154.3 408.6630617007613
5154.6 419.98086842894554
5154.9 459.37185050547123
5155.2 372.1987397931516
5155.5 380.1687584538013
5155.8 464.4060697220266
5156.1 500.55660916818306
5156.4 413.4475799687207
5156.7 496.80708764493465
5157.0 558.6804485619068
5157.3 722.5397749096155
5157.6 555.6795889139175
5157.9 433.88943422725424
5158.2 498.16356298327446
5158.5 506.9567957208492
5158.8 528.2428278401494
5159.1 439.3045033812523
5159.4 344.9472210332751
5159.7 254.89167235046625
5160.0 538.3968161009252
5160.3 395.8632178157568
5160.6 493.5828544795513
5160.9 246.87515913974494
5161.2 539.4837921373546
5161.5 493.0315809964668
5161.8 441.720834921638
5162.1 512.7365927994251
5162.4 271.8544374778867
5162.7 224.65532611310482
5163.0 593.3588096015155
5163.3 296.29309618473053
5163.6 658.1599878901616
5163.9 434.4887606203556
5164.2 474.2271974943578
5164.5 415.3026461005211
5164.8 783.0240755081177
5165.1 367.00730219855905
5165.4 600.692602080293
5165.7 455.2030511945486
5166.0 606.1808007266372
5166.3 243.1580900400877
5166.6 257.96621650177985
5166.9 679.0960211297497
5167.2 635.1175033599138
5167.5 298.5648198015988
5167.8 265.9444912597537
5168.1 496.7441673842259
5168.4 188.64533591642976
5168.7 512.3173546791077
5169.0 448.32288512028754
5169.3 351.8457050435245
5169.6 127.08603734523058
5169.9 353.2282040291466
5170.2 510.9650937989354
5170.5 567.4686775505543
5170.8 449.77541679516435
5171.1 496.2956593716517
5171.4 493.6230239495635
5171.7 485.7890302166343
5172.0 673.9279388412833
5172.3 467.921509725973
5172.6 270.0104360803962
5172.9 475.3235805630684
5173.2 329.8942967457697
5173.5 170.20649735629559
5173.8 392.941452011466
5174.1 364.4779680222273
5174.4 528.7650969922543
5174.7 418.29553627967834
5175.0 390.44859666749835
5175.3 334.6889763735235
5175.6 294.3635551035404
5175.9 262.5209351349622
5176.2 307.9831176549196
5176.5 233.55901964567602
5176.8 568.2638770863414
5177.1 261.5011658826843
5177.4 533.1231405772269
5177.7 490.1882158368826
5178.0 549.647268243134
5178.3 544.3951258510351
5178.6 431.5587485451251
5178.9 234.1449047587812
5179.2 422.83761045336723
5179.5 337.03676877962425
5179.8 673.1718364804983
5180.1 546.528119020164
5180.4 479.699837744236
5180.7 316.43074356764555
5181.0 228.68714354746044
5181.3 293.3529786095023
5181.6 338.11956579983234
5181.9 520.9311771914363
5182.2 323.0594762824476
5182.5 323.62417893111706
5182.8 357.7518179984763
5183.1 539.5955466330051
5183.4 626.8093279311433
5183.7 503.00337278991356
5184.0 500.92787067592144
5184.3 351.70190504565835
5184.6 415.94274485111237
5184.9 153.4944957792759
5185.2 362.81461180374026
5185.5 524.5470334887505
5185.8 249.68387130834162
5186.1 716.4336393028498
5186.4 398.07279766350985
5186.7 428.70248236553743
5187.0 482.4860017383471
5187.3 729.7862832695246
5187.6 376.22580030956306
5187.9 333.374790225178
5188.2 387.0442937910557
5188.5 753.8518440425396
5188.8 631.8790161684155
5189.1 89.85842789337039
5189.4 571.8887103963643
5189.7 475.68835184536874
5190.0 344.18846762925386
5190.3 496.49137987196445
5190.6 481.45622838893905
5190.9 594.142827115953
5191.2 388.5612791357562
5191.5 344.7865702062845
5191.8 550.4879945218563
5192.1 582.0931216552854
5192.4 486.2209716551006
5192.7 228.16915784124285
5193.0 314.8363162688911
5193.3 223.64868766069412
5193.6 280.93210989050567
5193.9 308.59156208485365
5194.2 157.79631903767586
5194.5 485.5686817485839
5194.8 273.66160647943616
5195.1 478.6500532180071
5195.4 526.1067220382392
5195.7 206.2982540950179
5196.0 334.94011560827494
5196.3 450.2146531790495
5196.6 508.27262376248837
5196.9 919.4845731519163
5197.2 700.5902684777975
5197.5 68.9696826254949
5197.8 354.8228907287121
5198.1 281.58627798967063
5198.4 127.22433692216873
5198.7 287.82861373759806
5199.0 229.75486701726913
5199.3 341.26889462023973
5199.6 241.3887473589275
5199.9 -176.65369057655334
5200.2 -87.8825933933258
5200.5 392.8499410683289
5200.8 99.51599050685763
5201.1 123.77377290651202
5201.4 622.6037511201575
5201.7 445.77331516705453
5202.0 381.6088079381734
5202.3 580.7514915242791
5202.6 380.8282986357808
5202.9 44.684435825794935
5203.2 397.1874012053013
5203.5 651.2512416243553
5203.8 456.8874985277653
5204.1 256.01641204580665
5204.4 699.8779310863465
5204.7 367.31609619781375
5205.0 254.3373972256668
5205.3 559.6563170962036
5205.6 527.4281180351973
5205.9 361.64329659426585
5206.2 734.699959486723
5206.5 345.02614038810134
5206.8 451.2743325307965
5207.1 659.910101596266
5207.4 558.9491539746523
5207.7 755.7792860213667
5208.0 503.40058396570385
5208.3 239.66590187326074
5208.6 180.56999642401934
5208.9 97.01224950700998
5209.2 138.59255944378674
5209.5 533.7667293176055
5209.8 365.5580134061165
5210.1 624.1439634859562
5210.4 592.843157432857
5210.7 339.37929581757635
5211.0 580.5054524615407
5211.3 185.31671978533268
5211.6 260.73873221874237
5211.9 606.3304688036442
5212.2 729.34170101583
5212.5 196.79608395695686
5212.8 421.9935190714896
5213.1 558.4385966658592
5213.4 502.9877874854137
5213.7 252.79315127804875
5214.0 297.3238569945097
5214.3 788.3485233485699
5214.6 619.7501073777676
5214.9 694.4451874531806
5215.2 475.39127910509706
5215.5 402.3741026259959
5215.8 490.635431855917
5216.1 409.8693381100893
5216.4 241.42738195508718
5216.7 219.85021184384823
5217.0 442.89516888931394
5217.3 352.8141033947468
5217.6 268.940024189651
5217.9 616.2802268713713
5218.2 299.5910423602909
5218.5 491.279347486794
5218.8 635.3384899646044
5219.1 194.4637806750834
5219.4 500.9852869436145
5219.7 395.5153726041317
5220.0 576.3290858537657
5220.3 494.25080128759146
5220.6 478.529664978385
5220.9 549.0442708916962
5221.2 370.59895361959934
5221.5 462.2295252941549
5221.8 360.6535719335079
5222.1 309.36749785672873
5222.4 484.9765758998692
5222.7 291.44912204518914
5223.0 250.23222327511758
5223.3 337.0998998954892
5223.6 448.16889956220984
5223.9 184.45306948199868
5224.2 450.16463358700275
5224.5 429.23404970765114
5224.8 291.28315284848213
5225.1 331.59924539749045
5225.4 389.3274907171726
5225.7 498.47468688338995
5226.0 342.8017153441906
5226.3 414.61930147279054
5226.6 473.38137759268284
5226.9 476.6997618675232
5227.2 530.8337928205729
5227.5 476.61042396724224
5227.8 277.55913159251213
5228.1 357.8038346543908
5228.4 426.2242394685745
5228.7 427.4747898671776
5229.0 503.8196865627542
5229.3 469.79133226466365
5229.6 401.43721295299474
5229.9 692.4092137515545
5230.2 428.5111946128309
5230.5 383.70729130879045
5230.8 494.7132543027401
5231.1 284.86997504904866
5231.4 408.4321398958564
5231.7 472.23245319724083
5232.0 365.5538935549557
5232.3 184.01287368871272
5232.6 320.2118149390444
5232.9 436.1244179010391
5233.2 327.0091620925814
5233.5 370.41791357594775
5233.8 527.0954779852182
5234.1 484.9055082947016
5234.4 358.8529505133629
5234.7 387.03810743428767
5235.0 219.74030004441738
5235.3 459.9248173907399
5235.6 234.9938134374097
5235.9 543.7642483487725
5236.2 360.65738378465176
5236.5 435.5238423468545
5236.8 357.5292981341481
5237.1 495.7014233134687
5237.4 518.1176937073469
5237.7 367.96200525481254
5238.0 559.8885465860367
5238.3 527.1635630130768
5238.6 344.87507824599743
5238.9 528.741457275115
5239.2 231.52314776182175
5239.5 332.52836365252733
5239.8 223.59436173038557
5240.1 446.1187831745483
5240.4 395.9261940792203
5240.7 257.3407766316086
5241.0 322.1181684806943
5241.3 141.50617990922183
5241.6 201.6836587637663
5241.9 475.9111775904894
5242.2 135.2127156816423
5242.5 280.16563245654106
5242.8 152.32484900951385
5243.1 394.0348714888096
5243.4 280.9041682779789
5243.7 379.853905685246
5244.0 284.90029332600534
5244.3 448.6367983967066
5244.6 420.541963532567
5244.9 373.4321507513523
5245.2 316.9343920946121
5245.5 334.7929649092257
5245.8 456.1080482453108
5246.1 349.4854243323207
5246.4 383.41756697651
5246.7 592.9739102385938
5247.0 324.167248532176
5247.3 405.74989276379347
5247.6 531.7660656869411
5247.9 244.0967864766717
5248.2 402.69863741565496
5248.5 395.58263021335006
5248.8 518.8465871810913
5249.1 665.7045483253896
5249.4 562.0250139981508
5249.7 449.20169768482447
5250.0 259.06086827255785
5250.3 550.2304518297315
5250.6 541.7989696215373
5250.9 164.73525308072567
5251.2 227.08969402872026
5251.5 571.3383658193052
5251.8 661.9755788445473
5252.1 271.5967247458757
5252.4 405.6147990375757
5252.7 203.53667706996202
5253.0 359.1964476229623
5253.3 214.8217150568962
5253.6 518.6994116641581
5253.9 307.59680242836475
5254.2 242.67080553993583
5254.5 254.42070340598002
5254.8 240.36572151165456
5255.1 213.24796083569527
5255.4 471.07424879074097
5255.7 468.4997293557972
5256.0 270.39797196537256
5256.3 112.33109328243881
5256.6 352.50607427122304
5256.9 285.3833872564137
5257.2 625.7620565295219
5257.5 394.54882686957717
5257.8 320.59891498088837
5258.1 540.856625571847
5258.4 391.5432377643883
5258.7 119.81978967785835
5259.0 597.7588515840471
5259.3 504.97410605754703
5259.6 322.04873219132423
5259.9 439.1235640645027
5260.2 676.1024188399315
5260.5 546.2172715887427
5260.8 477.14291602373123
5261.1 617.2999481856823
5261.4 424.252478774637
5261.7 263.72363060340285
5262.0 539.9893403053284
5262.3 630.6062734005973
5262.6 394.5515658929944
5262.9 402.583957567811
5263.2 546.7299475916661
5263.5 513.2847656058148
5263.8 589.1171042006463
5264.1 645.7433584667742
5264.4 604.3838961794972
5264.7 223.30071376264095
5265.0 440.67377456091344
5265.3 589.1084577739239
5265.6 390.2379280477762
5265.9 314.6868494004011
5266.2 332.3317485926673
5266.5 397.215738799423
5266.8 448.5780985355377
5267.1 397.9243638962507
5267.4 611.7802502140403
5267.7 344.25505656935275
5268.0 304.8433887846768
5268.3 88.75557454675436
5268.6 215.0374964028597
5268.9 530.9154626056552
5269.2 271.9131862819195
5269.5 378.67034300230443
5269.8 545.0806486904621
5270.1 133.23295295238495
5270.4 473.310969799757
5270.7 392.2263529486954
5271.0 589.2468781918287
5271.3 302.0303736310452
5271.6 258.30598516762257
5271.9 338.4245535284281
5272.2 599.5055358931422
5272.5 97.79298404417932
5272.8 612.6038739010692
5273.1 494.63484175503254
5273.4 282.8604284748435
5273.7 324.876830291003
5274.0 97.20777594298124
5274.3 291.3694330956787
5274.6 241.90212841704488
5274.9 313.48380521684885
5275.2 578.9558624923229
5275.5 398.213423544541
5275.8 379.50711746513844
5276.1 453.49638366512954
5276.4 353.50859401375055
5276.7 355.1354854106903
5277.0 207.0884465612471
5277.3 321.1323700482026
5277.6 402.56028842926025
5277.9 344.33951040543616
5278.2 295.89628970623016
5278.5 141.96916937828064
5278.8 492.3819032907486
5279.1 287.5706768259406
5279.4 259.2079211398959
5279.7 95.09024804644287
5280.0 -138.70163361611776
5280.3 181.9241350227967
5280.6 361.98280292749405
5280.9 298.3139094351791
5281.2 48.53914105705917
5281.5 365.3369411751628
5281.8 370.2574878782034
5282.1 125.8444081172347
5282.4 289.3603519797325
5282.7 519.7399810478091
5283.0 257.9070288389921
5283.3 362.1371399909258
5283.6 262.3745439052582
5283.9 346.7541446387768
5284.2 753.0223866254091
5284.5 337.3571194987744
5284.8 320.5834746863693
5285.1 529.0933979358524
5285.4 318.7168348841369
5285.7 189.52740257559344
5286.0 606.199485450983
5286.3 540.7082667257637
5286.6 350.37650460004807
5286.9 418.5052986610681
5287.2 443.9079452021979
5287.5 557.5029713660479
5287.8 719.6087313424796
5288.1 441.82101321965456
5288.4 581.8052155077457
5288.7 128.82753941754345
5289.0 664.4521741867065
5289.3 556.7892148345709
5289.6 248.58250385522842
5289.9 318.5956637794152
5290.2 227.88280717283487
5290.5 650.0708632543683
5290.8 711.2755836248398
5291.1 467.45321774855256
5291.4 582.7985993754119
5291.7 395.5168494693935
5292.0 293.6707058772445
5292.3 247.2849466353655
5292.6 328.2500542923808
5292.9 793.2867024242878
5293.2 320.35125459264964
5293.5 349.3697814568877
5293.8 530.6463685929775
5294.1 595.2526799477637
5294.4 444.2725283578038
5294.7 255.44372831285
5295.0 658.3804219830781
5295.3 319.38841197267175
5295.6 683.4771433267742
5295.9 293.3840692229569
5296.2 372.5883419290185
5296.5 530.2886625882238
5296.8 476.95232773572206
5297.1 328.9496171809733
5297.4 556.8815842419863
5297.7 458.7411351427436
5298.0 338.909660898149
5298.3 545.7626995965838
5298.6 333.1020424515009
5298.9 279.2220278142486
5299.2 464.27460058405995
5299.5 85.88247714182944
5299.8 438.7179432287812
5300.1 642.8798542097211
5300.4 504.23141716001555
5300.7 330.42043602094054
5301.0 231.78003384172916
5301.3 679.4581296294928
5301.6 483.16644067689776
5301.9 590.8933229222894
5302.2 609.4095079526305
5302.5 178.98560947552323
5302.8 326.5676349848509
5303.1 374.1492301914841
5303.4 529.0199778266251
5303.7 246.4761654138565
5304.0 446.20191353932023
5304.3 332.37804032862186
5304.6 449.3047349442495
5304.9 717.3428040866274
5305.2 581.3049426041543
5305.5 396.21130795776844
5305.8 166.59489156492054
5306.1 644.3402762338519
5306.4 310.05067148059607
5306.7 408.36568596959114
5307.0 230.94978258013725
5307.3 502.3401934169233
5307.6 155.0032747834921
5307.9 551.3843257054687
5308.2 300.474767588079
5308.5 583.886398717761
5308.8 -99.21906458213925
5309.1 547.8207798451185
5309.4 186.98477724194527
5309.7 139.08361652493477
5310.0 429.0769768571481
5310.3 299.22225161641836
5310.6 606.2973713129759
5310.9 131.96639209613204
5311.2 228.72523229476064
5311.5 415.0786240324378
5311.8 265.1568729504943
5312.1 223.31276267766953
5312.4 106.38175930082798
5312.7 463.98232878372073
5313.0 98.4581828713417
5313.3 339.53998529165983
5313.6 515.0980757698417
5313.9 83.98837971687317
5314.2 124.23977602273226
5314.5 150.95166412740946
5314.8 377.43145793955773
5315.1 21.641128338873386
5315.4 141.0422526448965
5315.7 148.87043319642544
5316.0 -97.484783064574
5316.3 198.1960602849722
5316.6 -207.4927235543728
5316.9 50.416666358709335
5317.2 -81.99551125243306
5317.5 436.290867716074
5317.8 504.5658520683646
5318.1 37.836136147379875
5318.4 -5.967909529805183
5318.7 396.21054680645466
5319.0 181.0086296647787
5319.3 240.30286666750908
5319.6 238.0489128306508
5319.9 -23.38499066233635
5320.2 594.4151304960251
5320.5 -8.206938743591309
5320.8 260.21932542324066
5321.1 -231.31481635570526
5321.4 -239.55475425720215
5321.7 181.25442867353559
5322.0 -70.17403554916382
5322.3 41.90632653236389
5322.6 -66.70585606992245
5322.9 0.0
5323.2 0.0
5323.5 0.0
5323.8 0.0
5324.1 0.0
5324.4 0.0
5324.7 0.0
5325.0 0.0
5325.3 0.0
5325.6 0.0
5325.9 0.0
5326.2 0.0
5326.5 0.0
5326.8 0.0
5327.1 0.0
5327.4 0.0
5327.7 0.0
5328.0 0.0
5328.3 0.0
5328.6 0.0
5328.9 0.0
5329.2 0.0
5329.5 0.0
5329.8 0.0
