6165.0 0.0
6165.3 0.0
6165.6 0.0
6165.9 0.0
6166.2 0.0
6166.5 0.0
6166.8 0.0
6167.1 0.0
6167.4 0.0
6167.7 0.0
6168.0 0.0
6168.3 0.0
6168.6 0.0
6168.9 0.0
6169.2 0.0
6169.5 0.0
6169.8 0.0
6170.1 0.0
6170.4 0.0
6170.7 0.0
6171.0 0.0
6171.3 0.0
6171.6 0.0
6171.9 0.0
6172.2 0.0
6172.5 0.0
6172.8 0.0
6173.1 0.0
6173.4 0.0
6173.7 0.0
6174.0 0.0
6174.3 0.0
6174.6 0.0
6174.9 0.0
6175.2 0.0
6175.5 0.0
6175.8 0.0
6176.1 0.0
6176.4 0.0
6176.7 0.0
6177.0 0.0
6177.3 0.0
6177.6 0.0
6177.9 0.0
6178.2 0.0
6178.5 7.860834121704102
6178.8 -40.84117102622986
6179.1 -66.64477378129959
6179.4 -52.2684480547905
6179.7 221.51313400268555
6180.0 81.12277519702911
6180.3 22.187126219272614
6180.6 -7.583625793457031
6180.9 -44.15826666355133
6181.2 -84.85499322414398
6181.5 75.9801721572876
6181.8 26.382555544376373
6182.1 -117.82099950313568
6182.4 -34.20378875732422
6182.7 -63.597424030303955
6183.0 -90.47577565908432
6183.3 93.0332156419754
6183.6 389.61331075429916
6183.9 218.3044395148754
6184.2 287.1159661002457
6184.5 136.92622131109238
6184.8 378.27283573150635
6185.1 -100.43810123205185
6185.4 -397.54561042785645
6185.7 140.7014089692384
6186.0 145.84245037753135
6186.3 39.719921231269836
6186.6 180.1784676015377
6186.9 208.7969852485694
6187.2 -86.64012297987938
6187.5 -498.4629453159869
6187.8 -148.64888901263475
6188.1 157.47497786581516
6188.4 -220.75345467031002
6188.7 -323.7746288627386
6189.0 -114.49276439100504
6189.3 -65.82376815751195
6189.6 -133.90250384807587
6189.9 283.2840763628483
6190.2 150.78795635700226
6190.5 -59.34364922530949
6190.8 142.50974734127522
6191.1 76.61486842483282
6191.4 175.0011330023408
6191.7 -109.06224228441715
6192.0 -85.87899545580149
6192.3 -190.01732285879552
6192.6 53.13547041080892
6192.9 -315.14754819869995
6193.2 -76.51353767514229
6193.5 -36.630681682378054
6193.8 57.449430257081985
6194.1 120.58649069815874
6194.4 105.58701430261135
6194.7 -376.97000870108604
6195.0 206.8129344023764
6195.3 360.30033856630325
6195.6 231.01094189705327
6195.9 -6.311228364706039
6196.2 -132.99383714795113
6196.5 155.53879019618034
6196.8 93.94286550953984
6197.1 11.931810877285898
6197.4 135.30312245711684
6197.7 -308.5610881745815
6198.0 -175.1689261496067
6198.3 -176.4804047625512
6198.6 -22.999329026788473
6198.9 370.52700681239367
6199.2 2.520570397377014
6199.5 11.394258543848991
6199.8 408.05535808205605
6200.1 364.51652613282204
6200.4 -177.95859936252236
6200.7 -228.94349879398942
6201.0 -97.96522389398888
6201.3 -402.37218422442675
6201.6 129.99665701016784
6201.9 26.834975600242615
6202.2 -793.4746200442314
6202.5 -467.9265260845423
6202.8 -23.80613087117672
6203.1 185.99178886413574
6203.4 359.8264229763299
6203.7 -150.72311875224113
6204.0 0.08715831488370895
6204.3 -224.88780437828973
6204.6 -104.94004366546869
6204.9 -72.68419596739113
6205.2 -76.4023435562849
6205.5 213.3648213148117
6205.8 188.59523667767644
6206.1 28.940256988542387
6206.4 -246.67995971255004
6206.7 -249.78695490956306
6207.0 82.66795635223389
6207.3 95.24873400107026
6207.6 0.4614628255367279
6207.9 157.89783181250095
6208.2 101.96532265841961
6208.5 -228.08015608787537
6208.8 -3.2189021930098534
6209.1 -46.04616824560799
6209.4 106.7369703501463
6209.7 126.68439351022243
6210.0 -240.5050408244133
6210.3 -75.40648779273033
6210.6 -236.79128846060485
6210.9 57.02105808444321
6211.2 -124.48754379153252
6211.5 -49.037163347005844
6211.8 -99.78327560424805
6212.1 -8.310787826776505
6212.4 185.36853237450123
6212.7 -93.27961229905486
6213.0 282.51735007949173
6213.3 26.147512286901474
6213.6 -111.5525906868279
6213.9 34.95997756719589
6214.2 338.30710835009813
6214.5 -2.63835596293211
6214.8 -25.024848341941833
6215.1 -40.16242503002286
6215.4 158.75311172008514
6215.7 360.863902797224
6216.0 15.811573311686516
6216.3 -56.99389838054776
6216.6 -151.6772702485323
6216.9 -420.4817889928818
6217.2 21.719982136040926
6217.5 -79.38342503458261
6217.8 39.85738178342581
6218.1 -206.71748787164688
6218.4 -374.23087893240154
6218.7 -196.99187633395195
6219.0 -116.9607360586524
6219.3 -148.17297799140215
6219.6 -321.3740611001849
6219.9 -152.56051436066628
6220.2 -4.633255751803517
6220.5 -237.85253250598907
6220.8 -483.43906243145466
6221.1 -156.89267303049564
6221.4 -815.4060664325953
6221.7 -701.6458640992641
6222.0 79.05179361253977
6222.3 -314.9781409725547
6222.6 -312.6147852689028
6222.9 10.871834818273783
6223.2 124.11305665969849
6223.5 188.56141285598278
6223.8 -73.6472339630127
6224.1 -184.79838252998888
6224.4 110.94387401267886
6224.7 -165.5035730600357
6225.0 -413.0222188606858
6225.3 1.258042685687542
6225.6 -25.96023945696652
6225.9 -121.31997746601701
6226.2 232.27464973926544
6226.5 130.90971789509058
6226.8 77.7451880602166
6227.1 38.403181195259094
6227.4 -206.74245275184512
6227.7 -47.19258125126362
6228.0 82.57416700571775
6228.3 -23.87967385724187
6228.6 -116.44602151587605
6228.9 -91.80795350670815
6229.2 -50.72274935245514
6229.5 -29.145611494779587
6229.8 99.93178937584162
6230.1 -152.13744983822107
6230.4 181.12682638131082
6230.7 143.81224432587624
6231.0 150.8119879066944
6231.3 196.54718517512083
6231.6 -172.3957363665104
6231.9 -228.4625710695982
6232.2 290.87392116710544
6232.5 98.59907417744398
6232.8 -56.459923043847084
6233.1 -378.0171879529953
6233.4 -230.44749395549297
6233.7 -786.9395434185863
6234.0 -424.1309997662902
6234.3 151.5146145299077
6234.6 -183.12342888116837
6234.9 -264.82147727534175
6235.2 -174.28080821037292
6235.5 -1031.603784263134
6235.8 -818.9213524311781
6236.1 -586.9044841527939
6236.4 -326.54353915154934
6236.7 -305.9504080079496
6237.0 108.9268142208457
6237.3 -307.0725412815809
6237.6 204.25154360570014
6237.9 93.70991775393486
6238.2 -83.86712008435279
6238.5 378.4323068410158
6238.8 17.97537426650524
6239.1 154.6841187775135
6239.4 320.3831165097654
6239.7 -51.49942174553871
6240.0 -141.83888183534145
6240.3 37.88256122171879
6240.6 -75.26303620263934
6240.9 -282.0952011048794
6241.2 -243.11495077610016
6241.5 134.31977459508926
6241.8 -20.467380866408348
6242.1 -221.96187214518432
6242.4 -13.724852472543716
6242.7 66.09643317013979
6243.0 -272.289992980659
6243.3 -356.9202048331499
6243.6 -217.40600414015353
6243.9 89.46037474274635
6244.2 -300.41950439452194
6244.5 244.46152897179127
6244.8 -179.52243584021926
6245.1 -427.90415115840733
6245.4 -272.7024520933628
6245.7 -124.31198991090059
6246.0 204.62841417454183
6246.3 198.0716259777546
6246.6 129.12628159299493
6246.9 -29.89933453500271
6247.2 141.6873181834817
6247.5 257.7834314033389
6247.8 -294.99912475422025
6248.1 60.8765708450228
6248.4 35.08565267920494
6248.7 -113.48919694498181
6249.0 102.04011864960194
6249.3 102.42616003006697
6249.6 -322.9664318598807
6249.9 4.101616278290749
6250.2 116.38017838448286
6250.5 -204.6995923370123
6250.8 -255.49475368857384
6251.1 -220.46080835163593
6251.4 345.4669278860092
6251.7 368.1796760261059
6252.0 -145.4230495840311
6252.3 -388.91040828824043
6252.6 324.12918347259983
6252.9 113.4448567898944
6253.2 -236.68717628717422
6253.5 -12.256186932325363
6253.8 201.07787168957293
6254.1 164.60205136053264
6254.4 137.47206955216825
6254.7 82.94220792362466
6255.0 -108.24217852950096
6255.3 -368.860643774271
6255.6 -153.78546702116728
6255.9 -54.88488891720772
6256.2 -51.25152260660252
6256.5 -385.9165184684098
6256.8 -275.11642125993967
6257.1 -394.2484380174428
6257.4 -1843.0518288612366
6257.7 -1496.804624259472
6258.0 250.51285669207573
6258.3 119.20895754545927
6258.6 -133.12213787436485
6258.9 52.48408863693476
6259.2 -145.72767014801502
6259.5 -259.25836507976055
6259.8 -220.67279243469238
6260.1 239.26411836594343
6260.4 -318.79325872659683
6260.7 -255.1485723145306
6261.0 -72.87134063988924
6261.3 -194.96391616761684
6261.6 343.41238313913345
6261.9 -207.7825230844319
6262.2 -361.61367181688547
6262.5 -63.393766555935144
6262.8 282.8933181464672
6263.1 50.776239978615195
6263.4 62.839644122868776
6263.7 315.004286352545
6264.0 290.88201773166656
6264.3 259.1830198317766
6264.6 20.872952433303
6264.9 -294.63105726987123
6265.2 33.65113573521376
6265.5 40.79310471564531
6265.8 50.24613346066326
6266.1 -145.3590608537197
6266.4 235.1654200144112
6266.7 312.18724523484707
6267.0 377.4688301791466
6267.3 155.02832891047
6267.6 199.48879474960268
6267.9 -62.71948719024658
6268.2 -109.30290731787682
6268.5 -192.79057198762894
6268.8 -240.3410965204239
6269.1 -85.2482827976346
6269.4 -210.83725935034454
6269.7 357.83172953675967
6270.0 154.53941939771175
6270.3 -62.68192854523659
6270.6 138.7270828038454
6270.9 234.54104760289192
6271.2 69.64335111156106
6271.5 -83.98625348054338
6271.8 80.48787979409099
6272.1 -46.061138927936554
6272.4 -18.552214043214917
6272.7 1.4761757850646973
6273.0 -93.10266128927469
6273.3 -21.295900464057922
6273.6 242.66302433609962
6273.9 249.43079087883234
6274.2 34.647011500783265
6274.5 127.25470332801342
6274.8 -21.652848795056343
6275.1 104.82986039668322
6275.4 -252.8512245863676
6275.7 -244.51407097280025
6276.0 210.14809493720531
6276.3 153.8700104728341
6276.6 -13.873837001621723
6276.9 228.43046455830336
6277.2 261.6768808886409
6277.5 50.91049648076296
6277.8 22.790409594774246
6278.1 196.2873195372522
6278.4 267.41908494383097
6278.7 138.9956724140793
6279.0 -12.306191798299551
6279.3 182.4359102640301
6279.6 6.194774564355612
6279.9 258.64409006293863
6280.2 291.0005679675378
6280.5 2.25098430365324
6280.8 28.589686006307602
6281.1 9.450237449258566
6281.4 55.45577982068062
6281.7 270.1563249626197
6282.0 258.2268297970295
6282.3 213.5478796735406
6282.6 343.2346628084779
6282.9 114.64465623348951
6283.2 -50.56247294321656
6283.5 -106.045735090971
6283.8 -214.5788317322731
6284.1 -379.96712700277567
6284.4 102.73432198911905
6284.7 156.5149413049221
6285.0 176.9045220464468
6285.3 544.0238736197352
6285.6 378.9536139667034
6285.9 308.21532513201237
6286.2 213.82272467017174
6286.5 222.37123435735703
6286.8 -853.8150329589844
6287.1 -914.4206445962191
6287.4 82.14131804183125
6287.7 -195.72964169085026
6288.0 -166.55448910593987
6288.3 165.9850743189454
6288.6 -64.07461756467819
6288.9 43.46689386665821
6289.2 242.27334108948708
6289.5 369.31613935530186
6289.8 101.66961837559938
6290.1 265.90849474817514
6290.4 309.1523403376341
6290.7 76.87705801054835
6291.0 -95.63648951798677
6291.3 -62.7981203943491
6291.6 285.0278924703598
6291.9 116.17690946161747
6292.2 -153.52230671048164
6292.5 -116.61918702349067
6292.8 -27.87522131204605
6293.1 -250.94998931139708
6293.4 -100.42057443037629
6293.7 -60.47951997630298
6294.0 40.14528310112655
6294.3 101.31858263164759
6294.6 -79.77083551883698
6294.9 -12.793965032324195
6295.2 -269.2779378630221
6295.5 -247.74437083303928
6295.8 145.01181209087372
6296.1 14.492556229233742
6296.4 -155.40486273914576
6296.7 -231.010541010648
6297.0 -224.03993418812752
6297.3 179.68119134008884
6297.6 -140.80002359300852
6297.9 -729.6100575625896
6298.2 -189.0159005522728
6298.5 -421.02532717213035
6298.8 -3617.616789340973
6299.1 3919.941936045885
6299.4 6172.071673929691
6299.7 -37819.149559020996
6300.0 -43504.581802368164
6300.3 2967.3577478528023
6300.6 6538.392663359642
6300.9 -3091.7025656998158
6301.2 -802.6162133216858
6301.5 -344.61180552840233
6301.8 -379.0204807370901
6302.1 -90.45548087358475
6302.4 235.65470637381077
6302.7 -70.48171941936016
6303.0 -39.51994667202234
6303.3 -1.3055958356708288
6303.6 -297.4312720429152
6303.9 -257.2868347992189
6304.2 256.76454582065344
6304.5 57.689113683998585
6304.8 -365.12560845166445
6305.1 1.2617496997117996
6305.4 -38.942625775933266
6305.7 -208.23526630178094
6306.0 23.706504706293344
6306.3 -996.9997134208679
6306.6 -1031.466750472784
6306.9 320.78231739997864
6307.2 -11.394326850771904
6307.5 -73.25041434541345
6307.8 221.62149100517854
6308.1 40.075660675764084
6308.4 -59.359852865338326
6308.7 166.8460886273533
6309.0 -372.2227651774883
6309.3 -10.750997565686703
6309.6 113.19882453978062
6309.9 144.28993371129036
6310.2 426.1859544310719
6310.5 157.16298983991146
6310.8 38.08116513490677
6311.1 343.90294331870973
6311.4 1.7215293124318123
6311.7 310.3962337374687
6312.0 386.47935788333416
6312.3 339.7885281816125
6312.6 36.02313571795821
6312.9 180.1075110733509
6313.2 191.8282033558935
6313.5 275.4050918207504
6313.8 134.58435206487775
6314.1 41.337817907333374
6314.4 80.63234181702137
6314.7 57.94951258506626
6315.0 -74.28654129058123
6315.3 106.58419172291178
6315.6 458.5707457959652
6315.9 37.27273715287447
6316.2 277.52470929920673
6316.5 141.7693121805787
6316.8 171.3434917256236
6317.1 346.7311631292105
6317.4 -112.6066518817097
6317.7 194.8308038879186
6318.0 -161.88837738055736
6318.3 -179.7859979532659
6318.6 113.95180694013834
6318.9 -45.30068877711892
6319.2 -174.0398459751159
6319.5 170.519563049078
6319.8 184.71477080136538
6320.1 381.3587050437927
6320.4 267.87572698295116
6320.7 -108.66409815475345
6321.0 -512.1270661056042
6321.3 416.924563549459
6321.6 382.2151314765215
6321.9 -48.37769981473684
6322.2 577.150966823101
6322.5 -89.58732768893242
6322.8 -369.85035559535027
6323.1 48.09777618944645
6323.4 -29.23791980324313
6323.7 -116.22887191921473
6324.0 21.47477220185101
6324.3 199.7120520696044
6324.6 283.06017853319645
6324.9 246.711925894022
6325.2 -47.801719043403864
6325.5 405.9865011870861
6325.8 342.4307685792446
6326.1 74.21662241220474
6326.4 -27.998621300794184
6326.7 129.75031831115484
6327.0 176.07691805064678
6327.3 22.882493421435356
6327.6 154.59647027030587
6327.9 -118.54847778007388
6328.2 46.16971290111542
6328.5 -50.791553393006325
6328.8 179.64357447624207
6329.1 -526.5149815548211
6329.4 -1034.0512781515718
6329.7 -222.49004290997982
6330.0 161.06029883027077
6330.3 -128.25981226563454
6330.6 -34.759370658546686
6330.9 316.40855318680406
6331.2 345.0066533610225
6331.5 242.00870357453823
6331.8 170.98909769952297
6332.1 376.71012976020575
6332.4 63.78725504875183
6332.7 -102.7666782066226
6333.0 -243.32059333845973
6333.3 -58.21342893689871
6333.6 33.264786982908845
6333.9 92.65142764151096
6334.2 225.6381475329399
6334.5 172.30831211805344
6334.8 89.48175429087132
6335.1 336.23715775460005
6335.4 365.6100379265845
6335.7 -166.61237352900207
6336.0 85.86150222737342
6336.3 25.312539346516132
6336.6 48.60658721998334
6336.9 -81.81172725558281
6337.2 420.0004972219467
6337.5 136.0028057023883
6337.8 6.368030369281769
6338.1 -249.00093963602558
6338.4 -38.18174655735493
6338.7 -96.15450168401003
6339.0 73.99165178835392
6339.3 139.0308900475502
6339.6 129.87359531968832
6339.9 -249.41779880598187
6340.2 -34.525407668203115
6340.5 -75.55253419280052
6340.8 73.58352159708738
6341.1 -124.67411781102419
6341.4 182.26662266254425
6341.7 32.384556859731674
6342.0 118.74684735387564
6342.3 122.05863101780415
6342.6 -271.0397443547845
6342.9 -15.10098346695304
6343.2 9.752625159919262
6343.5 451.4069665931165
6343.8 207.96975669264793
6344.1 373.03473380208015
6344.4 337.77002743817866
6344.7 -73.02052544988692
6345.0 -153.32521831989288
6345.3 -211.39198139868677
6345.6 166.28814028203487
6345.9 335.58789426088333
6346.2 18.589552864432335
6346.5 213.74685327522457
6346.8 108.68400055915117
6347.1 180.13881347328424
6347.4 -8.798098020255566
6347.7 214.3305336534977
6348.0 15.483096525073051
6348.3 -448.9350608885288
6348.6 -114.95472138933837
6348.9 338.2718597948551
6349.2 388.2376888394356
6349.5 411.8429449647665
6349.8 115.74164755642414
6350.1 92.88029714673758
6350.4 131.83463129401207
6350.7 168.25560105592012
6351.0 28.909078179858625
6351.3 89.64288973808289
6351.6 -128.8244423866272
6351.9 -32.83794962987304
6352.2 264.97874617762864
6352.5 -19.029082011431456
6352.8 312.2015807926655
6353.1 57.688769079744816
6353.4 404.9834246337414
6353.7 471.7357686124742
6354.0 228.26024436950684
6354.3 296.7338802777231
6354.6 -78.33016919344664
6354.9 -244.61277143657207
6355.2 -19.441089391708374
6355.5 37.170260570943356
6355.8 -147.63918301463127
6356.1 184.35225224494934
6356.4 454.77899946272373
6356.7 363.9450680781156
6357.0 259.83401430398226
6357.3 267.3239281773567
6357.6 440.78139359503984
6357.9 527.5643156468868
6358.2 448.2906055301428
6358.5 253.6102589443326
6358.8 -88.56833390519023
6359.1 362.5160604454577
6359.4 152.52977257594466
6359.7 169.8617429062724
6360.0 630.1983966231346
6360.3 280.99286966974614
6360.6 102.96627225354314
6360.9 539.3274910412729
6361.2 125.13863296248019
6361.5 -218.83589189499617
6361.8 79.54073067009449
6362.1 -149.99269653856754
6362.4 -1946.7363339662552
6362.7 2662.8809331953526
6363.0 -2807.8036143779755
6363.3 -13407.433471679688
6363.6 -5676.484521150589
6363.9 4719.501850157976
6364.2 -670.0301603078842
6364.5 -479.16407646611333
6364.8 111.29415011405945
6365.1 -328.8701533637941
6365.4 -11.47612477093935
6365.7 201.35097867250443
6366.0 133.21724059060216
6366.3 110.43099363148212
6366.6 462.9352515414357
6366.9 222.22599156200886
6367.2 455.47279443591833
6367.5 209.95868819206953
6367.8 190.20337780751288
6368.1 170.58621978759766
6368.4 23.085819924250245
6368.7 107.25969604495913
6369.0 145.30211990326643
6369.3 286.8954343078949
6369.6 -40.81825646571815
6369.9 345.62188283354044
6370.2 120.55846743285656
6370.5 182.7023277906701
6370.8 426.38359808921814
6371.1 245.39408821053803
6371.4 146.29690916836262
6371.7 -13.912907161284238
6372.0 70.39089392498136
6372.3 90.66499176062644
6372.6 105.08231223374605
6372.9 2.085638225544244
6373.2 157.51846387982368
6373.5 -199.12423088029027
6373.8 102.692491710186
6374.1 260.8610467966646
6374.4 108.12051573395729
6374.7 165.4838759340346
6375.0 329.10279359668493
6375.3 277.8518606433645
6375.6 -2.9888455122709274
6375.9 229.35215030424297
6376.2 218.46725387871265
6376.5 64.70524853095412
6376.8 279.8798873722553
6377.1 521.0485846996307
6377.4 639.2236974313855
6377.7 236.38537139818072
6378.0 336.330963306129
6378.3 100.16692498978227
6378.6 59.00639486312866
6378.9 62.43929676711559
6379.2 287.8529434502125
6379.5 172.77394852414727
6379.8 555.7777778543532
6380.1 460.01167399436235
6380.4 325.34516552090645
6380.7 544.595198020339
6381.0 301.03874875605106
6381.3 243.21005648002028
6381.6 622.1258111521602
6381.9 427.60334112495184
6382.2 346.8807286322117
6382.5 472.76091861724854
6382.8 -171.943183042109
6383.1 61.936311423778534
6383.4 274.3323000147939
6383.7 159.4246234484017
6384.0 333.9934081621468
6384.3 542.4446073770523
6384.6 275.0724432617426
6384.9 66.45009167084936
6385.2 346.37331821676344
6385.5 148.1089044958353
6385.8 226.41869181394577
6386.1 -119.8867353843525
6386.4 248.21611051389482
6386.7 61.04234468191862
6387.0 -108.11422713287175
6387.3 289.51847948133945
6387.6 70.33345336467028
6387.9 82.41516015678644
6388.2 -18.273511440958828
6388.5 216.0520795620978
6388.8 -8.156688839197159
6389.1 424.7082893997431
6389.4 378.6854055840522
6389.7 119.68952850997448
6390.0 163.50131104700267
6390.3 444.1049816682935
6390.6 607.1297208415344
6390.9 333.20819401554763
6391.2 282.1673672609031
6391.5 429.80494870245457
6391.8 310.2535499744117
6392.1 221.70230937376618
6392.4 185.7453970758943
6392.7 181.25924938172102
6393.0 426.9475336065516
6393.3 41.725925251841545
6393.6 30.952205339446664
6393.9 411.0473838597536
6394.2 187.59790800511837
6394.5 259.9608341604471
6394.8 208.58997009694576
6395.1 223.77638375759125
6395.4 133.52355498448014
6395.7 253.58063989132643
6396.0 92.04755851626396
6396.3 385.099758066237
6396.6 314.3692837674171
6396.9 223.99520508944988
6397.2 183.19781130552292
6397.5 255.04533970355988
6397.8 53.712367087602615
6398.1 -63.69178072921932
6398.4 157.92863745987415
6398.7 168.95829756557941
6399.0 168.82807413488626
6399.3 368.56865589134395
6399.6 566.9786193240434
6399.9 371.27603736147285
6400.2 278.851186349988
6400.5 331.80056038312614
6400.8 287.160101339221
6401.1 89.0412740111351
6401.4 444.069074888248
6401.7 194.23763210047036
6402.0 228.3080085562542
6402.3 80.9505013525486
6402.6 174.79240696690977
6402.9 -1.1697032451629639
6403.2 177.68980914354324
6403.5 278.9984385147691
6403.8 537.0670265704393
6404.1 332.67195177078247
6404.4 361.38633681461215
6404.7 327.68078058958054
6405.0 235.02497706376016
6405.3 258.02033418416977
6405.6 -134.0434822072275
6405.9 -292.78873309493065
6406.2 307.3544028401375
6406.5 259.40496748685837
6406.8 450.01050044829026
6407.1 353.5613099299371
6407.4 161.85360708460212
6407.7 332.0664860755205
6408.0 289.70361095294356
6408.3 470.8888466991484
6408.6 209.0250358353369
6408.9 292.84535831213
6409.2 344.6428160816431
6409.5 234.4394589997828
6409.8 488.8588017523289
6410.1 461.5579315274954
6410.4 308.93567572534084
6410.7 479.16913221776485
6411.0 218.57027395442128
6411.3 487.29108279570937
6411.6 381.9872302748263
6411.9 243.83202078938484
6412.2 270.1612842399627
6412.5 35.60291285812855
6412.8 174.5654969215393
6413.1 690.1004268825054
6413.4 153.66360184550285
6413.7 -37.15167245268822
6414.0 183.2966995118186
6414.3 461.1504349708557
6414.6 428.9684888571501
6414.9 536.7716587111354
6415.2 304.74632988870144
6415.5 377.5265852510929
6415.8 373.44046954624355
6416.1 169.71646574139595
6416.4 392.8499517655
6416.7 292.74051870405674
6417.0 419.72280605882406
6417.3 484.9712592214346
6417.6 431.56609757244587
6417.9 528.5226332135499
6418.2 516.1674297065474
6418.5 172.62757534720004
6418.8 449.80430439300835
6419.1 451.1450613886118
6419.4 502.53599722869694
6419.7 124.3076808154583
6420.0 141.73018248844892
6420.3 191.0909330099821
6420.6 160.2188523975201
6420.9 214.08060663938522
6421.2 179.19837131351233
6421.5 247.94257801771164
6421.8 317.03589334338903
6422.1 330.578073464334
6422.4 357.86825124919415
6422.7 427.56901474669576
6423.0 262.8376842215657
6423.3 523.2050084397197
6423.6 334.6632964462042
6423.9 53.20334070920944
6424.2 346.3937190026045
6424.5 354.1213150918484
6424.8 260.77810080815107
6425.1 73.58988162875175
6425.4 456.6801521629095
6425.7 512.2747750468552
6426.0 450.5625520199537
6426.3 237.0301061924547
6426.6 374.66257862374187
6426.9 356.49545665085316
6427.2 366.2549070082605
6427.5 353.72024379856884
6427.8 312.6759118065238
6428.1 271.9897395372391
6428.4 369.9255636201706
6428.7 601.3165230602026
6429.0 488.96898551657796
6429.3 540.781281132251
6429.6 874.9193831831217
6429.9 248.52403589338064
6430.2 235.9509628266096
6430.5 409.057579302229
6430.8 314.6325201392174
6431.1 69.70958485081792
6431.4 442.4753407537937
6431.7 275.23694172129035
6432.0 347.4775176346302
6432.3 223.63862348347902
6432.6 270.19718644581735
6432.9 633.3675571009517
6433.2 439.3234746456146
6433.5 672.6756613627076
6433.8 280.56108874082565
6434.1 327.2821935713291
6434.4 256.07551589235663
6434.7 242.95826629921794
6435.0 469.6526169627905
6435.3 161.62553965300322
6435.6 640.4675383940339
6435.9 825.398397192359
6436.2 338.429059445858
6436.5 129.41326941747684
6436.8 125.00299604982138
6437.1 212.9879097044468
6437.4 17.063798770308495
6437.7 389.3551396653056
6438.0 397.2123755812645
6438.3 233.82717086933553
6438.6 0.2281639277935028
6438.9 179.46310912258923
6439.2 244.99263885617256
6439.5 131.76126543432474
6439.8 215.70378851518035
6440.1 338.85598800703883
6440.4 96.62420880049467
6440.7 285.8953239098191
6441.0 255.8438870422542
6441.3 469.67492216452956
6441.6 348.8680654615164
6441.9 271.5159888267517
6442.2 251.51468879543245
6442.5 -89.43047215789557
6442.8 256.1282228156924
6443.1 -165.74562532268465
6443.4 283.51425263285637
6443.7 479.0718508400023
6444.0 221.6650494299829
6444.3 570.7480061724782
6444.6 362.3563114255667
6444.9 169.2720240484923
6445.2 366.0124070048332
6445.5 502.3412872850895
6445.8 91.41653741151094
6446.1 291.998352737166
6446.4 364.4579813480377
6446.7 346.1431631781161
6447.0 234.46913846954703
6447.3 558.7996337153018
6447.6 349.2572606857866
6447.9 451.4427812695503
6448.2 216.96284164488316
6448.5 232.82281278073788
6448.8 279.32665324769914
6449.1 218.26995920017362
6449.4 448.01164418272674
6449.7 161.17639615386724
6450.0 275.96986332535744
6450.3 26.040019281208515
6450.6 114.25652350485325
6450.9 51.91679859161377
6451.2 313.143075466156
6451.5 440.6448110975325
6451.8 543.199500888586
6452.1 394.3329732567072
6452.4 360.94394828379154
6452.7 100.99663437902927
6453.0 502.1111445426941
6453.3 451.20482461713254
6453.6 161.82377524394542
6453.9 529.4784092567861
6454.2 466.7149189412594
6454.5 227.44429759681225
6454.8 204.74967992305756
6455.1 482.05131675489247
6455.4 389.2001337483525
6455.7 506.5791573934257
6456.0 507.2729482966679
6456.3 510.82035169005394
6456.6 509.36012154631317
6456.9 59.784634955227375
6457.2 327.22319408506155
6457.5 380.4066646397114
6457.8 350.00604298710823
6458.1 300.71207431703806
6458.4 110.03904492035508
6458.7 330.30648989230394
6459.0 420.99157025292516
6459.3 192.36319605633616
6459.6 315.34576108306646
6459.9 512.4065409451723
6460.2 600.5863136127591
6460.5 388.4117413982749
6460.8 550.9269543886185
6461.1 531.66948633641
6461.4 326.44080579280853
6461.7 299.33674486353993
6462.0 504.78832411020994
6462.3 -8.847093347460032
6462.6 500.1048282086849
6462.9 443.17678512912244
6463.2 -233.77481734380126
6463.5 376.1971643194556
6463.8 567.6895242407918
6464.1 355.72840305790305
6464.4 183.84783221036196
6464.7 -117.09964988008142
6465.0 339.75061810482293
6465.3 317.6800892651081
6465.6 390.35160944610834
6465.9 1032.5525905191898
6466.2 300.07953402400017
6466.5 392.6359539721161
6466.8 381.4754267055541
6467.1 146.50530139543116
6467.4 251.88660728931427
6467.7 418.244730964303
6468.0 215.6474123597145
6468.3 529.4664847739041
6468.6 518.3569738566875
6468.9 425.50107629597187
6469.2 535.9230732619762
6469.5 283.8169971704483
6469.8 60.23776564374566
6470.1 702.8646416664124
6470.4 -58.43664812296629
6470.7 175.61224596947432
6471.0 597.302429497242
6471.3 290.88170040026307
6471.6 423.2984465509653
6471.9 565.7823816239834
6472.2 808.6819693762809
6472.5 332.25810914486647
6472.8 235.67107667028904
6473.1 442.6329998411238
6473.4 174.80009816214442
6473.7 362.7518324474804
6474.0 485.79307410120964
6474.3 397.7549129463732
6474.6 456.396591976285
6474.9 563.201857060194
6475.2 184.180050291121
6475.5 186.34824429824948
6475.8 270.13476383686066
6476.1 765.4020493775606
6476.4 541.6598907485604
6476.7 189.64863919094205
6477.0 116.77752355486155
6477.3 502.48016553372145
6477.6 450.02941121160984
6477.9 517.9401246830821
6478.2 485.6594395637512
6478.5 311.5031106993556
6478.8 457.51307283341885
6479.1 481.6863208077848
6479.4 442.07054601609707
6479.7 558.4833179116249
6480.0 422.78245037794113
6480.3 449.66360488533974
6480.6 396.71993324533105
6480.9 416.91692984104156
6481.2 205.67594026774168
6481.5 391.93124366004486
6481.8 451.2727327644825
6482.1 579.1384196542203
6482.4 564.0171014666557
6482.7 400.5583716966212
6483.0 554.2718804478645
6483.3 647.9296240508556
6483.6 449.6374444812536
6483.9 404.93894272018224
6484.2 440.1178825646639
6484.5 568.4474433809519
6484.8 402.48964320123196
6485.1 416.09023293852806
6485.4 629.4153005033731
6485.7 516.2797116488218
6486.0 651.0033622980118
6486.3 649.9114669132978
6486.6 669.2279099822044
6486.9 606.1532066464424
6487.2 560.6187771707773
6487.5 123.93779810518026
6487.8 234.01627714466304
6488.1 168.3399556875229
6488.4 389.47931957244873
6488.7 654.0987936481833
6489.0 473.44244335673284
6489.3 447.0129556544125
6489.6 551.1982324905694
6489.9 454.02805648744106
6490.2 292.101303123869
6490.5 197.74939783662558
6490.8 510.4933948572725
6491.1 632.1284859292209
6491.4 645.2640559151769
6491.7 650.7742963731289
6492.0 665.437701381743
6492.3 632.4132573120296
6492.6 477.5447144545615
6492.9 454.6806733608246
6493.2 417.4071622528136
6493.5 239.20458049327135
6493.8 399.8301485180855
6494.1 391.35666160658
6494.4 748.2459099292755
6494.7 687.1954915374517
6495.0 367.243042672053
6495.3 810.0898346751928
6495.6 353.7474556751549
6495.9 457.8097174614668
6496.2 158.94362866133451
6496.5 240.54388116300106
6496.8 398.05974231660366
6497.1 118.38407225813717
6497.4 154.07723352313042
6497.7 1217.5555847864598
6498.0 382.62585684936494
6498.3 -627.5627978146076
6498.6 1226.7398325614631
6498.9 1023.154789539054
6499.2 -220.54588930448517
6499.5 536.8822546005249
6499.8 602.1825449317694
6500.1 572.0681187091395
6500.4 575.378927744925
6500.7 675.2904101610184
6501.0 675.8482841169462
6501.3 456.044028269127
6501.6 383.74916160851717
6501.9 440.5375594496727
6502.2 318.876375451684
6502.5 768.1411485373974
6502.8 304.2359555196017
6503.1 437.22653929144144
6503.4 910.0338808745146
6503.7 617.0565307252109
6504.0 725.8226737491786
6504.3 543.3451620563865
6504.6 251.21389802731574
6504.9 856.774950325489
6505.2 516.3756422735751
6505.5 342.1485660970211
6505.8 679.1902775242925
6506.1 553.9520024042577
6506.4 843.0130034983158
6506.7 875.632635878399
6507.0 577.2047094404697
6507.3 744.1384908184409
6507.6 443.7753760665655
6507.9 174.04240376502275
6508.2 621.7186199706048
6508.5 309.25075976370135
6508.8 455.54793171584606
6509.1 572.4003898948431
6509.4 536.8555774949491
6509.7 300.3147085905075
6510.0 202.24786052526906
6510.3 428.7506104707718
6510.6 643.3149052895606
6510.9 672.240587413311
6511.2 569.966246753931
6511.5 391.21549947187304
6511.8 965.0909794829786
6512.1 751.197194326669
6512.4 472.7733231857419
6512.7 479.762169431895
6513.0 500.4472625348717
6513.3 328.84741742163897
6513.6 645.5195846408606
6513.9 628.5241544470191
6514.2 116.82624151557684
6514.5 712.3595510683954
6514.8 964.5486600100994
6515.1 567.5358310192823
6515.4 277.9591550678015
6515.7 429.4313805103302
6516.0 413.22186113893986
6516.3 590.3330520950258
6516.6 559.4138230159879
6516.9 771.4731463622302
6517.2 562.3267959654331
6517.5 763.5672216117382
6517.8 716.311424376443
6518.1 676.6599886119366
6518.4 576.6552757769823
6518.7 485.29678389430046
6519.0 547.3306919187307
6519.3 309.08129384741187
6519.6 692.0684731220827
6519.9 690.9158115684986
6520.2 479.05032443255186
6520.5 664.3370490465313
6520.8 679.7219053264707
6521.1 382.4306375011802
6521.4 863.2271132171154
6521.7 564.7581219021231
6522.0 720.0131384581327
6522.3 745.7081776857376
6522.6 691.9595623007044
6522.9 417.4881722778082
6523.2 449.4822952076793
6523.5 519.6482868380845
6523.8 511.22893664240837
6524.1 662.4332821592689
6524.4 383.75070299208164
6524.7 445.18158726394176
6525.0 455.12187945097685
6525.3 612.742612183094
6525.6 883.6296633183956
6525.9 663.6660160794854
6526.2 691.4384739547968
6526.5 391.7768035903573
6526.8 335.26404547225684
6527.1 550.0121741816401
6527.4 555.5256265625358
6527.7 356.24582320451736
6528.0 541.9515072489157
6528.3 504.0644920133054
6528.6 634.0114854052663
6528.9 716.7129905819893
6529.2 725.6213962407783
6529.5 210.01311990618706
6529.8 512.1626395732164
6530.1 670.9390200376511
6530.4 360.82669028639793
6530.7 567.8486138600856
6531.0 1035.1809752881527
6531.3 746.5567610189319
6531.6 145.29052326083183
6531.9 539.4942517727613
6532.2 975.071341983974
6532.5 -219.2565290518105
6532.8 382.6012597680092
6533.1 1216.1995928287506
6533.4 219.78680704534054
6533.7 647.8346107713878
6534.0 1031.3113579824567
6534.3 564.2686882801354
6534.6 415.6320153325796
6534.9 540.5260803550482
6535.2 726.7049970924854
6535.5 627.8728262856603
6535.8 429.87445847690105
6536.1 305.37426996417344
6536.4 406.3692151606083
6536.7 415.4199874550104
6537.0 780.420055443421
6537.3 588.8284449992934
6537.6 488.2674684226513
6537.9 536.8411124274135
6538.2 302.16029234975576
6538.5 288.4638870880008
6538.8 271.3984971586615
6539.1 681.3629412587616
6539.4 650.3781172037125
6539.7 562.8612889572978
6540.0 459.36176105961204
6540.3 541.773326523602
6540.6 718.5060466825962
6540.9 568.6568380817771
6541.2 631.5506462734193
6541.5 521.581619720906
6541.8 574.9944318309426
6542.1 801.3923102244735
6542.4 349.0680754072964
6542.7 219.62812604149804
6543.0 527.3258973434567
6543.3 650.9361268132925
6543.6 183.3469762802124
6543.9 978.5368691682816
6544.2 771.1458570063114
6544.5 410.06347078830004
6544.8 1115.3407740294933
6545.1 665.5789015628397
6545.4 387.45889925956726
6545.7 303.24739640951157
6546.0 414.1457373946905
6546.3 516.8413224183023
6546.6 626.7224821150303
6546.9 494.81595200300217
6547.2 468.8743723593652
6547.5 682.4021117985249
6547.8 502.6168320327997
6548.1 618.6298516113311
6548.4 463.9612302929163
6548.7 617.7290031630546
6549.0 687.648091584444
6549.3 614.2048089709133
6549.6 370.67663219571114
6549.9 470.46543630212545
6550.2 740.9057003706694
6550.5 709.8511040194426
6550.8 833.3593923449516
6551.1 552.1951097100973
6551.4 578.5850688503124
6551.7 777.9978181421757
6552.0 578.1407423093915
6552.3 400.88477015309036
6552.6 1689.975509017706
6552.9 834.5277300328016
6553.2 170.7398193925619
6553.5 1082.185647457838
6553.8 823.4585069566965
6554.1 -34.61824319977313
6554.4 464.7469056546688
6554.7 570.9883384779096
6555.0 442.1720760948956
6555.3 539.3726756423712
6555.6 791.6953273415565
6555.9 779.009262599051
6556.2 617.34285934316
6556.5 643.260258808732
6556.8 951.9422311037779
6557.1 427.19710263609886
6557.4 531.5123538784683
6557.7 505.5077195111662
6558.0 383.2351942220703
6558.3 711.3599439971149
6558.6 698.0556792616844
6558.9 704.9346950575709
6559.2 893.7107800617814
6559.5 805.9345749653876
6559.8 511.0924960002303
6560.1 608.4354003947228
6560.4 236.98427471518517
6560.7 482.0270106960088
6561.0 947.5786517933011
6561.3 595.3846405781806
6561.6 715.4524411857128
6561.9 1251.8579020239413
6562.2 287.2400727495551
6562.5 1049.8622814118862
6562.8 1321.4894344881177
6563.1 362.4655486680567
6563.4 266.8769394904375
6563.7 545.8940687924623
6564.0 680.9403840452433
6564.3 543.3918527960777
6564.6 912.8259806334972
6564.9 1013.4036272466183
6565.2 757.189768821001
6565.5 459.90400874521583
6565.8 549.592679426074
6566.1 770.1612679064274
6566.4 737.348058372736
6566.7 709.110959328711
6567.0 604.2455249782652
6567.3 440.88993559777737
6567.6 572.758019477129
6567.9 760.3689180891961
6568.2 546.8371592313051
6568.5 751.2139948755503
6568.8 712.8492675684392
6569.1 565.8170705363154
6569.4 790.562838204205
6569.7 723.290172059089
6570.0 811.0753065049648
6570.3 692.2859788760543
6570.6 425.5207155738026
6570.9 353.8713014740497
6571.2 456.95330692082644
6571.5 661.0718147307634
6571.8 611.9598927870393
6572.1 521.9673080388457
6572.4 693.0072042420506
6572.7 524.6970726209693
6573.0 602.9950173553079
6573.3 735.3694353848696
6573.6 860.5414991639555
6573.9 456.2936227321625
6574.2 732.7598089314997
6574.5 1063.9416577666998
6574.8 514.0116739310324
6575.1 673.5330409705639
6575.4 592.6509892269969
6575.7 522.0130430161953
6576.0 657.7546742223203
6576.3 1139.0499965250492
6576.6 804.8506804757053
6576.9 236.82681818678975
6577.2 1186.531336389482
6577.5 908.0834086120594
6577.8 12.62209177389741
6578.1 717.6769921779633
6578.4 838.1463507898152
6578.7 262.98789838701487
6579.0 647.4703193157911
6579.3 1042.8023469299078
6579.6 843.7763642370701
6579.9 580.0749725103378
6580.2 616.8473424948752
6580.5 436.90422573685646
6580.8 324.7407774999738
6581.1 668.401099614799
6581.4 771.0754073858261
6581.7 264.7279572142288
6582.0 495.5108972713351
6582.3 600.7964935041964
6582.6 546.6713794320822
6582.9 689.3719961345196
6583.2 425.0702694542706
6583.5 466.31782680749893
6583.8 573.0055957399309
6584.1 602.1995244473219
6584.4 369.46617302298546
6584.7 773.3207518458366
6585.0 857.0878752470016
6585.3 705.8833002448082
6585.6 789.7410981357098
6585.9 566.0980661460198
6586.2 621.3265181407332
6586.5 987.2257070541382
6586.8 574.1731115932344
6587.1 503.81027835235
6587.4 508.0094016119838
6587.7 783.5851172097027
6588.0 615.9608956426382
6588.3 769.2996281087399
6588.6 695.3822537362576
6588.9 238.4642428131774
6589.2 531.1109288372099
6589.5 669.592990797013
6589.8 790.742174834013
6590.1 791.6248695999384
6590.4 843.3948490470648
6590.7 602.1425652652979
6591.0 542.5578612759709
6591.3 755.5389085114002
6591.6 759.2402509152889
6591.9 748.9764109626412
6592.2 871.0700582563877
6592.5 841.1651356182992
6592.8 664.7855467647314
6593.1 485.1434020958841
6593.4 447.70898128673434
6593.7 709.8649738030508
6594.0 524.6549765616655
6594.3 293.3788413181901
6594.6 702.9142526760697
6594.9 579.9772996008396
6595.2 753.0724778547883
6595.5 1189.5835407972336
6595.8 895.3586549162865
6596.1 707.1900081261992
6596.4 836.118609547615
6596.7 947.5149390697479
6597.0 354.5869720429182
6597.3 716.0449777469039
6597.6 663.3942747376859
6597.9 1095.350953064859
6598.2 844.0445618331432
6598.5 610.6091774702072
6598.8 610.0724212229252
6599.1 694.5463688224554
6599.4 679.6091850064695
6599.7 574.9776275437325
6600.0 726.6592941954732
6600.3 464.02873684465885
6600.6 699.6769155710936
6600.9 937.2906463071704
6601.2 468.9001714028418
6601.5 816.4860594943166
6601.8 869.1338141560555
6602.1 663.0001127123833
6602.4 727.7589848209172
6602.7 442.99516129493713
6603.0 716.0573126077652
6603.3 1436.649353891611
6603.6 941.783629834652
6603.9 705.5639496259391
6604.2 1105.9172888807952
6604.5 481.0731338560581
6604.8 574.2521183490753
6605.1 839.564260661602
6605.4 864.363519564271
6605.7 618.8912322744727
6606.0 621.6739364638925
6606.3 666.6726892106235
6606.6 537.3342381715775
6606.9 327.999878693372
6607.2 633.8231506943703
6607.5 709.5807087700814
6607.8 570.1369502134621
6608.1 401.187807649374
6608.4 578.2215287685394
6608.7 570.3761368095875
6609.0 432.2021876499057
6609.3 754.54614405334
6609.6 675.8735046833754
6609.9 837.7754047065973
6610.2 770.2544868700206
6610.5 725.376986593008
6610.8 462.46212124079466
6611.1 571.8499478287995
6611.4 609.0603298842907
6611.7 586.7440343685448
6612.0 898.7795189134777
6612.3 595.2452179566026
6612.6 699.0153321623802
6612.9 643.6310757696629
6613.2 559.6654801517725
6613.5 756.7942695245147
6613.8 782.6426875665784
6614.1 505.4772145152092
6614.4 838.6077552624047
6614.7 525.7597702182829
6615.0 749.6159668790642
6615.3 629.5492327511311
6615.6 650.1389690935612
6615.9 774.5134261772037
6616.2 391.4810417294502
6616.5 664.7220289851539
6616.8 995.9610928818583
6617.1 752.9521720409393
6617.4 754.0735469087958
6617.7 680.1827966421843
6618.0 962.0021457672119
6618.3 941.7562198340893
6618.6 819.379512552172
6618.9 711.7542955786921
6619.2 767.2442122735083
6619.5 692.6339270491153
6619.8 909.3871922120452
6620.1 855.3603239078075
6620.4 262.31143807806075
6620.7 548.4096468947828
6621.0 782.6664936691523
6621.3 502.5726373195648
6621.6 636.7365348599851
6621.9 679.4138219431043
6622.2 733.2919470258057
6622.5 697.9231960847974
6622.8 734.8984678983688
6623.1 722.0816569328308
6623.4 843.8334114030004
6623.7 942.0157892107964
6624.0 817.4266025684774
6624.3 731.1961815170944
6624.6 752.061242416501
6624.9 529.3638014495373
6625.2 830.0849303007126
6625.5 910.5983958467841
6625.8 940.012164849788
6626.1 636.9966027140617
6626.4 855.7050918415189
6626.7 972.856980457902
6627.0 808.3393476465717
6627.3 555.5205036327243
6627.6 579.4157487303019
6627.9 660.6469159424305
6628.2 535.4450903125107
6628.5 669.9794098958373
6628.8 696.2864931374788
6629.1 696.2132673412561
6629.4 589.2293275166303
6629.7 560.3885805010796
6630.0 901.8019898980856
6630.3 498.2484137862921
6630.6 471.1784328427166
6630.9 735.6741422712803
6631.2 830.0030450373888
6631.5 668.8588155210018
6631.8 657.6358381509781
6632.1 941.7802454382181
6632.4 963.4669216424227
6632.7 493.1124337017536
6633.0 527.4709476456046
6633.3 690.6800021603703
6633.6 927.2646020054817
6633.9 621.0492293769494
6634.2 890.2123034209944
6634.5 642.4107938054949
6634.8 581.0346234664321
6635.1 781.9676004052162
6635.4 806.428929284215
6635.7 742.7206424772739
6636.0 912.1121860742569
6636.3 951.6730785518885
6636.6 1102.2238465665723
6636.9 1187.7399062365294
6637.2 1171.7759329378605
6637.5 1260.3558973371983
6637.8 1332.341361016035
6638.1 1165.204510346055
6638.4 1130.259504955262
6638.7 722.0098607465625
6639.0 484.5161943882704
6639.3 471.0799854323268
6639.6 520.3446091226942
6639.9 589.3126472760923
6640.2 876.2815440371633
6640.5 956.4641575217247
6640.8 723.0884124338627
6641.1 814.3531457781792
6641.4 1143.916470201686
6641.7 990.4605868458748
6642.0 933.0063771307468
6642.3 978.2855300307274
6642.6 749.8096748143435
6642.9 701.790493354667
6643.2 819.3276490289718
6643.5 428.0351571366191
6643.8 700.6682691127062
6644.1 917.7650540471077
6644.4 774.0347394775599
6644.7 321.41997915506363
6645.0 574.6318283379078
6645.3 774.4790988843888
6645.6 690.2987890467048
6645.9 923.7418688833714
6646.2 843.4039154350758
6646.5 816.1303796321154
6646.8 847.3912665918469
6647.1 517.8693163990974
6647.4 774.9041744098067
6647.7 762.3478626981378
6648.0 651.5155319254845
6648.3 542.4949275348336
6648.6 551.222469843924
6648.9 349.76478523015976
6649.2 417.88063049153425
6649.5 545.84550973773
6649.8 729.3227138370275
6650.1 1014.225571423769
6650.4 977.0652576503344
6650.7 1301.4281735494733
6651.0 1594.6621642559767
6651.3 2034.670081615448
6651.6 2568.5240533053875
6651.9 2940.3036648333073
6652.2 2989.5281539708376
6652.5 2654.9419068470597
6652.8 1893.8978793621063
6653.1 1513.5822841376066
6653.4 1420.607932858169
6653.7 861.2930196374655
6654.0 1564.122070064419
6654.3 1197.3107674717903
6654.6 899.6885447353125
6654.9 1027.9848968833685
6655.2 693.4652516320348
6655.5 821.1731969919056
6655.8 802.1979979258031
6656.1 574.8493670411408
6656.4 747.1878698468208
6656.7 881.8858136236668
6657.0 1041.3068676050752
6657.3 785.4640281200409
6657.6 832.7399623095989
6657.9 832.6542093437165
6658.2 726.490740891546
6658.5 940.9526746124029
6658.8 550.4246982833138
6659.1 876.8266977071762
6659.4 858.6481333877891
6659.7 983.7702246457338
6660.0 1044.033952601254
6660.3 752.4265717142262
6660.6 572.6220186054707
6660.9 693.5684365443885
6661.2 865.20052523911
6661.5 918.079930334352
6661.8 901.0276048779488
6662.1 825.9674980267882
6662.4 431.4082882143557
6662.7 328.54789431393147
6663.0 423.6120134294033
6663.3 348.67336048930883
6663.6 346.7664337679744
6663.9 485.870892893523
6664.2 381.7762971967459
6664.5 324.0336075015366
6664.8 395.25170427560806
6665.1 349.93045300245285
6665.4 362.5077890455723
6665.7 595.3082619458437
6666.0 501.0809581875801
6666.3 476.95460464805365
6666.6 765.8711359770969
6666.9 766.9681203216314
6667.2 411.2765179425478
6667.5 751.173685438931
6667.8 499.40401200950146
6668.1 618.3965535089374
6668.4 386.8881959579885
6668.7 670.0344717726111
6669.0 812.2942696548998
6669.3 628.6006690114737
6669.6 712.900199489668
6669.9 945.6562265604734
6670.2 873.4548622965813
6670.5 736.3540609171614
6670.8 848.9524812400341
6671.1 980.1690542697906
6671.4 765.9295158050954
6671.7 1105.161538630724
6672.0 1378.5505482628942
6672.3 1366.3978469595313
6672.6 1770.3144691549242
6672.9 1909.8215476721525
6673.2 1685.0107573270798
6673.5 1308.3691910170019
6673.8 902.7254850827157
6674.1 903.8242595791817
6674.4 954.5165937058628
6674.7 636.525149229914
6675.0 1124.1392768919468
6675.3 1051.768609996885
6675.6 839.9442795775831
6675.9 763.435847453773
6676.2 941.8135934025049
6676.5 700.0484592914581
6676.8 742.8953189998865
6677.1 781.6278669834137
6677.4 469.2150550466031
6677.7 897.708189830184
6678.0 803.7333034276962
6678.3 1074.8631815314293
6678.6 1059.410679668188
6678.9 705.455896615982
6679.2 1087.6296122074127
6679.5 649.6241212934256
6679.8 769.6995998620987
6680.1 859.6101840436459
6680.4 1307.655227407813
6680.7 1137.2366326451302
6681.0 756.95053222766
6681.3 749.4666655510664
6681.6 819.9806172549725
6681.9 894.236578732729
6682.2 895.7838744223118
6682.5 1222.4787203669548
6682.8 941.9060252606869
6683.1 622.60856123548
6683.4 1021.5756404995918
6683.7 730.9563081040978
6684.0 931.130990922451
6684.3 822.4192586820573
6684.6 446.94721889682114
6684.9 1246.8087010458112
6685.2 558.7470070552081
6685.5 549.9890858083963
6685.8 605.3614036142826
6686.1 660.2420710548759
6686.4 597.0860806675628
6686.7 754.6738508492708
6687.0 796.2226808294654
6687.3 380.6992222033441
6687.6 587.5453501418233
6687.9 531.0576632674783
6688.2 861.4528790712357
6688.5 718.6789914891124
6688.8 605.3703556805849
6689.1 668.0568662313744
6689.4 608.3060137480497
6689.7 969.288609057432
6690.0 1137.1302971541882
6690.3 576.4942211210728
6690.6 694.8418674841523
6690.9 689.133952498436
6691.2 661.9150002971292
6691.5 974.8077053427696
6691.8 1023.4194722399116
6692.1 1078.9343934357166
6692.4 1159.224248751998
6692.7 857.4765362739563
6693.0 602.5060970708728
6693.3 824.4254542887211
6693.6 951.7887464165688
6693.9 893.7409148812294
6694.2 760.4590380489826
6694.5 834.5670458376408
6694.8 594.2186044938862
6695.1 822.6905615460128
6695.4 753.5607359874994
6695.7 767.0366267859936
6696.0 843.0440987721086
6696.3 1106.8054636716843
6696.6 941.5142356157303
6696.9 895.4371101073921
6697.2 827.8445352986455
6697.5 874.5473921895027
6697.8 939.8997672200203
6698.1 1181.8897965550423
6698.4 1035.9632899686694
6698.7 845.8953613257036
6699.0 859.5106166563928
6699.3 919.4772263467312
6699.6 872.3876352272928
6699.9 747.3317270725965
6700.2 752.0498767495155
6700.5 659.2978840768337
6700.8 899.7364114671946
6701.1 694.7545575872064
6701.4 694.4835939314216
6701.7 788.9598874747753
6702.0 843.7367630153894
6702.3 695.0934698581696
6702.6 881.9941137433052
6702.9 795.1944116055965
6703.2 962.6637610420585
6703.5 828.1211348474026
6703.8 728.0657609403133
6704.1 792.4444657638669
6704.4 767.605766415596
6704.7 1070.618542343378
6705.0 992.7587192058563
6705.3 650.5807888954878
6705.6 760.8481142483652
6705.9 624.6496929079294
6706.2 840.1452490091324
6706.5 1052.645090546459
6706.8 991.2419739067554
6707.1 855.6932540275156
6707.4 983.8365900665522
6707.7 1048.5568140596151
6708.0 831.9596396386623
6708.3 858.199979506433
6708.6 938.6827270686626
6708.9 658.4894093871117
6709.2 676.7157505080104
6709.5 804.1615639925003
6709.8 624.0188944414258
6710.1 808.3467331118882
6710.4 577.9629829649348
6710.7 797.5904455184937
6711.0 750.7873505949974
6711.3 774.0717942416668
6711.6 627.6936223953962
6711.9 848.4310675263405
6712.2 833.4077678322792
6712.5 651.1782782301307
6712.8 539.5554666593671
6713.1 918.2013123929501
6713.4 985.8467901945114
6713.7 756.3794203698635
6714.0 865.4773688390851
6714.3 1028.5006819367409
6714.6 717.9307008907199
6714.9 596.7156582064927
6715.2 688.1374432221055
6715.5 881.4763127863407
6715.8 745.8749584853649
6716.1 800.2037863954902
6716.4 819.4747032243758
6716.7 667.1671076379716
6717.0 708.3194415066391
6717.3 693.44217222929
6717.6 912.0926838517189
6717.9 1038.218632940203
6718.2 958.0913807824254
6718.5 852.3498676717281
6718.8 712.1300604455173
6719.1 1026.8659658040851
6719.4 923.3073651278391
6719.7 791.996081866324
6720.0 762.7414676621556
6720.3 858.8501850366592
6720.6 692.3276542127132
6720.9 826.1193651556969
6721.2 756.5985168628395
6721.5 733.7981348335743
6721.8 1013.9876953661442
6722.1 874.5947095006704
6722.4 799.4634665586054
6722.7 908.0370625257492
6723.0 924.1680405354564
6723.3 1046.545684054494
6723.6 732.7205769568682
6723.9 711.255881279707
6724.2 578.7678042259067
6724.5 650.6462297864491
6724.8 639.9777663946152
6725.1 755.7841856479645
6725.4 1115.637986421585
6725.7 1103.3542440384626
6726.0 1372.5701549351215
6726.3 1360.216975569725
6726.6 962.2551004439592
6726.9 922.3143428824842
6727.2 697.0281415060163
6727.5 867.8057355284691
6727.8 685.1265651639551
6728.1 882.8352890560636
6728.4 930.5624718368053
6728.7 1308.7493724226952
6729.0 748.7954716533422
6729.3 763.5016276836395
6729.6 988.2523655742407
6729.9 571.6355243772268
6730.2 1137.1911751329899
6730.5 785.9300928413868
6730.8 855.9375907629728
6731.1 1105.482951939106
6731.4 707.4720612782985
6731.7 997.1771973669529
6732.0 1154.3404537439346
6732.3 1237.8076410591602
6732.6 1409.0706794857979
6732.9 1209.5727135241032
6733.2 982.5314146131277
6733.5 853.9522500727326
6733.8 954.4867808949202
6734.1 844.4945740178227
6734.4 928.5846806392074
6734.7 844.4037567414343
6735.0 700.8601571600884
6735.3 794.9321790784597
6735.6 924.5845393240452
6735.9 842.6179401874542
6736.2 511.6818315014243
6736.5 725.684818983078
6736.8 741.5229438915849
6737.1 833.1786595135927
6737.4 853.6212400458753
6737.7 826.7603463567793
6738.0 749.2217494752258
6738.3 593.5778091624379
6738.6 431.5733893364668
6738.9 454.21193665266037
6739.2 789.6913096010685
6739.5 1050.8950898945332
6739.8 940.7706100791693
6740.1 872.4564660554752
6740.4 1030.365562736988
6740.7 723.1750133782625
6741.0 730.9945494057611
6741.3 742.2321616709232
6741.6 912.4685634374619
6741.9 855.9723957227543
6742.2 1150.0400071591139
6742.5 1079.174932807684
6742.8 878.2693610489368
6743.1 1053.2571842567995
6743.4 733.6800109520555
6743.7 1028.4725959002972
6744.0 949.6285931766033
6744.3 910.9315251559019
6744.6 1121.536902796477
6744.9 865.5602003000677
6745.2 890.6721189618111
6745.5 936.9259431362152
6745.8 709.8799369521439
6746.1 1085.3891496220604
6746.4 967.0995486080647
6746.7 1195.9493984989822
6747.0 1019.0981247425079
6747.3 856.9027938991785
6747.6 1055.564349912107
6747.9 1052.7301694452763
6748.2 845.4327052682638
6748.5 850.4490921348333
6748.8 692.3433177033439
6749.1 739.6777214417234
6749.4 629.7563265953213
6749.7 1109.4790984019637
6750.0 824.3885710164905
6750.3 995.7289938777685
6750.6 729.5342145860195
6750.9 976.8436253964901
6751.2 949.0518836975098
6751.5 602.7857173457742
6751.8 1003.8707321733236
6752.1 980.8571005761623
6752.4 967.4096810221672
6752.7 783.6908920891583
6753.0 1041.644042931497
6753.3 960.4933796077967
6753.6 703.1279907003045
6753.9 955.9998463094234
6754.2 1034.1564849140123
6754.5 822.8838013466448
6754.8 1025.9219734370708
6755.1 909.7548242807388
6755.4 1042.40072286129
6755.7 1028.0383354499936
6756.0 708.7022803872824
6756.3 1097.213725745678
6756.6 891.8355557816103
6756.9 937.6716579422355
6757.2 1097.707015991211
6757.5 929.57729588449
6757.8 878.378987532109
6758.1 1054.7980675697327
6758.4 872.8292198032141
6758.7 1296.119971420616
6759.0 554.905104264617
6759.3 819.6754867136478
6759.6 958.68622790277
6759.9 664.9853038862348
6760.2 945.4443413466215
6760.5 1058.7199313044548
6760.8 764.1054710894823
6761.1 889.0481080636382
6761.4 1058.6693959832191
6761.7 1053.6063215658069
6762.0 741.1207704469562
6762.3 897.6742643713951
6762.6 881.6569979339838
6762.9 1018.4324543774128
6763.2 1053.0115485191345
6763.5 890.7414280176163
6763.8 1112.8970433659852
6764.1 803.9236105307937
6764.4 1026.2786826491356
6764.7 1176.4769918359816
6765.0 842.1232638508081
6765.3 1113.2815200984478
6765.6 981.9528567194939
6765.9 1026.1394605487585
6766.2 872.1229472756386
6766.5 738.823410961777
6766.8 837.044058887288
6767.1 857.2028412297368
6767.4 737.0115420222282
6767.7 837.3117262441665
6768.0 888.9245358929038
6768.3 925.8689471315593
6768.6 1275.6012474298477
6768.9 942.7586159035563
6769.2 1022.1472513228655
6769.5 943.0876678228378
6769.8 797.6153137385845
6770.1 725.6728248670697
6770.4 1136.1605741381645
6770.7 1242.674407362938
6771.0 835.8657868281007
6771.3 737.5605254545808
6771.6 1081.4212645292282
6771.9 997.2416740953922
6772.2 660.257923161611
6772.5 1128.5406954288483
6772.8 1165.0420744419098
6773.1 911.3519023507833
6773.4 829.4241651780903
6773.7 933.4163920879364
6774.0 865.6229754686356
6774.3 1190.6402410790324
6774.6 782.011635132134
6774.9 1001.3522722870111
6775.2 724.1028283014894
6775.5 1092.903117775917
6775.8 873.863831281662
6776.1 1038.3421284854412
6776.4 1103.719007447362
6776.7 967.5081717930734
6777.0 1106.3001371994615
6777.3 920.2710237875581
6777.6 819.4228070285171
6777.9 769.9652748089284
6778.2 805.0238984972239
6778.5 991.06830663234
6778.8 1220.0368879288435
6779.1 861.3534389808774
6779.4 846.7505605705082
6779.7 797.5439191311598
6780.0 770.4327748855576
6780.3 976.6887183785439
6780.6 572.5054114162922
6780.9 858.4157459437847
6781.2 1042.0960302352905
6781.5 645.1693941950798
6781.8 917.9615966379642
6782.1 1000.7115083150566
6782.4 955.9153436124325
6782.7 1081.2107087168843
6783.0 813.1128339562565
6783.3 968.2226222157478
6783.6 1020.2669606655836
6783.9 1112.7703106850386
6784.2 943.158525198698
6784.5 1074.994627982378
6784.8 910.0829930305481
6785.1 851.8786137625575
6785.4 1145.4522266834974
6785.7 1100.622095733881
6786.0 976.4732167646289
6786.3 782.8668603003025
6786.6 674.7616075351834
6786.9 802.1811681240797
6787.2 874.5258103050292
6787.5 1058.0721865445375
6787.8 667.7162290811539
6788.1 963.1666971519589
6788.4 808.2177673019469
6788.7 958.7954337550327
6789.0 795.1466994583607
6789.3 693.3646181970835
6789.6 1068.3085950613022
6789.9 1347.6093374490738
6790.2 971.4783403873444
6790.5 1067.881283627823
6790.8 977.779689617455
6791.1 1109.7115936875343
6791.4 1090.552179545164
6791.7 1133.4363142969087
6792.0 849.0735593289137
6792.3 968.2214378714561
6792.6 953.501466318965
6792.9 1122.04616362229
6793.2 1057.415157392621
6793.5 1159.4689095169306
6793.8 1163.998026639223
6794.1 572.0735220760107
6794.4 1212.228040665388
6794.7 950.9617792014033
6795.0 483.22222259640694
6795.3 855.2297500111163
6795.6 934.7399098873138
6795.9 1201.5378621816635
6796.2 1200.281556174159
6796.5 784.3687361737248
6796.8 1039.3091559261084
6797.1 1173.757511049509
6797.4 901.3709448669106
6797.7 724.5945243090391
6798.0 960.4350947625935
6798.3 917.82820995152
6798.6 1042.60074955225
6798.9 814.0623597209342
6799.2 991.6476644650102
6799.5 768.6683506667614
6799.8 1051.400539264083
6800.1 1050.2673969492316
6800.4 1123.3859366178513
6800.7 1095.9993075206876
6801.0 1249.8033375516534
6801.3 1232.7007136195898
6801.6 1055.9323198460042
6801.9 1080.021922275424
6802.2 672.319999486208
6802.5 788.3458676636219
6802.8 1158.9972242712975
6803.1 1211.2138763666153
6803.4 889.8481251522899
6803.7 1007.1910051256418
6804.0 786.6852417141199
6804.3 702.8951690793037
6804.6 1095.1179499700665
6804.9 642.7922600507736
6805.2 794.6672212854028
6805.5 953.0911134472117
6805.8 672.6394825167954
6806.1 980.6885204017162
6806.4 727.937263943255
6806.7 939.8818099051714
6807.0 1010.8117181509733
6807.3 1235.5270951390266
6807.6 1289.7836783230305
6807.9 1156.7416560091078
6808.2 1209.0047287456691
6808.5 1740.1501623913646
6808.8 1477.5126567482948
6809.1 1160.4409374892712
6809.4 991.4183853417635
6809.7 742.1151537150145
6810.0 854.4794408008456
6810.3 890.1309066414833
6810.6 1004.3171833008528
6810.9 1102.9429666399956
6811.2 893.677095618099
6811.5 797.3928774297237
6811.8 991.9103590250015
6812.1 664.7395498007536
6812.4 1136.671037554741
6812.7 1149.8329188227654
6813.0 930.7887504398823
6813.3 1094.0629874709994
6813.6 863.4359652251005
6813.9 969.1699961163104
6814.2 1018.4718555174768
6814.5 1144.5920882970095
6814.8 976.063793066889
6815.1 692.6604030281305
6815.4 977.6588934063911
6815.7 621.8448453918099
6816.0 569.8703450262547
6816.3 1051.09761435166
6816.6 974.6135245412588
6816.9 1107.9923261106014
6817.2 864.3033451139927
6817.5 1065.5147484932095
6817.8 964.4700475931168
6818.1 1188.7081187963486
6818.4 1248.1159926503897
6818.7 1067.32095053792
6819.0 1209.2363552898169
6819.3 1043.5895234942436
6819.6 1086.8170052319765
6819.9 1134.921339392662
6820.2 1019.162757396698
6820.5 999.1495407801121
6820.8 761.6865636762232
6821.1 765.781115822494
6821.4 725.3022672533989
6821.7 614.2280409229425
6822.0 781.9754633137491
6822.3 938.8643686249852
6822.6 650.9854057431221
6822.9 1139.4737299382687
6823.2 1118.9703348502517
6823.5 1090.507203914225
6823.8 1161.8479888290167
6824.1 1110.480504333973
6824.4 871.1831926107407
6824.7 837.5555852074176
6825.0 733.5384021867067
6825.3 921.4888341724873
6825.6 1145.84463596344
6825.9 671.7973698657006
6826.2 454.9001243337989
6826.5 -123.178830049932
6826.8 272.4873191229999
6827.1 739.187810242176
6827.4 1240.357752352953
6827.7 1832.1660687923431
6828.0 1000.085343003273
6828.3 458.5187885276973
6828.6 -264.05693914182484
6828.9 -97.74884340167046
6829.2 1727.9345326423645
6829.5 3599.9899213314056
6829.8 5178.241978164762
6830.1 4653.780164361
6830.4 3239.4268419891596
6830.7 2022.6157738864422
6831.0 1375.8191747665405
6831.3 778.2225336767733
6831.6 944.3848409354687
6831.9 940.3004694283009
6832.2 1046.769139111042
6832.5 508.8662901595235
6832.8 441.4801571518183
6833.1 -499.2950363755226
6833.4 -1221.6715422682464
6833.7 -844.6695612370968
6834.0 1539.108564130962
6834.3 3381.139865666628
6834.6 5126.055732190609
6834.9 4524.140315502882
6835.2 3012.3026463128626
6835.5 1930.854169100523
6835.8 1046.9659248404205
6836.1 1224.4885316863656
6836.4 649.1129190176725
6836.7 858.3992271125317
6837.0 728.168430250138
6837.3 1095.3560987710953
6837.6 1102.141856726259
6837.9 811.652456048876
6838.2 878.0529422881082
6838.5 697.3191692531109
6838.8 577.521861217916
6839.1 626.8720045164227
6839.4 542.5482664704323
6839.7 1082.247016103007
6840.0 907.684239462018
6840.3 822.503554686904
6840.6 612.0057388693094
6840.9 132.8323147147894
6841.2 249.36818868148112
6841.5 301.2665491811931
6841.8 1374.7792858630419
6842.1 2214.286913126707
6842.4 2004.704494267702
6842.7 1768.1632713079453
6843.0 1411.6204874143004
6843.3 1255.2493378818035
6843.6 790.2709808647633
6843.9 747.5210495404899
6844.2 1145.4827133342624
6844.5 1323.9236741364002
6844.8 706.6934026405215
6845.1 479.9903790280223
6845.4 729.1652775853872
6845.7 1124.5857350453734
6846.0 1056.904854774475
6846.3 844.35378305614
6846.6 911.1794671416283
6846.9 693.6435190904886
6847.2 707.5124877989292
6847.5 1353.3685484528542
6847.8 859.389765843749
6848.1 778.7443282529712
6848.4 983.7550205290318
6848.7 966.7562508583069
6849.0 944.775458343327
6849.3 603.9287791252136
6849.6 614.1557883992791
6849.9 791.145441697241
6850.2 961.328907199204
6850.5 975.7121590971947
6850.8 916.7593366862275
6851.1 1303.7705546915531
6851.4 1402.851713359356
6851.7 893.3959920108318
6852.0 718.0277698710561
6852.3 723.9748715758324
6852.6 897.6745963841677
6852.9 740.5408012252301
6853.2 762.0616971440613
6853.5 720.0024910289794
6853.8 510.79568543471396
6854.1 817.0658059120178
6854.4 860.4472853653133
6854.7 921.5020671635866
6855.0 932.7271197587252
6855.3 1015.1871744170785
6855.6 428.18567165732384
6855.9 458.6873787753284
6856.2 1115.8763548359275
6856.5 746.9740076605231
6856.8 530.7707041203976
6857.1 1215.2393773198128
6857.4 1092.031141757965
6857.7 845.2186246439815
6858.0 445.8075572103262
6858.3 1036.049384176731
6858.6 594.8285391889513
6858.9 467.594316072762
6859.2 800.9070282839239
6859.5 866.9921195656061
6859.8 127.91756518557668
6860.1 1096.770800177008
6860.4 882.6222052574158
6860.7 1054.6981670558453
6861.0 770.8398322612047
6861.3 504.81005568802357
6861.6 568.884773939848
6861.9 -95.46922272443771
6862.2 698.9703904390335
6862.5 1604.554934643209
6862.8 -5.636018007993698
6863.1 -30.02754497528076
6863.4 1388.9764461517334
6863.7 1234.4479503631592
6864.0 2542.238706588745
6864.3 3860.5563621520996
6864.6 3857.7712059020996
6864.9 1481.4900016784668
6865.2 555.5963954925537
6865.5 557.803492128849
6865.8 310.6823012828827
6866.1 72.39561891555786
6866.4 0.0
6866.7 0.0
6867.0 0.0
6867.3 0.0
6867.6 0.0
6867.9 0.0
6868.2 0.0
6868.5 0.0
6868.8 0.0
6869.1 0.0
6869.4 0.0
6869.7 0.0
