4662.0 0.0
4662.3 0.0
4662.6 0.0
4662.9 0.0
4663.2 0.0
4663.5 0.0
4663.8 0.0
4664.1 0.0
4664.4 0.0
4664.7 0.0
4665.0 0.0
4665.3 0.0
4665.6 0.0
4665.9 0.0
4666.2 0.0
4666.5 0.0
4666.8 0.0
4667.1 0.0
4667.4 0.0
4667.7 0.0
4668.0 0.0
4668.3 0.0
4668.6 0.0
4668.9 0.0
4669.2 0.0
4669.5 0.0
4669.8 0.0
4670.1 0.0
4670.4 0.0
4670.7 0.0
4671.0 0.0
4671.3 0.0
4671.6 0.0
4671.9 0.0
4672.2 0.0
4672.5 0.0
4672.8 0.0
4673.1 0.0
4673.4 0.0
4673.7 0.0
4674.0 0.0
4674.3 0.0
4674.6 0.0
4674.9 0.0
4675.2 0.0
4675.5 0.0
4675.8 0.0
4676.1 0.0
4676.4 0.0
4676.7 0.0
4677.0 0.0
4677.3 0.0
4677.6 0.0
4677.9 0.0
4678.2 0.0
4678.5 0.0
4678.8 0.0
4679.1 0.0
4679.4 0.0
4679.7 0.0
4680.0 0.0
4680.3 0.0
4680.6 0.0
4680.9 0.0
4681.2 0.0
4681.5 0.0
4681.8 0.0
4682.1 0.0
4682.4 0.0
4682.7 0.0
4683.0 33.5300087928772
4683.3 50.699122942984104
4683.6 25.401543080806732
4683.9 237.1626672744751
4684.2 218.03819751739502
4684.5 203.07923984527588
4684.8 -105.01271137595177
4685.1 -146.47593867778778
4685.4 36.907866947352886
4685.7 455.3256884738803
4686.0 162.7881835848093
4686.3 228.85147024691105
4686.6 281.4593016207218
4686.9 303.01962769031525
4687.2 182.58155599236488
4687.5 219.9057558067143
4687.8 62.76900498196483
4688.1 10.581233449280262
4688.4 -127.52643141895533
4688.7 315.162588596344
4689.0 268.0791664198041
4689.3 276.8479805737734
4689.6 215.69512504339218
4689.9 275.4926980808377
4690.2 136.31095711141825
4690.5 125.16848739981651
4690.8 192.7529235035181
4691.1 372.60824279114604
4691.4 91.6671437472105
4691.7 232.33020804822445
4692.0 260.5944130830467
4692.3 245.2776224706322
4692.6 202.43670792412013
4692.9 192.4295921176672
4693.2 92.90945548377931
4693.5 222.28369768708944
4693.8 335.98668041825294
4694.1 284.834606140852
4694.4 207.48812457174063
4694.7 61.54210785031319
4695.0 77.54430767893791
4695.3 85.2003845537547
4695.6 131.19313217699528
4695.9 233.95872281491756
4696.2 190.13690603151917
4696.5 300.66055849939585
4696.8 481.01281374692917
4697.1 470.17616622149944
4697.4 245.2366318590939
4697.7 352.3988947570324
4698.0 290.95466308295727
4698.3 272.8271367251873
4698.6 279.8427950590849
4698.9 211.75778843462467
4699.2 137.90652587567456
4699.5 132.78126434981823
4699.8 270.2406717017293
4700.1 372.93757342887693
4700.4 410.24491680786014
4700.7 149.62315795198083
4701.0 -97.48396552726626
4701.3 194.7763626165688
4701.6 90.4878161996603
4701.9 269.01775957643986
4702.2 273.67267171293497
4702.5 376.3644276224077
4702.8 279.54114793613553
4703.1 19.360231582075357
4703.4 -24.268658965826035
4703.7 98.9813979268074
4704.0 269.39085658080876
4704.3 342.47661617584527
4704.6 221.81914485991
4704.9 44.44826578348875
4705.2 210.49349077790976
4705.5 83.39483261108398
4705.8 103.66755010187626
4706.1 120.5437943674624
4706.4 150.6884977594018
4706.7 182.23745332751423
4707.0 306.06839054077864
4707.3 307.9435071349144
4707.6 143.98521000146866
4707.9 206.29785159230232
4708.2 290.70177438110113
4708.5 264.1282560452819
4708.8 129.32611737400293
4709.1 239.99629447981715
4709.4 247.3499791622162
4709.7 128.51204757392406
4710.0 146.55479528009892
4710.3 169.52753891795874
4710.6 243.71681213751435
4710.9 68.504494138062
4711.2 240.80053015612066
4711.5 67.12091892957687
4711.8 116.1139740133658
4712.1 197.48967070505023
4712.4 131.24507066607475
4712.7 44.90205186326057
4713.0 86.71314604580402
4713.3 100.28120708465576
4713.6 173.6423446070403
4713.9 214.66211050748825
4714.2 282.7234571799636
4714.5 66.44156880676746
4714.8 57.92198968678713
4715.1 -112.73403019458055
4715.4 64.45431000739336
4715.7 124.11083084344864
4716.0 86.28141910303384
4716.3 251.84075449593365
4716.6 406.6937226220034
4716.9 460.1403115093708
4717.2 260.76957046985626
4717.5 -5.909990891814232
4717.8 334.7498095855117
4718.1 13.241700988262892
4718.4 105.09923409856856
4718.7 203.21627248823643
4719.0 120.98608645796776
4719.3 258.3427899815142
4719.6 76.92194844596088
4719.9 -70.14025985449553
4720.2 36.98789367265999
4720.5 250.337869271636
4720.8 -130.56710305064917
4721.1 -142.02906303107738
4721.4 22.622444465756416
4721.7 167.71650246158242
4722.0 -55.1683683693409
4722.3 246.22222274541855
4722.6 194.48305631056428
4722.9 91.44955016672611
4723.2 117.21799969673157
4723.5 313.24187253415585
4723.8 353.4964979477227
4724.1 249.05148646235466
4724.4 66.75797617435455
4724.7 28.470092665869743
4725.0 43.549838837236166
4725.3 308.83228935301304
4725.6 132.9586265105754
4725.9 311.26575826108456
4726.2 341.00092965364456
4726.5 322.805362790823
4726.8 93.32481635734439
4727.1 192.16637882590294
4727.4 205.753075376153
4727.7 -47.91177262365818
4728.0 97.79617064446211
4728.3 162.2260868549347
4728.6 40.553242744877934
4728.9 135.55351586267352
4729.2 122.74136018380523
4729.5 134.14777945913374
4729.8 7.674754321575165
4730.1 285.10834899544716
4730.4 221.43581883236766
4730.7 7.4270675629377365
4731.0 128.61591596901417
4731.3 101.4656689800322
4731.6 282.98942106962204
4731.9 337.8284400217235
4732.2 335.2593762949109
4732.5 327.29936930537224
4732.8 377.11865067481995
4733.1 292.87395832687616
4733.4 45.00240966444835
4733.7 9.401630714535713
4734.0 22.712448373436928
4734.3 -0.37943005561828613
4734.6 -34.22710429620929
4734.9 156.2160041332245
4735.2 -28.085519505664706
4735.5 347.328995667398
4735.8 205.6806054711342
4736.1 224.2511840313673
4736.4 491.7280870974064
4736.7 366.29296796768904
4737.0 163.64199884980917
4737.3 77.43170911073685
4737.6 -48.50055631995201
4737.9 32.93909116089344
4738.2 298.32669749855995
4738.5 129.26218570768833
4738.8 355.8139943815768
4739.1 394.2933074384928
4739.4 193.54165026638657
4739.7 208.88704895973206
4740.0 -24.50053760409355
4740.3 194.26759170740843
4740.6 226.1843305155635
4740.9 -40.301035203039646
4741.2 -43.604184314608574
4741.5 193.1183494105935
4741.8 71.04489180538803
4742.1 266.74193406663835
4742.4 425.11170092225075
4742.7 301.0208212286234
4743.0 174.29779905825853
4743.3 298.6180401444435
4743.6 -18.061166275292635
4743.9 146.2686970140785
4744.2 182.56077030301094
4744.5 -24.055468115431722
4744.8 114.72680049203336
4745.1 142.74408147623762
4745.4 103.86038095504045
4745.7 -115.8641506768763
4746.0 107.70684368908405
4746.3 -110.21219777874649
4746.6 54.98688959609717
4746.9 72.67347734002396
4747.2 150.26263075321913
4747.5 249.5182677283883
4747.8 284.0945013426244
4748.1 190.13777969777584
4748.4 188.6055964846164
4748.7 113.17526328191161
4749.0 278.82266948372126
4749.3 7.02603754401207
4749.6 113.07431289367378
4749.9 262.9721518307924
4750.2 314.5888220742345
4750.5 267.39407536387444
4750.8 341.2141058705747
4751.1 386.4064496308565
4751.4 313.7958515584469
4751.7 412.9232944995165
4752.0 261.61494443006814
4752.3 -116.95956793799996
4752.6 240.369070305489
4752.9 8.649025656282902
4753.2 -15.460740834474564
4753.5 251.59653341770172
4753.8 299.71800526976585
4754.1 -108.86383481323719
4754.4 161.06334308162332
4754.7 -272.7338507696986
4755.0 72.97645452804863
4755.3 160.76262283325195
4755.6 136.1284207723802
4755.9 111.93704476003768
4756.2 345.63936910871416
4756.5 264.4783111959696
4756.8 -14.720572082791477
4757.1 175.29335813224316
4757.4 115.6797127854079
4757.7 283.48051480948925
4758.0 -63.91567185660824
4758.3 7.8261963352561
4758.6 148.3916667206213
4758.9 261.5295788049698
4759.2 72.26783543266356
4759.5 -235.89999613258988
4759.8 -29.801563508808613
4760.1 174.19640592858195
4760.4 257.64975225552917
4760.7 123.93978616595268
4761.0 -124.24422324448824
4761.3 99.59420811757445
4761.6 150.74116784334183
4761.9 95.35110934078693
4762.2 196.84334675967693
4762.5 -11.450359979644418
4762.8 219.765404433012
4763.1 69.87894940888509
4763.4 91.35957452654839
4763.7 239.90138483047485
4764.0 166.42727603018284
4764.3 110.57866995036602
4764.6 267.92463006824255
4764.9 45.33995837997645
4765.2 60.82215131819248
4765.5 49.40748519450426
4765.8 117.39553287252784
4766.1 133.69723798334599
4766.4 321.9025018066168
4766.7 36.51123538799584
4767.0 -44.52640222012997
4767.3 116.14027690514922
4767.6 77.64068967849016
4767.9 317.1715778708458
4768.2 256.32723811268806
4768.5 287.15515642240644
4768.8 107.29165023937821
4769.1 65.9019161015749
4769.4 169.49687101971358
4769.7 270.09565767645836
4770.0 75.8070982680656
4770.3 -27.930546585470438
4770.6 367.9537962824106
4770.9 348.82667565345764
4771.2 60.699186723679304
4771.5 111.60840487480164
4771.8 228.22044706344604
4772.1 99.57702627778053
4772.4 114.32045796513557
4772.7 52.590302631258965
4773.0 -43.65163241326809
4773.3 171.21394342184067
4773.6 170.51659819483757
4773.9 223.58299981057644
4774.2 168.04712082445621
4774.5 -0.4358971267938614
4774.8 146.78695467114449
4775.1 -22.178102273494005
4775.4 228.38238756358624
4775.7 145.88892076164484
4776.0 434.58552688360214
4776.3 64.64483246207237
4776.6 -24.359632939100266
4776.9 -4.227435618638992
4777.2 39.460546772927046
4777.5 99.77303673326969
4777.8 122.08050452917814
4778.1 253.27120823413134
4778.4 47.187269140034914
4778.7 134.01430435851216
4779.0 327.21005007624626
4779.3 233.49635338783264
4779.6 27.680348843336105
4779.9 111.98785077035427
4780.2 406.41008485108614
4780.5 204.85636964440346
4780.8 192.93669505417347
4781.1 270.2609319873154
4781.4 95.13913589715958
4781.7 67.54416206292808
4782.0 102.6285155415535
4782.3 19.982496060431004
4782.6 45.16556832101196
4782.9 -85.00543475197628
4783.2 60.42654870450497
4783.5 -115.72947451472282
4783.8 -128.65598203241825
4784.1 39.293014869093895
4784.4 60.12392137572169
4784.7 111.07836973667145
4785.0 162.9877996146679
4785.3 169.75384644418955
4785.6 235.20711779408157
4785.9 321.4168394319713
4786.2 -62.773697048425674
4786.5 482.78150019422174
4786.8 77.07039700448513
4787.1 89.01009020209312
4787.4 116.37323899380863
4787.7 -142.7933688312769
4788.0 107.74963141232729
4788.3 20.00608952343464
4788.6 -128.2205925732851
4788.9 228.1712575852871
4789.2 264.91348581947386
4789.5 125.82689005229622
4789.8 386.1250533461571
4790.1 120.56098818778992
4790.4 136.50942596793175
4790.7 -119.92205493152142
4791.0 -48.39510998129845
4791.3 128.43403090536594
4791.6 2.1448711305856705
4791.9 -19.828300327062607
4792.2 109.33067690581083
4792.5 49.347798861563206
4792.8 -14.368286568671465
4793.1 42.53110828995705
4793.4 -11.616895951330662
4793.7 14.906606137752533
4794.0 -227.55808939039707
4794.3 74.23384990543127
4794.6 111.49058838374913
4794.9 52.91195170581341
4795.2 -37.86274552345276
4795.5 186.5313278120011
4795.8 159.31220749020576
4796.1 223.2620141673833
4796.4 32.47096299752593
4796.7 427.6941722333431
4797.0 174.7055240161717
4797.3 2.402078853920102
4797.6 135.79699710011482
4797.9 157.39862348884344
4798.2 267.71907168626785
4798.5 300.9438355714083
4798.8 205.46252054721117
4799.1 -90.78499075770378
4799.4 191.06750287488103
4799.7 300.83126778528094
4800.0 193.21189346909523
4800.3 161.87471835315228
4800.6 -83.62822299450636
4800.9 37.01763248350471
4801.2 8.379732304485515
4801.5 39.34863740205765
4801.8 -87.75828598812222
4802.1 133.08778907358646
4802.4 205.78565464168787
4802.7 294.61743951775134
4803.0 166.66369727253914
4803.3 52.55281664128415
4803.6 32.762377332895994
4803.9 185.58921439945698
4804.2 196.35083208233118
4804.5 151.69711197912693
4804.8 167.1349027827382
4805.1 2.3419429641216993
4805.4 168.26823529601097
4805.7 46.74295325949788
4806.0 60.61823581159115
4806.3 197.13873353600502
4806.6 279.0225016474724
4806.9 254.85307250916958
4807.2 -27.80013020336628
4807.5 98.49029724672437
4807.8 -12.951253183186054
4808.1 207.93489747866988
4808.4 363.67833233624697
4808.7 144.42469968274236
4809.0 49.71586522459984
4809.3 193.22812279313803
4809.6 102.59302569180727
4809.9 251.36734487116337
4810.2 72.07356890290976
4810.5 -42.00629897019826
4810.8 2.323896676301956
4811.1 -87.74999131867662
4811.4 36.268907635472715
4811.7 99.15402569621801
4812.0 60.37072607688606
4812.3 103.39999805390835
4812.6 -36.17859656363726
4812.9 199.21492742747068
4813.2 215.59679692983627
4813.5 256.82548344135284
4813.8 266.9864674638957
4814.1 185.72085697576404
4814.4 52.060225673019886
4814.7 100.50933510810137
4815.0 171.9546434059739
4815.3 97.6386774405837
4815.6 277.24468968063593
4815.9 45.33336170390248
4816.2 281.22983492538333
4816.5 -77.6265867613256
4816.8 93.04366552643478
4817.1 248.96414334326982
4817.4 31.81079550459981
4817.7 -16.109528936445713
4818.0 126.91804549098015
4818.3 152.60175156593323
4818.6 161.03171356022358
4818.9 -68.48867085576057
4819.2 381.8610576838255
4819.5 198.6992793381214
4819.8 297.84462559223175
4820.1 65.64406305551529
4820.4 205.65025552734733
4820.7 179.07123741065152
4821.0 -35.41285033430904
4821.3 195.9362667016685
4821.6 23.83903242647648
4821.9 105.04598933458328
4822.2 92.61604299023747
4822.5 62.2188985645771
4822.8 25.32131737470627
4823.1 242.54529114812613
4823.4 254.30681619793177
4823.7 119.73744936287403
4824.0 148.27242670953274
4824.3 115.7411045730114
4824.6 88.91893341951072
4824.9 190.55136278271675
4825.2 89.1400934457779
4825.5 362.4437485188246
4825.8 166.81724122166634
4826.1 13.833375062793493
4826.4 113.23772286437452
4826.7 -26.869456261396408
4827.0 148.61861881706864
4827.3 16.43618357926607
4827.6 151.8820834197104
4827.9 95.61857432872057
4828.2 97.83086120989174
4828.5 271.94555446505547
4828.8 450.7590261697769
4829.1 41.80818024277687
4829.4 331.94918756373227
4829.7 283.2128140926361
4830.0 335.2953198258765
4830.3 190.37529015541077
4830.6 277.5269586928189
4830.9 308.53961008787155
4831.2 131.8743695616722
4831.5 -78.35607664473355
4831.8 -100.22094003111124
4832.1 -46.371472417376935
4832.4 112.99416976235807
4832.7 69.52589607983828
4833.0 187.87774521112442
4833.3 239.82471184572205
4833.6 75.09864522516727
4833.9 53.272017310373485
4834.2 -123.07078821212053
4834.5 -161.42480224370956
4834.8 248.74341021990404
4835.1 -57.79275953024626
4835.4 13.710977356880903
4835.7 60.77018601819873
4836.0 232.78758815675974
4836.3 296.55453208088875
4836.6 284.8995847192564
4836.9 63.147302854806185
4837.2 147.3607168435119
4837.5 163.7021786980331
4837.8 -25.986584555357695
4838.1 151.02007910609245
4838.4 135.60023563355207
4838.7 83.37814433127642
4839.0 321.42116782069206
4839.3 91.58374773245305
4839.6 151.14596946537495
4839.9 189.50058566778898
4840.2 -148.391425256792
4840.5 4.45496778190136
4840.8 184.6916574947536
4841.1 207.83902157843113
4841.4 -117.68826581910253
4841.7 -117.31990237534046
4842.0 365.7085711285472
4842.3 124.32704028487206
4842.6 157.54326032102108
4842.9 376.2046712115407
4843.2 256.35276434617117
4843.5 81.83263372629881
4843.8 -9.010500229895115
4844.1 115.2016622860101
4844.4 56.948865596204996
4844.7 232.98131455481052
4845.0 167.4318218678236
4845.3 -250.58413612097502
4845.6 -59.711145548382774
4845.9 283.5961124673486
4846.2 386.76856558024883
4846.5 179.37135946005583
4846.8 104.60036516189575
4847.1 -42.87189028412104
4847.4 214.5457189977169
4847.7 167.5999169945717
4848.0 182.91861743759364
4848.3 185.33271984010935
4848.6 125.48528476804495
4848.9 161.06595028936863
4849.2 75.5910225994885
4849.5 94.06298438459635
4849.8 -62.57655194401741
4850.1 93.78848781809211
4850.4 160.18804441392422
4850.7 125.36349081993103
4851.0 183.81145986914635
4851.3 150.5898643368855
4851.6 12.030940644443035
4851.9 35.982022009789944
4852.2 144.80797531083226
4852.5 221.16022080741823
4852.8 2.7148337215185165
4853.1 -168.2957303673029
4853.4 -19.39016291499138
4853.7 287.6696308404207
4854.0 209.77151903137565
4854.3 112.28466856479645
4854.6 94.7175264772959
4854.9 -7.988384410738945
4855.2 -31.639511271379888
4855.5 -23.07506820373237
4855.8 259.1267831325531
4856.1 -10.880493059754372
4856.4 316.6462628804147
4856.7 504.95206393301487
4857.0 191.19301320239902
4857.3 22.320850234478712
4857.6 73.98822452872992
4857.9 143.76588101312518
4858.2 93.18208016827703
4858.5 88.27260912209749
4858.8 152.1222760528326
4859.1 22.15120178461075
4859.4 124.60009551048279
4859.7 -35.325954178348184
4860.0 64.30549538135529
4860.3 -70.11951622366905
4860.6 -99.47527706995606
4860.9 98.15437872707844
4861.2 172.0544169843197
4861.5 114.30593916773796
4861.8 276.05419677868485
4862.1 242.54323945567012
4862.4 135.8734887316823
4862.7 466.5895557552576
4863.0 274.6628498323262
4863.3 43.490648191422224
4863.6 289.31078547239304
4863.9 -55.26710529997945
4864.2 -44.82590642571449
4864.5 -47.84427574276924
4864.8 -54.308237224817276
4865.1 108.75376180559397
4865.4 239.38387459889054
4865.7 144.38239396945573
4866.0 130.51774141192436
4866.3 170.8976664058864
4866.6 212.8922525793314
4866.9 234.91750198602676
4867.2 47.14346710219979
4867.5 57.345759727060795
4867.8 249.26252203807235
4868.1 183.77933280915022
4868.4 127.8123598843813
4868.7 191.05042685568333
4869.0 119.59769922494888
4869.3 127.97385201603174
4869.6 -152.04585091024637
4869.9 246.87727969884872
4870.2 230.13903740048409
4870.5 215.93583825230598
4870.8 59.12009619921446
4871.1 -19.71040427312255
4871.4 34.13166240230203
4871.7 166.31413699686527
4872.0 171.45269556716084
4872.3 133.3216054737568
4872.6 134.17636602558196
4872.9 135.96321254316717
4873.2 139.87037746608257
4873.5 197.18234078586102
4873.8 309.2928233779967
4874.1 390.2663931697607
4874.4 65.28502824902534
4874.7 108.36051668226719
4875.0 227.86857404187322
4875.3 279.6073589520529
4875.6 219.72439712285995
4875.9 115.18205104768276
4876.2 -20.58193252235651
4876.5 100.66341903433204
4876.8 207.7292865179479
4877.1 272.97014842927456
4877.4 80.26823578774929
4877.7 138.14400619268417
4878.0 288.7079393742606
4878.3 303.64284581691027
4878.6 221.59356824867427
4878.9 19.071849815547466
4879.2 16.976014897227287
4879.5 206.38821224402636
4879.8 353.62642495922046
4880.1 264.7303797900677
4880.4 257.28673063218594
4880.7 35.92282096110284
4881.0 52.89362169802189
4881.3 16.09157893061638
4881.6 288.06722227856517
4881.9 321.97073397785425
4882.2 59.25365937501192
4882.5 183.78235492110252
4882.8 7.138319123536348
4883.1 8.305178359150887
4883.4 176.78494491428137
4883.7 383.8739007078111
4884.0 75.57262811809778
4884.3 96.89864829741418
4884.6 218.95820569247007
4884.9 -15.591932371258736
4885.2 95.27592094987631
4885.5 65.63682677224278
4885.8 418.84223215281963
4886.1 336.9669292429462
4886.4 210.76849248679355
4886.7 176.61424659192562
4887.0 37.30266569554806
4887.3 51.24407054297626
4887.6 -1.5426723659038544
4887.9 130.8707925695926
4888.2 77.39835307374597
4888.5 348.5077907592058
4888.8 249.50754483789206
4889.1 -42.16436404874548
4889.4 271.2051469758153
4889.7 124.4976578950882
4890.0 86.70230600237846
4890.3 176.98618054389954
4890.6 178.45916030928493
4890.9 60.35038907453418
4891.2 241.66899259737693
4891.5 -166.11183791607618
4891.8 -7.2372923493385315
4892.1 106.77702265232801
4892.4 167.31086798012257
4892.7 192.8514442741871
4893.0 195.85396394878626
4893.3 246.47906863689423
4893.6 206.93627607822418
4893.9 430.21702478826046
4894.2 398.18134436011314
4894.5 220.9266985207796
4894.8 186.78751280903816
4895.1 148.47132916375995
4895.4 155.26548363268375
4895.7 226.42135255038738
4896.0 36.826141610741615
4896.3 301.0494384467602
4896.6 172.03062123060226
4896.9 -84.86100517772138
4897.2 51.60664403438568
4897.5 81.96422100812197
4897.8 93.69861742854118
4898.1 90.08701634500176
4898.4 232.58833324164152
4898.7 287.1330149844289
4899.0 117.3602318642661
4899.3 135.20352696999907
4899.6 69.07277400791645
4899.9 249.34792445600033
4900.2 124.03728387411684
4900.5 123.2812267318368
4900.8 299.589308321476
4901.1 49.41413703560829
4901.4 162.35820338129997
4901.7 275.532148265047
4902.0 6.8534875572659075
4902.3 -105.63545602560043
4902.6 66.51607074029744
4902.9 229.72953027533367
4903.2 260.3521085008979
4903.5 171.1401942493394
4903.8 91.58591146022081
4904.1 98.69605254381895
4904.4 201.1457618176937
4904.7 165.9922315478325
4905.0 244.79270014166832
4905.3 79.11104455590248
4905.6 74.7826047539711
4905.9 48.20987557992339
4906.2 46.29557948932052
4906.5 99.59422362595797
4906.8 336.99137258529663
4907.1 458.66559962928295
4907.4 208.16667653992772
4907.7 308.01080022379756
4908.0 284.74087116867304
4908.3 163.47815185412765
4908.6 163.21283331140876
4908.9 54.50279664690606
4909.2 53.076591067016125
4909.5 142.29478914290667
4909.8 257.67357424646616
4910.1 51.815857626497746
4910.4 32.723672300577164
4910.7 186.77438458800316
4911.0 67.29696100577712
4911.3 46.24244364351034
4911.6 253.12494633346796
4911.9 -229.62907853908837
4912.2 -49.051091903820634
4912.5 4.922387912869453
4912.8 207.23707081377506
4913.1 155.69077945128083
4913.4 197.31921103596687
4913.7 513.4763023406267
4914.0 208.7429420053959
4914.3 175.91109836101532
4914.6 261.4549355581403
4914.9 211.98707950860262
4915.2 248.41298426687717
4915.5 192.82756686210632
4915.8 204.34114961326122
4916.1 162.7966013252735
4916.4 186.48706954717636
4916.7 161.50948955118656
4917.0 296.8350990861654
4917.3 -4.587554080411792
4917.6 221.71979802846909
4917.9 152.67896974273026
4918.2 127.5555744478479
4918.5 179.45572705194354
4918.8 286.11925146728754
4919.1 181.82121423631907
4919.4 -23.28023909404874
4919.7 270.6696583330631
4920.0 242.67959985136986
4920.3 301.08287354931235
4920.6 273.36028144322336
4920.9 -2.1470532417297363
4921.2 76.8357869759202
4921.5 -183.53710000775754
4921.8 212.5339030213654
4922.1 81.43408419191837
4922.4 184.364637196064
4922.7 248.54339940845966
4923.0 -63.57867134362459
4923.3 310.1034733429551
4923.6 276.79138456285
4923.9 107.18171212822199
4924.2 10.748292103409767
4924.5 90.57091324776411
4924.8 196.83355978131294
4925.1 0.518463522195816
4925.4 52.21981527283788
4925.7 149.2516788262874
4926.0 66.63737649098039
4926.3 230.54023626446724
4926.6 328.3511185795069
4926.9 108.26455212570727
4927.2 145.01067014038563
4927.5 -20.62714682612568
4927.8 280.86888532713056
4928.1 380.085571706295
4928.4 212.73909720778465
4928.7 325.13457076251507
4929.0 314.90988340368494
4929.3 203.91426431387663
4929.6 345.0822361186147
4929.9 276.1336634196341
4930.2 105.14680676162243
4930.5 224.50456633791327
4930.8 165.94938704371452
4931.1 217.04122991487384
4931.4 31.15387716703117
4931.7 235.3459274470806
4932.0 239.89795448537916
4932.3 50.914034724235535
4932.6 179.50059186667204
4932.9 277.6036716401577
4933.2 31.45041500031948
4933.5 138.58171451091766
4933.8 167.48464854061604
4934.1 130.974134914577
4934.4 86.46698978543282
4934.7 -5.124752029776573
4935.0 160.13941469043493
4935.3 -32.29905951023102
4935.6 -19.669412079267204
4935.9 -47.257323160767555
4936.2 32.11457147821784
4936.5 325.2385977059603
4936.8 171.38250215351582
4937.1 186.3438960723579
4937.4 233.66724525438622
4937.7 276.26926908362657
4938.0 188.65163671970367
4938.3 212.14893385767937
4938.6 332.98796424269676
4938.9 168.99962835700717
4939.2 134.47839276492596
4939.5 129.3604211360216
4939.8 30.077136263251305
4940.1 306.6079187095165
4940.4 -19.221311897970736
4940.7 -72.65161567402538
4941.0 225.79368576873094
4941.3 143.61150308698416
4941.6 -18.94938330166042
4941.9 192.08112893998623
4942.2 168.24082628637552
4942.5 -34.65036955848336
4942.8 118.63464150950313
4943.1 30.793359998613596
4943.4 232.41129054874182
4943.7 361.1405735388398
4944.0 -39.51605415344238
4944.3 275.6493942439556
4944.6 132.16892917454243
4944.9 293.4018185697496
4945.2 71.6833101566881
4945.5 143.10984102636576
4945.8 294.8859498053789
4946.1 -23.190687410533428
4946.4 55.506363451480865
4946.7 83.93861322104931
4947.0 56.29265524819493
4947.3 88.67101183533669
4947.6 28.997606236487627
4947.9 31.544342098757625
4948.2 293.1129990006266
4948.5 154.90709160268307
4948.8 133.97267463617027
4949.1 183.69743952155113
4949.4 196.64240931347013
4949.7 155.7790528330952
4950.0 140.3680837675929
4950.3 99.79597524553537
4950.6 98.24042246490717
4950.9 274.21838161349297
4951.2 98.44163157045841
4951.5 102.26870243251324
4951.8 218.56525547802448
4952.1 260.485367923975
4952.4 209.5442076176405
4952.7 357.3840412404388
4953.0 66.31440526503138
4953.3 180.30797441257164
4953.6 269.37769597768784
4953.9 207.50323129072785
4954.2 85.8114984408021
4954.5 261.7394581362605
4954.8 308.7869047895074
4955.1 -25.122395426034927
4955.4 176.6790702752769
4955.7 64.75087963789701
4956.0 302.88601353019476
4956.3 190.7512810640037
4956.6 115.52394320257008
4956.9 222.30823758244514
4957.2 67.66530537139624
4957.5 64.91023119539022
4957.8 135.06985371001065
4958.1 249.95229806005955
4958.4 293.6305636577308
4958.7 374.04883156716824
4959.0 117.91072995215654
4959.3 -50.18172642681748
4959.6 -24.655594274401665
4959.9 -43.5288028717041
4960.2 -23.042849922552705
4960.5 235.98677718639374
4960.8 306.5904243439436
4961.1 154.77789510786533
4961.4 58.40744103863835
4961.7 229.7171436417848
4962.0 238.19610944390297
4962.3 252.4676716774702
4962.6 237.6512406989932
4962.9 144.70403061807156
4963.2 227.7527026720345
4963.5 170.85284555563703
4963.8 216.67740923166275
4964.1 39.445298194885254
4964.4 217.57190761668608
4964.7 58.94898869097233
4965.0 30.29342506825924
4965.3 19.960511937737465
4965.6 189.28318195138127
4965.9 186.96293836832047
4966.2 -41.29989042878151
4966.5 161.83055162988603
4966.8 11.332349117845297
4967.1 -4.919331904500723
4967.4 -54.855730291455984
4967.7 137.05470280349255
4968.0 -31.93079276755452
4968.3 -142.22365833446383
4968.6 282.5094423526898
4968.9 55.289424907416105
4969.2 296.08482003211975
4969.5 131.3299744427204
4969.8 210.38503506034613
4970.1 87.84383327886462
4970.4 177.54529729485512
4970.7 318.37024173140526
4971.0 128.45465409569442
4971.3 78.65666616987437
4971.6 -18.016633734107018
4971.9 195.41456269472837
4972.2 117.2407061457634
4972.5 287.1836377121508
4972.8 243.04749124497175
4973.1 30.32640463602729
4973.4 216.85352544370107
4973.7 71.74380107223988
4974.0 3.7829582542181015
4974.3 42.07034035399556
4974.6 192.96363134682178
4974.9 -10.313129648566246
4975.2 145.85628447216004
4975.5 -8.36577395349741
4975.8 45.28221030137502
4976.1 120.5640153363347
4976.4 316.63720811903477
4976.7 277.74963065609336
4977.0 -26.591508358716965
4977.3 147.55222064256668
4977.6 122.46079497039318
4977.9 162.66547578573227
4978.2 322.35435342788696
4978.5 168.61086224764585
4978.8 92.49577971175313
4979.1 41.85836464446038
4979.4 262.2707793340087
4979.7 226.0182464644313
4980.0 224.4365871399641
4980.3 372.9721706863493
4980.6 251.4338759360835
4980.9 194.77719627320766
4981.2 98.76935454085469
4981.5 127.37109679728746
4981.8 55.27871073782444
4982.1 55.55846547335386
4982.4 164.38323663175106
4982.7 84.79725469276309
4983.0 -71.82751139998436
4983.3 162.77360506355762
4983.6 45.357695701299235
4983.9 40.38420942425728
4984.2 85.32299748063087
4984.5 13.036348186433315
4984.8 -58.65917459409684
4985.1 310.6408896148205
4985.4 311.62117501720786
4985.7 120.62095947097987
4986.0 224.93746837973595
4986.3 135.68785127345473
4986.6 44.35128382220864
4986.9 211.93936728686094
4987.2 140.67942326515913
4987.5 244.23095558583736
4987.8 298.8540168106556
4988.1 395.2787787988782
4988.4 166.02753055095673
4988.7 11.326126664876938
4989.0 190.35184539481997
4989.3 -73.60972587764263
4989.6 92.28499462455511
4989.9 248.1963471621275
4990.2 197.51245982386172
4990.5 156.61459904164076
4990.8 210.9361877590418
4991.1 50.86465181410313
4991.4 195.2938210312277
4991.7 17.878554321825504
4992.0 241.9276992827654
4992.3 433.27534252405167
4992.6 299.99377577751875
4992.9 33.787631382001564
4993.2 138.53824035823345
4993.5 167.62347949296236
4993.8 234.05738656036556
4994.1 233.93161841388792
4994.4 193.5616807937622
4994.7 110.53693189099431
4995.0 -98.29155785497278
4995.3 154.36409426480532
4995.6 361.00992476940155
4995.9 181.3543501086533
4996.2 37.546917118132114
4996.5 -91.18580866418779
4996.8 121.84371493011713
4997.1 22.915494598448277
4997.4 137.57798394188285
4997.7 366.3404982984066
4998.0 96.23637020587921
4998.3 159.70279802381992
4998.6 173.72391361743212
4998.9 347.5132193416357
4999.2 201.83067223988473
4999.5 173.98581662401557
4999.8 61.70361828058958
5000.1 101.06028085201979
5000.4 59.11323723196983
5000.7 149.49052639305592
5001.0 86.75513403862715
5001.3 171.95964968577027
5001.6 181.44689536839724
5001.9 183.69424356427044
5002.2 60.17710290849209
5002.5 54.163648921996355
5002.8 168.40441930666566
5003.1 -50.189454486593604
5003.4 190.11201318155508
5003.7 238.85573713481426
5004.0 62.44796519726515
5004.3 116.76716866157949
5004.6 87.74747645761818
5004.9 -39.62352313575684
5005.2 187.90366773307323
5005.5 213.9009623900056
5005.8 162.3413019925356
5006.1 140.5240976214409
5006.4 11.543337047100067
5006.7 230.89290676265955
5007.0 160.347026074538
5007.3 78.70405467227101
5007.6 127.62736161798239
5007.9 162.71723567461595
5008.2 87.60446923971176
5008.5 -32.48619279265404
5008.8 99.38802003115416
5009.1 142.9297350049019
5009.4 30.22620023973286
5009.7 -111.31376738101244
5010.0 246.3949187193066
5010.3 271.51612301170826
5010.6 109.35352241247892
5010.9 187.36549283191562
5011.2 83.97975700441748
5011.5 83.7293033003807
5011.8 123.43442188575864
5012.1 6.962635274976492
5012.4 197.31983148306608
5012.7 225.63340953737497
5013.0 242.7531879991293
5013.3 150.99366256594658
5013.6 169.69078287482262
5013.9 81.13818857073784
5014.2 -48.76681315898895
5014.5 0.22621238697320223
5014.8 150.5047557260841
5015.1 103.70385511219501
5015.4 3.0304797161370516
5015.7 121.9608690738678
5016.0 306.31377191469073
5016.3 98.71223323978484
5016.6 -37.45858819782734
5016.9 150.57815041393042
5017.2 187.39601027965546
5017.5 174.7070886939764
5017.8 178.34436418116093
5018.1 86.63968336582184
5018.4 34.30522944033146
5018.7 123.3240022584796
5019.0 96.37379203084856
5019.3 -3.833072055131197
5019.6 -62.9776387065649
5019.9 105.73945780098438
5020.2 252.96761267259717
5020.5 -40.90341701358557
5020.8 99.43234729021788
5021.1 84.76239960640669
5021.4 177.95790335536003
5021.7 164.84597958996892
5022.0 129.81124822050333
5022.3 235.5770880896598
5022.6 112.89350960589945
5022.9 168.1272243540734
5023.2 104.22697228193283
5023.5 165.24966240674257
5023.8 35.672995779663324
5024.1 89.6664195805788
5024.4 230.8155862847343
5024.7 253.99786324845627
5025.0 167.85030752420425
5025.3 203.16111696511507
5025.6 224.11316802352667
5025.9 176.62592813372612
5026.2 108.52001551166177
5026.5 172.6387983188033
5026.8 210.37747931480408
5027.1 227.63414013385773
5027.4 118.64987296052277
5027.7 270.65029951930046
5028.0 244.43667455762625
5028.3 293.4640725404024
5028.6 337.3645502626896
5028.9 -73.6355115622282
5029.2 22.484347386693116
5029.5 170.46962521225214
5029.8 213.2341120019555
5030.1 76.18875175714493
5030.4 -37.6596465408802
5030.7 125.77061487734318
5031.0 230.36912336945534
5031.3 136.57476782007143
5031.6 249.8577533736825
5031.9 134.42468493245542
5032.2 74.84931346960366
5032.5 -27.885940580628812
5032.8 101.52184750139713
5033.1 151.0077360710129
5033.4 -61.67705150321126
5033.7 -22.533369168639183
5034.0 -145.6597805544734
5034.3 -116.94636528706178
5034.6 -2.6797363536898047
5034.9 -33.96665593981743
5035.2 168.48956303298473
5035.5 158.14887093007565
5035.8 307.61472444445826
5036.1 317.91029070317745
5036.4 152.46625192463398
5036.7 122.59068514406681
5037.0 242.40880154818296
5037.3 192.27694017067552
5037.6 -6.062195546925068
5037.9 49.956350192427635
5038.2 212.98468466103077
5038.5 12.550414057448506
5038.8 242.8945785164833
5039.1 36.065737411379814
5039.4 168.25374679267406
5039.7 123.9243573397398
5040.0 131.34831427689642
5040.3 128.967019229196
5040.6 -16.12979081273079
5040.9 39.922415137290955
5041.2 52.07187470793724
5041.5 -18.12037807330489
5041.8 187.27559485659003
5042.1 96.61231548525393
5042.4 -36.94739099778235
5042.7 148.105434499681
5043.0 223.60847298055887
5043.3 -5.139113534241915
5043.6 214.89831769745797
5043.9 281.38109788298607
5044.2 205.1358247101307
5044.5 121.23449020087719
5044.8 -97.66617986559868
5045.1 15.349090710282326
5045.4 209.74852939136326
5045.7 12.76376710832119
5046.0 -31.23028371296823
5046.3 -47.83621115796268
5046.6 98.60934099275619
5046.9 245.76573898131028
5047.2 171.38299779221416
5047.5 329.26388546824455
5047.8 239.78889367729425
5048.1 112.34007221460342
5048.4 102.78356721252203
5048.7 119.56990721449256
5049.0 25.5580501165241
5049.3 130.2005942845717
5049.6 192.88460145145655
5049.9 109.69960443670243
5050.2 158.64775241166353
5050.5 53.67420573346317
5050.8 147.614807670936
5051.1 305.73644319269806
5051.4 105.21033504605293
5051.7 138.21393452584743
5052.0 172.87171728163958
5052.3 121.45174622139893
5052.6 154.19426521658897
5052.9 238.20922599732876
5053.2 150.5729128345847
5053.5 219.24324428103864
5053.8 112.3838571831584
5054.1 77.16357870493084
5054.4 63.34498827904463
5054.7 228.7721922546625
5055.0 255.8747133910656
5055.3 14.996979044750333
5055.6 103.78737986646593
5055.9 188.33161817863584
5056.2 230.3225078638643
5056.5 223.47359451651573
5056.8 293.20378394424915
5057.1 221.91836492717266
5057.4 261.84577256441116
5057.7 395.21508495509624
5058.0 132.91078281588852
5058.3 41.85432875715196
5058.6 132.15813206136227
5058.9 168.66261598467827
5059.2 100.42236828431487
5059.5 236.0029180739075
5059.8 78.4983308443334
5060.1 295.7033331114799
5060.4 100.55265112966299
5060.7 202.2374683865346
5061.0 130.92031810432673
5061.3 116.34417701512575
5061.6 126.79304842278361
5061.9 329.19416220486164
5062.2 248.9392868578434
5062.5 136.2844432145357
5062.8 295.3557937890291
5063.1 382.00409964472055
5063.4 176.09860295336694
5063.7 219.05975005030632
5064.0 257.4991337079555
5064.3 102.2997533660382
5064.6 11.997918942011893
5064.9 100.99264926090837
5065.2 341.65776357939467
5065.5 185.78088179975748
5065.8 23.161036863923073
5066.1 165.923144582659
5066.4 217.1124586239457
5066.7 350.75089955329895
5067.0 321.28774827811867
5067.3 127.94141319254413
5067.6 91.65820078551769
5067.9 266.54452507197857
5068.2 221.81483994424343
5068.5 312.7384068220854
5068.8 -55.4360522814095
5069.1 158.91259023547173
5069.4 -42.23525074124336
5069.7 192.52699613571167
5070.0 6.668167322874069
5070.3 234.28840743750334
5070.6 -40.229336619377136
5070.9 58.65950043220073
5071.2 64.86621522158384
5071.5 -2.9209075570106506
5071.8 20.25564523972571
5072.1 116.69251510035247
5072.4 206.57229213416576
5072.7 65.30743495374918
5073.0 -76.8041624892503
5073.3 167.0668790526688
5073.6 219.21719869226217
5073.9 229.50044311303645
5074.2 222.02060474455357
5074.5 159.7642624936998
5074.8 224.18185874819756
5075.1 235.15764462947845
5075.4 405.659820092842
5075.7 438.7471198886633
5076.0 336.1212093271315
5076.3 118.3213469684124
5076.6 367.3361653164029
5076.9 5.921981066465378
5077.2 237.27942594885826
5077.5 60.25559018552303
5077.8 172.29413787275553
5078.1 73.95032677054405
5078.4 270.60498962551355
5078.7 169.00137266144156
5079.0 -92.50698998570442
5079.3 -2.4373529851436615
5079.6 142.74370323866606
5079.9 16.924982987344265
5080.2 -106.05604029074311
5080.5 111.26281452551484
5080.8 64.91176065057516
5081.1 190.62788039632142
5081.4 90.50291768833995
5081.7 2.1231298185884953
5082.0 -167.2564768269658
5082.3 -125.30690479651093
5082.6 -97.15120001137257
5082.9 -13.603979647159576
5083.2 -47.43094380944967
5083.5 1.678892932832241
5083.8 -131.3068525902927
5084.1 113.95133746415377
5084.4 252.73779971152544
5084.7 27.684637491591275
5085.0 -13.061647482216358
5085.3 265.04661774635315
5085.6 38.772844042629
5085.9 350.19567546248436
5086.2 40.15264718979597
5086.5 147.43328541517258
5086.8 309.53742279298604
5087.1 70.0881141461432
5087.4 63.11679873615503
5087.7 231.77041721716523
5088.0 313.8000025600195
5088.3 82.73993744608015
5088.6 197.3799397945404
5088.9 19.58414686471224
5089.2 160.89284200966358
5089.5 -9.411186773329973
5089.8 -168.59935115952976
5090.1 57.36540426313877
5090.4 297.627840988338
5090.7 164.72532188799232
5091.0 257.75550047308207
5091.3 35.83750059828162
5091.6 201.11632013320923
5091.9 175.38327875733376
5092.2 257.77552427351475
5092.5 292.5273781856522
5092.8 99.27984806895256
5093.1 179.22432099282742
5093.4 367.47566720843315
5093.7 230.7367691323161
5094.0 127.52038996480405
5094.3 118.94948492199183
5094.6 115.37479490041733
5094.9 237.9364500530064
5095.2 88.86102141439915
5095.5 -28.567426666617393
5095.8 37.39329940080643
5096.1 125.75821911916137
5096.4 142.35153891146183
5096.7 180.5324143320322
5097.0 131.51566429436207
5097.3 -87.87327717244625
5097.6 260.674129630439
5097.9 85.93497489672154
5098.2 72.3258418366313
5098.5 135.85600060923025
5098.8 156.1229289881885
5099.1 183.95439955219626
5099.4 89.41228174418211
5099.7 151.5072750300169
5100.0 206.84051797166467
5100.3 154.0190000720322
5100.6 128.72131580114365
5100.9 171.47918327432126
5101.2 91.791225284338
5101.5 271.9799150377512
5101.8 304.91383048146963
5102.1 299.3668342381716
5102.4 -1.8902683909982443
5102.7 286.72344072163105
5103.0 34.31509414315224
5103.3 327.0021319016814
5103.6 61.497594736516476
5103.9 47.61883855611086
5104.2 326.0191548541188
5104.5 -0.6922903507947922
5104.8 155.40764456614852
5105.1 170.31133076921105
5105.4 63.91980567574501
5105.7 203.69492891430855
5106.0 197.72567173838615
5106.3 112.53126579523087
5106.6 60.27569519355893
5106.9 187.76513248682022
5107.2 128.43512681871653
5107.5 230.89816165715456
5107.8 176.12525695562363
5108.1 358.37376657128334
5108.4 151.61817073449492
5108.7 307.94861353747547
5109.0 146.4909946359694
5109.3 76.04392798244953
5109.6 71.73772005736828
5109.9 -81.36527403444052
5110.2 57.131826758384705
5110.5 37.91576808691025
5110.8 189.74622996151447
5111.1 174.7168050184846
5111.4 -217.19706159830093
5111.7 169.54067115485668
5112.0 118.16370298340917
5112.3 1.3781302236020565
5112.6 115.12923807650805
5112.9 96.64606882072985
5113.2 61.47186886891723
5113.5 68.67470714449883
5113.8 -102.00046887993813
5114.1 -82.87040893733501
5114.4 -54.59145651012659
5114.7 96.42772604525089
5115.0 162.64308858849108
5115.3 96.7978062108159
5115.6 212.73325356468558
5115.9 47.273678401485085
5116.2 58.00780005007982
5116.5 202.89017773792148
5116.8 -3.5820715725421906
5117.1 333.3887666538358
5117.4 218.08253566920757
5117.7 46.09920942038298
5118.0 57.346130311489105
5118.3 -25.76258873939514
5118.6 154.07305651158094
5118.9 146.39849600940943
5119.2 97.72002503275871
5119.5 177.5216119736433
5119.8 140.20628384500742
5120.1 289.8225124850869
5120.4 346.91082391887903
5120.7 124.21619610860944
5121.0 77.27889312803745
5121.3 180.5642766803503
5121.6 108.26287438347936
5121.9 39.73916929960251
5122.2 163.30019989609718
5122.5 269.7704833955504
5122.8 -3.679136201739311
5123.1 105.46765393018723
5123.4 121.35342128574848
5123.7 148.34440467506647
5124.0 127.27764819003642
5124.3 95.77514421753585
5124.6 68.50319800153375
5124.9 248.75328765064478
5125.2 -7.951493188738823
5125.5 63.75710640847683
5125.8 46.60288594663143
5126.1 -172.58700216561556
5126.4 22.136902533471584
5126.7 179.74147242493927
5127.0 35.29625990986824
5127.3 143.87433864176273
5127.6 193.75836057960987
5127.9 96.5868584215641
5128.2 144.86017429828644
5128.5 130.780044157058
5128.8 132.44915839843452
5129.1 323.37338604032993
5129.4 28.121957855299115
5129.7 -272.82622466236353
5130.0 -64.90784594416618
5130.3 23.976889222860336
5130.6 140.11177329719067
5130.9 171.53965884028003
5131.2 193.80352077633142
5131.5 97.25006277114153
5131.8 190.56519477814436
5132.1 14.505072712898254
5132.4 438.7457324564457
5132.7 247.10499942302704
5133.0 55.08703487738967
5133.3 51.72531391121447
5133.6 26.93375751376152
5133.9 -87.96965139359236
5134.2 254.2950963533949
5134.5 112.61052328441292
5134.8 301.6249939799309
5135.1 240.73884510993958
5135.4 83.53754006326199
5135.7 44.286396527983015
5136.0 360.0785319581628
5136.3 311.9711744785309
5136.6 84.13045494258404
5136.9 -21.204540234990418
5137.2 118.11829603184015
5137.5 103.77785525843501
5137.8 70.97336072474718
5138.1 152.24942135065794
5138.4 199.2301604449749
5138.7 81.308364354074
5139.0 37.86577878892422
5139.3 66.74472573213279
5139.6 35.78426322340965
5139.9 81.4200259372592
5140.2 82.85502631217241
5140.5 -49.81335240975022
5140.8 14.188594955950975
5141.1 165.93790216185153
5141.4 194.86660733819008
5141.7 265.72065396234393
5142.0 103.90440827980638
5142.3 33.93336796760559
5142.6 118.36659257486463
5142.9 74.56205812096596
5143.2 81.00363114057109
5143.5 134.61087986826897
5143.8 101.93240630999207
5144.1 23.9494774825871
5144.4 233.94873698800802
5144.7 170.354422127828
5145.0 7.664798840880394
5145.3 221.59545267000794
5145.6 112.27013565786183
5145.9 154.63473198376596
5146.2 191.95879624783993
5146.5 280.86603267490864
5146.8 31.517167702317238
5147.1 238.77364452928305
5147.4 97.57536790519953
5147.7 281.1950001716614
5148.0 155.85516822338104
5148.3 258.70102705433965
5148.6 62.94208740629256
5148.9 135.26588268578053
5149.2 198.55919348448515
5149.5 19.285364024341106
5149.8 278.9594062641263
5150.1 155.56749045103788
5150.4 230.32864865660667
5150.7 247.6404878348112
5151.0 205.42605749890208
5151.3 88.01849585026503
5151.6 256.257172614336
5151.9 138.80296186730266
5152.2 226.45266699790955
5152.5 133.08832862600684
5152.8 33.54727903008461
5153.1 107.02407900523394
5153.4 268.1866258531809
5153.7 171.40229174494743
5154.0 169.24761879444122
5154.3 84.8603032156825
5154.6 106.17880795896053
5154.9 61.3046492151916
5155.2 213.6384452385828
5155.5 177.48977979645133
5155.8 210.89719566423446
5156.1 180.25912761688232
5156.4 227.6389182806015
5156.7 157.45129090826958
5157.0 72.37892941758037
5157.3 67.1038408279419
5157.6 117.07553535699844
5157.9 10.549532659351826
5158.2 -26.8728843703866
5158.5 -148.40301496349275
5158.8 -64.6927803978324
5159.1 67.22350712120533
5159.4 169.73216059431434
5159.7 120.25531855970621
5160.0 195.36431293934584
5160.3 338.8916199654341
5160.6 27.66281448304653
5160.9 52.613636538386345
5161.2 89.97846421785653
5161.5 281.11953860521317
5161.8 243.95561252348125
5162.1 135.17201269418
5162.4 299.72110752761364
5162.7 -78.49407732929103
5163.0 -21.030713081359863
5163.3 363.54696670919657
5163.6 89.02137617394328
5163.9 181.0431597866118
5164.2 199.92720140516758
5164.5 217.53236225945875
5164.8 147.47219263017178
5165.1 166.8108328282833
5165.4 81.00165650621057
5165.7 69.46444196999073
5166.0 199.10570459067822
5166.3 20.505567960441113
5166.6 -47.48871209472418
5166.9 -136.5036043561995
5167.2 91.88578972220421
5167.5 249.1243628039956
5167.8 240.13635131064802
5168.1 289.75193990767
5168.4 253.8476065993309
5168.7 202.42899082414806
5169.0 109.90626662224531
5169.3 226.46414553560317
5169.6 57.83365507423878
5169.9 255.03314746171236
5170.2 90.01099544763565
5170.5 110.20510410517454
5170.8 14.075534872710705
5171.1 -158.0882796277292
5171.4 34.925247613340616
5171.7 125.98917001485825
5172.0 55.69012662768364
5172.3 152.54578265547752
5172.6 144.83915426954627
5172.9 118.06014152429998
5173.2 113.42205041646957
5173.5 151.9211300611496
5173.8 51.205920580774546
5174.1 61.79768649546895
5174.4 105.90961863845587
5174.7 44.819161638617516
5175.0 203.30294329673052
5175.3 222.4102497175336
5175.6 197.52477636560798
5175.9 -5.562024891376495
5176.2 278.1330658495426
5176.5 214.26674381643534
5176.8 48.77983871102333
5177.1 -29.96116901934147
5177.4 -2.3457522615790367
5177.7 -128.6643187776208
5178.0 13.457992250099778
5178.3 73.25246915221214
5178.6 243.15911765396595
5178.9 197.84707291796803
5179.2 336.6583094483067
5179.5 268.17067366838455
5179.8 352.3619442731142
5180.1 252.12072905898094
5180.4 188.19056662917137
5180.7 179.31100586801767
5181.0 87.95254307799041
5181.3 160.9892475605011
5181.6 9.94726299494505
5181.9 29.58659257926047
5182.2 -21.99734733067453
5182.5 -38.31121060624719
5182.8 240.6969795487821
5183.1 131.55189674865687
5183.4 123.82241903245449
5183.7 116.19919753447175
5184.0 -48.47352132387459
5184.3 95.14633688889444
5184.6 198.5014379117638
5184.9 170.03491515666246
5185.2 164.81644494831562
5185.5 73.80559942126274
5185.8 -44.90771463513374
5186.1 78.34551465511322
5186.4 137.92911737877876
5186.7 163.8353324830532
5187.0 31.84885325655341
5187.3 238.02748588100076
5187.6 436.4022132065147
5187.9 165.68575289100409
5188.2 162.94031517207623
5188.5 -14.699226930737495
5188.8 17.4259325414896
5189.1 166.5177592933178
5189.4 340.9479926675558
5189.7 208.80218137800694
5190.0 411.8466247729957
5190.3 350.81518714129925
5190.6 214.31713764183223
5190.9 65.29835726320744
5191.2 156.6839950531721
5191.5 192.45781135186553
5191.8 198.69842442125082
5192.1 228.1448521465063
5192.4 171.13462817668915
5192.7 153.1551041007042
5193.0 94.9406628459692
5193.3 -81.05708476901054
5193.6 182.92009663768113
5193.9 -20.32012654095888
5194.2 220.98075114190578
5194.5 138.72679533064365
5194.8 202.07827923446894
5195.1 182.54322554450482
5195.4 314.2476156651974
5195.7 307.0363343581557
5196.0 53.831662356853485
5196.3 -62.326036497950554
5196.6 114.83116095513105
5196.9 -234.0604651805479
5197.2 26.183323442935944
5197.5 -258.1290267370641
5197.8 -76.35975621640682
5198.1 284.8010948849842
5198.4 486.3680997788906
5198.7 262.98108571767807
5199.0 151.76765877008438
5199.3 129.18697611242533
5199.6 -20.191197235137224
5199.9 2.9263454861938953
5200.2 -23.609968580305576
5200.5 421.21065214276314
5200.8 479.0790296792984
5201.1 274.11090610176325
5201.4 355.7093448769301
5201.7 393.9637141227722
5202.0 29.184354469180107
5202.3 4.421402215957642
5202.6 394.3730667177588
5202.9 117.74759808182716
5203.2 153.62030148133636
5203.5 179.73071393743157
5203.8 156.35076350718737
5204.1 204.1631117761135
5204.4 116.11421969532967
5204.7 226.1887989267707
5205.0 365.8746463879943
5205.3 72.0076106376946
5205.6 88.56453496217728
5205.9 87.30076988041401
5206.2 156.97421404719353
5206.5 173.68009557574987
5206.8 298.580881126225
5207.1 -5.893456742167473
5207.4 -68.25264387205243
5207.7 287.5141014046967
5208.0 151.5355183929205
5208.3 155.4237256217748
5208.6 -34.235021295491606
5208.9 2.283565029501915
5209.2 339.65399695932865
5209.5 151.10204213298857
5209.8 274.3748128712177
5210.1 481.65047067403793
5210.4 289.33757396042347
5210.7 111.40862281620502
5211.0 -17.643329046666622
5211.3 9.01867464184761
5211.6 -34.04051762074232
5211.9 -44.16098258830607
5212.2 22.789917604997754
5212.5 421.3331281505525
5212.8 240.62462168186903
5213.1 280.6682802028954
5213.4 119.64361743722111
5213.7 228.54451875016093
5214.0 108.67625017464161
5214.3 45.15384851815179
5214.6 159.23886156082153
5214.9 266.26504124701023
5215.2 245.29527597222477
5215.5 112.86279183253646
5215.8 140.02620089356788
5216.1 146.2522195726633
5216.4 243.03878536075354
5216.7 1.9573280960321426
5217.0 -97.75560226663947
5217.3 286.06402950920165
5217.6 137.40546721965075
5217.9 224.7551165893674
5218.2 121.11522744968534
5218.5 305.9399925041944
5218.8 -75.9439624901861
5219.1 282.79453583806753
5219.4 115.14413184858859
5219.7 92.5167707875371
5220.0 -29.175192825496197
5220.3 -39.09035776183009
5220.6 286.6585322469473
5220.9 196.7947216881439
5221.2 -4.810579806566238
5221.5 32.13617920875549
5221.8 -22.191316530108452
5222.1 55.17349860817194
5222.4 286.4443090585992
5222.7 -64.08340629935265
5223.0 166.69959358428605
5223.3 133.3447432871908
5223.6 53.775177996605635
5223.9 153.81513102725148
5224.2 471.1126949340105
5224.5 272.0987521111965
5224.8 171.3484372496605
5225.1 149.52198184654117
5225.4 133.02563782036304
5225.7 349.08403760707006
5226.0 163.66157886292785
5226.3 -11.560552783310413
5226.6 154.39173224568367
5226.9 288.9903206527233
5227.2 -14.19962703436613
5227.5 138.85396878421307
5227.8 226.22214559838176
5228.1 248.26097965240479
5228.4 177.58217762224376
5228.7 471.36039067804813
5229.0 218.17560956720263
5229.3 226.7781795617193
5229.6 168.14731900393963
5229.9 46.76688221888617
5230.2 400.81395000219345
5230.5 221.56746988743544
5230.8 253.15804214030504
5231.1 101.71558475494385
5231.4 -37.35161794163287
5231.7 64.2746833153069
5232.0 70.83145947754383
5232.3 80.44857993675396
5232.6 155.3332077562809
5232.9 253.014639435336
5233.2 117.8134094029665
5233.5 114.34602585434914
5233.8 264.19816572219133
5234.1 30.631438724696636
5234.4 228.91484747081995
5234.7 144.46299897693098
5235.0 78.43464872986078
5235.3 180.82983181253076
5235.6 44.40718691051006
5235.9 239.36035323515534
5236.2 493.71793402871117
5236.5 108.34673632308841
5236.8 186.92544039338827
5237.1 149.3103288114071
5237.4 216.63795711100101
5237.7 109.42920362949371
5238.0 -144.55471675097942
5238.3 78.27370561659336
5238.6 6.161876909434795
5238.9 232.04242465645075
5239.2 -85.1923333760351
5239.5 100.8104742988944
5239.8 24.99979617074132
5240.1 9.14673624932766
5240.4 263.34503412246704
5240.7 106.62958800047636
5241.0 143.8408895432949
5241.3 58.205808095633984
5241.6 115.8450885862112
5241.9 95.03608874976635
5242.2 63.971931390464306
5242.5 453.39156726002693
5242.8 -120.82055279798806
5243.1 379.349708147347
5243.4 65.33614749833941
5243.7 35.73405710887164
5244.0 58.871300243306905
5244.3 123.50893477443606
5244.6 -17.003937035799026
5244.9 16.925151601433754
5245.2 284.13580541312695
5245.5 97.82554316520691
5245.8 182.8279136121273
5246.1 -21.994412392377853
5246.4 277.8929549008608
5246.7 196.32832483947277
5247.0 107.88950486853719
5247.3 167.8585675507784
5247.6 -11.518326763994992
5247.9 2.9652470499277115
5248.2 183.69419509917498
5248.5 292.02072740950825
5248.8 142.818834528327
5249.1 180.13025703653693
5249.4 106.45249231159687
5249.7 142.36332265287638
5250.0 155.52731928229332
5250.3 211.47069585323334
5250.6 221.35487140715122
5250.9 148.4781410768628
5251.2 -176.3104559481144
5251.5 226.737525716424
5251.8 154.98002038896084
5252.1 69.18037365330383
5252.4 347.84673546254635
5252.7 226.00564719736576
5253.0 -164.61118792183697
5253.3 315.77327382192016
5253.6 136.51778772845864
5253.9 273.4077602941543
5254.2 68.20634220540524
5254.5 230.33353239297867
5254.8 45.955434530973434
5255.1 80.77038858830929
5255.4 -34.86366225127131
5255.7 98.52528008259833
5256.0 -1.4964852072298527
5256.3 183.06022381037474
5256.6 437.1469873934984
5256.9 84.20565175265074
5257.2 -54.52140252292156
5257.5 -142.49480858445168
5257.8 -100.01416807621717
5258.1 131.8934647589922
5258.4 223.0612190067768
5258.7 83.88977083191276
5259.0 198.5755623318255
5259.3 193.10865360498428
5259.6 24.04234004765749
5259.9 147.2646212466061
5260.2 280.42347030341625
5260.5 224.34920229017735
5260.8 130.7717659920454
5261.1 196.01713480055332
5261.4 303.0227673947811
5261.7 390.8372004814446
5262.0 142.04601617902517
5262.3 216.9962755292654
5262.6 184.8491373024881
5262.9 120.48313293606043
5263.2 110.33157835155725
5263.5 335.06720104813576
5263.8 322.30912651121616
5264.1 227.9838166460395
5264.4 362.8084220960736
5264.7 53.089306853711605
5265.0 233.13610690832138
5265.3 189.49938432127237
5265.6 332.3820948898792
5265.9 309.249724984169
5266.2 185.9693323969841
5266.5 215.01290120743215
5266.8 358.35883512720466
5267.1 298.352858774364
5267.4 32.22543993778527
5267.7 102.39165502414107
5268.0 281.48765574395657
5268.3 75.33311741799116
5268.6 184.7814965620637
5268.9 284.32554234936833
5269.2 240.50752209452912
5269.5 149.3199962899089
5269.8 198.25888063013554
5270.1 215.47809962928295
5270.4 -100.19498028606176
5270.7 -63.7640276234597
5271.0 128.11577980220318
5271.3 -51.30630520731211
5271.6 228.61504182219505
5271.9 162.47948944568634
5272.2 196.95114008861128
5272.5 205.75868690758944
5272.8 398.39692836999893
5273.1 84.72532704472542
5273.4 153.31553453579545
5273.7 53.01991048455238
5274.0 109.49749197531492
5274.3 -162.03190537542105
5274.6 15.448603302240372
5274.9 -55.93709848448634
5275.2 243.2596577629447
5275.5 18.413207344710827
5275.8 -121.03588482737541
5276.1 149.43931836634874
5276.4 85.17900923639536
5276.7 -157.5865411692066
5277.0 -46.4797829259187
5277.3 376.4637372083962
5277.6 345.04302756488323
5277.9 224.63741348683834
5278.2 295.8719760328531
5278.5 101.73167400807142
5278.8 -41.327718049287796
5279.1 205.1869110316038
5279.4 148.86329998075962
5279.7 205.7468304745853
5280.0 138.67187389731407
5280.3 190.7631203532219
5280.6 8.307465394958854
5280.9 140.22418308258057
5281.2 135.78837904334068
5281.5 218.24384903907776
5281.8 -9.197660967707634
5282.1 96.40609267354012
5282.4 203.6048030052334
5282.7 279.72308137640357
5283.0 425.0521790869534
5283.3 18.865802466869354
5283.6 138.68167778104544
5283.9 282.5839424729347
5284.2 293.72536846995354
5284.5 51.05475216452032
5284.8 55.002070638816804
5285.1 31.252220571041107
5285.4 -33.00095397233963
5285.7 461.0145024806261
5286.0 304.13224459439516
5286.3 656.8657144904137
5286.6 301.33113963808864
5286.9 -66.70655349828303
5287.2 -5.8356334418058395
5287.5 73.87995278462768
5287.8 111.56990199070424
5288.1 78.63494433742017
5288.4 176.92348140478134
5288.7 104.87281223759055
5289.0 -25.557144440710545
5289.3 307.1708669140935
5289.6 201.87533461116254
5289.9 53.87751308456063
5290.2 1.6501173861324787
5290.5 46.64758743066341
5290.8 170.07416859269142
5291.1 79.8697809688747
5291.4 86.92148057278246
5291.7 -79.85544836893678
5292.0 220.74637793417787
5292.3 292.09617153555155
5292.6 51.96978947427124
5292.9 317.6368190944195
5293.2 259.0384099781513
5293.5 92.59101116657257
5293.8 -131.19897339493036
5294.1 96.19315851060674
5294.4 375.40112003311515
5294.7 212.03483237326145
5295.0 229.10126780718565
5295.3 355.28914279234596
5295.6 88.41452493518591
5295.9 128.62810961902142
5296.2 155.24161121621728
5296.5 125.50151890516281
5296.8 484.23886719346046
5297.1 7.471463553607464
5297.4 239.06214626692235
5297.7 331.6192752085626
5298.0 -52.46675178408623
5298.3 198.5136377364397
5298.6 299.923956762068
5298.9 77.86100556328893
5299.2 36.24717293679714
5299.5 303.22849925607443
5299.8 142.52896722964942
5300.1 138.98914036154747
5300.4 -53.279032438993454
5300.7 246.05263073556125
5301.0 178.9700085222721
5301.3 199.7552659586072
5301.6 118.77694661170244
5301.9 33.08638256043196
5302.2 91.71748314797878
5302.5 258.40539798140526
5302.8 8.285535380244255
5303.1 337.99629828333855
5303.4 302.63781180232763
5303.7 -34.724232256412506
5304.0 -16.316865481436253
5304.3 93.5064394841902
5304.6 158.50657137855887
5304.9 24.561780706048012
5305.2 -23.77939025312662
5305.5 62.665974389761686
5305.8 71.94949480891228
5306.1 15.980206791311502
5306.4 197.53598958719522
5306.7 137.81952492520213
5307.0 106.73878379166126
5307.3 -19.18214671127498
5307.6 300.9896624162793
5307.9 144.63201873004436
5308.2 116.91360694728792
5308.5 36.851344710215926
5308.8 -126.2255924846977
5309.1 221.13845961727202
5309.4 215.64254137594253
5309.7 152.47741734609008
5310.0 225.01348116248846
5310.3 232.6351115219295
5310.6 92.56722837127745
5310.9 32.36240916326642
5311.2 134.621135532856
5311.5 59.6761557161808
5311.8 -74.8164301365614
5312.1 332.52914977632463
5312.4 193.12902455590665
5312.7 55.337699223309755
5313.0 183.14988800883293
5313.3 -38.75868849642575
5313.6 242.1847021356225
5313.9 126.5719623118639
5314.2 82.5242181122303
5314.5 198.62967954855412
5314.8 -4.9663073141127825
5315.1 311.7945492453873
5315.4 180.17589384689927
5315.7 33.318696193397045
5316.0 225.2612673267722
5316.3 156.46497406088747
5316.6 -27.490407049655914
5316.9 7.939936056733131
5317.2 118.59537480585277
5317.5 -59.7950421590358
5317.8 251.35935857892036
5318.1 72.20560017228127
5318.4 50.98851066455245
5318.7 118.48138668760657
5319.0 202.69884794950485
5319.3 186.6629882697016
5319.6 57.3966573625803
5319.9 -40.383372742682695
5320.2 -85.92349757254124
5320.5 182.3116680914536
5320.8 253.29418471455574
5321.1 128.540591314435
5321.4 299.425986751914
5321.7 11.367031089961529
5322.0 167.27632514946163
5322.3 156.51392900943756
5322.6 2.8560944385826588
5322.9 222.88799518346786
5323.2 -4.046770565211773
5323.5 -116.69413128495216
5323.8 18.130180962383747
5324.1 -35.92489928007126
5324.4 183.74161660671234
5324.7 -242.19283938407898
5325.0 0.0
5325.3 0.0
5325.6 0.0
5325.9 0.0
5326.2 0.0
5326.5 0.0
5326.8 0.0
5327.1 0.0
5327.4 0.0
5327.7 0.0
5328.0 0.0
5328.3 0.0
5328.6 0.0
5328.9 0.0
5329.2 0.0
5329.5 0.0
5329.8 0.0
