6165.0 0.0
6165.3 0.0
6165.6 0.0
6165.9 0.0
6166.2 0.0
6166.5 0.0
6166.8 0.0
6167.1 0.0
6167.4 0.0
6167.7 0.0
6168.0 0.0
6168.3 0.0
6168.6 0.0
6168.9 0.0
6169.2 0.0
6169.5 0.0
6169.8 0.0
6170.1 0.0
6170.4 0.0
6170.7 0.0
6171.0 0.0
6171.3 0.0
6171.6 0.0
6171.9 0.0
6172.2 0.0
6172.5 0.0
6172.8 0.0
6173.1 0.0
6173.4 0.0
6173.7 0.0
6174.0 0.0
6174.3 0.0
6174.6 0.0
6174.9 0.0
6175.2 0.0
6175.5 0.0
6175.8 0.0
6176.1 0.0
6176.4 0.0
6176.7 0.0
6177.0 0.0
6177.3 0.0
6177.6 0.0
6177.9 0.0
6178.2 0.0
6178.5 0.0
6178.8 0.0
6179.1 0.0
6179.4 0.0
6179.7 0.0
6180.0 0.0
6180.3 0.0
6180.6 0.0
6180.9 0.0
6181.2 0.0
6181.5 0.0
6181.8 0.0
6182.1 0.0
6182.4 0.0
6182.7 0.0
6183.0 0.0
6183.3 0.0
6183.6 0.0
6183.9 0.0
6184.2 0.0
6184.5 0.0
6184.8 0.0
6185.1 0.0
6185.4 0.0
6185.7 0.0
6186.0 0.0
6186.3 0.0
6186.6 0.0
6186.9 0.0
6187.2 0.0
6187.5 0.0
6187.8 0.0
6188.1 0.0
6188.4 0.0
6188.7 0.0
6189.0 0.0
6189.3 0.0
6189.6 0.0
6189.9 0.0
6190.2 88.85894203186035
6190.5 -139.65820169448853
6190.8 -156.6352372765541
6191.1 -37.34780764579773
6191.4 116.61780333518982
6191.7 -127.35967314243317
6192.0 -38.122030675411224
6192.3 198.16673216223717
6192.6 59.28710625320673
6192.9 131.50059911608696
6193.2 247.15702659264207
6193.5 614.6928362995386
6193.8 127.24759504199028
6194.1 349.5749229118228
6194.4 402.0640704780817
6194.7 245.7123638316989
6195.0 125.55365824699402
6195.3 527.3415343612432
6195.6 416.5695392638445
6195.9 -63.481057397671975
6196.2 434.0306151881814
6196.5 522.8058812767267
6196.8 282.6268076300621
6197.1 407.2753286063671
6197.4 -167.0947915315628
6197.7 168.04706941125914
6198.0 -272.0577232092619
6198.3 24.40668222308159
6198.6 381.7177068144083
6198.9 42.02385529875755
6199.2 287.3363130837679
6199.5 -221.8489164710045
6199.8 254.00438517332077
6200.1 126.94356597959995
6200.4 48.059445321559906
6200.7 386.14204351603985
6201.0 -154.9831831008196
6201.3 133.3758152127266
6201.6 717.4869556128979
6201.9 441.1923906831071
6202.2 159.1447544391267
6202.5 807.5752422958612
6202.8 812.5991212427616
6203.1 38.71943598985672
6203.4 139.68416111171246
6203.7 294.6158638559282
6204.0 279.6381611227989
6204.3 391.3784129470587
6204.6 46.40409608092159
6204.9 -241.15253177448176
6205.2 -188.98061934113503
6205.5 -158.5289994031191
6205.8 281.0453492552042
6206.1 255.73070666193962
6206.4 166.1615371182561
6206.7 -133.11780259013176
6207.0 -126.09816876798868
6207.3 567.0826216936111
6207.6 117.81027008593082
6207.9 -183.93954461812973
6208.2 139.00983245670795
6208.5 509.78599292971194
6208.8 232.67184608400567
6209.1 -56.62361675873399
6209.4 209.7227769345045
6209.7 712.1163927912712
6210.0 490.24295975267887
6210.3 321.2518947906792
6210.6 2.4969760850071907
6210.9 -237.2498965114355
6211.2 73.9684539642185
6211.5 314.7440443225205
6211.8 44.00381299853325
6212.1 345.4406157042831
6212.4 233.80475975945592
6212.7 -107.36601412296295
6213.0 343.1234826669097
6213.3 304.9319890141487
6213.6 175.13091342151165
6213.9 173.0065661771223
6214.2 207.5484721288085
6214.5 327.5576585829258
6214.8 153.41119638085365
6215.1 176.7070259153843
6215.4 40.07497197389603
6215.7 629.5558762028813
6216.0 68.7451572753489
6216.3 -287.1250101849437
6216.6 -7.750648058950901
6216.9 212.29725497961044
6217.2 232.52388164028525
6217.5 5.94054654147476
6217.8 84.0562155097723
6218.1 321.98877987265587
6218.4 -83.43156195431948
6218.7 13.933935165405273
6219.0 -81.25278061628342
6219.3 168.62077178061008
6219.6 272.32076358795166
6219.9 443.94902105629444
6220.2 355.83285615593195
6220.5 -75.03676620870829
6220.8 184.57807679101825
6221.1 -48.77831210196018
6221.4 -88.29449373483658
6221.7 331.2675841152668
6222.0 88.20746698230505
6222.3 260.92178070545197
6222.6 243.363728672266
6222.9 478.7108658030629
6223.2 -11.214589398354292
6223.5 305.58590352348983
6223.8 499.37445889413357
6224.1 132.82917676866055
6224.4 49.77383595146239
6224.7 182.05822091549635
6225.0 178.73092562577222
6225.3 232.357876598835
6225.6 318.1457676589489
6225.9 190.46775410324335
6226.2 -102.27778700739145
6226.5 -27.611614979803562
6226.8 43.43094366788864
6227.1 182.61943556182086
6227.4 122.38153510168195
6227.7 -139.45940893888474
6228.0 -76.81605781242251
6228.3 -685.8707387298346
6228.6 14.141299180686474
6228.9 96.74602819979191
6229.2 -51.981804836541414
6229.5 187.93240001797676
6229.8 152.42588952183723
6230.1 105.07027494907379
6230.4 320.1589961051941
6230.7 369.1200000345707
6231.0 535.829822331667
6231.3 629.0087015479803
6231.6 174.69962118566036
6231.9 95.33860369771719
6232.2 -64.76433561742306
6232.5 -124.38674385100603
6232.8 210.60826398432255
6233.1 320.17803901433945
6233.4 300.76532642543316
6233.7 175.2503253519535
6234.0 319.40810765326023
6234.3 199.36694152653217
6234.6 604.0512624420226
6234.9 553.9545299895108
6235.2 408.54583267122507
6235.5 383.3180918954313
6235.8 444.8197163939476
6236.1 -61.16900713182986
6236.4 -409.780140966177
6236.7 -35.76858330145478
6237.0 272.9152568951249
6237.3 57.31024569272995
6237.6 -44.468219339847565
6237.9 126.16092330217361
6238.2 382.96156153827906
6238.5 170.5453919917345
6238.8 -359.7417532503605
6239.1 109.13059878349304
6239.4 531.9934835284948
6239.7 256.2434056997299
6240.0 318.0137469470501
6240.3 347.2310169413686
6240.6 126.21923698484898
6240.9 400.09923124313354
6241.2 507.87926983833313
6241.5 578.7005548924208
6241.8 557.0286853164434
6242.1 262.4959677308798
6242.4 127.73777321912348
6242.7 -79.03117764741182
6243.0 297.50621396303177
6243.3 -85.67323783785105
6243.6 472.1999299377203
6243.9 371.9015211611986
6244.2 332.51974099874496
6244.5 290.4336069114506
6244.8 265.4755031093955
6245.1 -159.18323240801692
6245.4 25.397827848792076
6245.7 382.1575479656458
6246.0 628.15628676489
6246.3 132.55272133648396
6246.6 282.16316121816635
6246.9 555.476240247488
6247.2 278.99388090055436
6247.5 -126.95728772878647
6247.8 183.5165106394561
6248.1 46.324036337435246
6248.4 312.2397913262248
6248.7 563.2266465947032
6249.0 67.14087380468845
6249.3 90.88295596837997
6249.6 -238.85904437303543
6249.9 -104.9554593488574
6250.2 -339.02306293696165
6250.5 -159.78588481619954
6250.8 -140.1965203732252
6251.1 -163.34544222056866
6251.4 -73.07145229005255
6251.7 175.6004955265671
6252.0 230.41120392084122
6252.3 244.8968926826492
6252.6 181.81567548587918
6252.9 188.89583534002304
6253.2 135.6869180202484
6253.5 211.7288114503026
6253.8 -158.47984675504267
6254.1 -122.56045696884394
6254.4 123.07003338634968
6254.7 72.06372403167188
6255.0 173.5994428731501
6255.3 178.28914058953524
6255.6 -237.25451143458486
6255.9 221.21356415748596
6256.2 -8.310970313847065
6256.5 -19.19138195179403
6256.8 731.6438236087561
6257.1 871.2653562575579
6257.4 -178.39027270674706
6257.7 -398.70717738196254
6258.0 501.5408131182194
6258.3 433.3838858306408
6258.6 138.05556578189135
6258.9 35.8589862883091
6259.2 -26.89159706607461
6259.5 1.1529633849859238
6259.8 563.9113875627518
6260.1 291.39938516914845
6260.4 224.404746000655
6260.7 513.3215772211552
6261.0 249.93429629318416
6261.3 253.78869678080082
6261.6 -234.39914990961552
6261.9 301.3527079075575
6262.2 199.95521381497383
6262.5 -111.62297216057777
6262.8 -33.50748310610652
6263.1 373.4273783862591
6263.4 466.2367376834154
6263.7 229.32966697216034
6264.0 -164.59423304803204
6264.3 308.8108697384596
6264.6 124.79504102095962
6264.9 -139.79477205872536
6265.2 -98.06631836295128
6265.5 -245.19899167865515
6265.8 96.56258966773748
6266.1 206.28423601575196
6266.4 164.5105235874653
6266.7 -115.72767654433846
6267.0 96.79823736846447
6267.3 334.6883436520584
6267.6 46.368850730359554
6267.9 -50.07464597560465
6268.2 210.44667172431946
6268.5 329.717904292047
6268.8 370.2086067125201
6269.1 145.01467546448112
6269.4 265.916774764657
6269.7 56.015167474746704
6270.0 47.80405642092228
6270.3 110.54229660332203
6270.6 88.9300522506237
6270.9 -312.4060442149639
6271.2 104.88078820705414
6271.5 130.03632766753435
6271.8 -83.05098706483841
6272.1 -203.71897980570793
6272.4 109.78209716081619
6272.7 -41.951048988848925
6273.0 -31.44066582247615
6273.3 41.514728931710124
6273.6 127.88238599896431
6273.9 226.7375879213214
6274.2 401.8958757519722
6274.5 193.43606528639793
6274.8 275.144932359457
6275.1 38.89964049868286
6275.4 -62.29385507851839
6275.7 -23.363776236772537
6276.0 -16.88985015451908
6276.3 233.64127521589398
6276.6 204.18124845344573
6276.9 20.82945218682289
6277.2 273.3392493799329
6277.5 -97.58616730570793
6277.8 223.61034551262856
6278.1 329.02739353477955
6278.4 160.93602447211742
6278.7 77.82113748043776
6279.0 415.85321685671806
6279.3 130.07339850068092
6279.6 297.0811849832535
6279.9 368.40133349597454
6280.2 142.91173830628395
6280.5 115.43521383404732
6280.8 102.44049745984375
6281.1 -238.20592591911554
6281.4 66.32292903959751
6281.7 202.36080311983824
6282.0 395.67280842736363
6282.3 262.69764418900013
6282.6 223.58420624397695
6282.9 636.2808194160461
6283.2 588.7170872241259
6283.5 417.4382703229785
6283.8 -39.89404436945915
6284.1 -128.94888251787052
6284.4 192.6347071826458
6284.7 -26.98844199627638
6285.0 94.32125790417194
6285.3 401.0203742310405
6285.6 -1.4435057267546654
6285.9 -49.00529959797859
6286.2 524.9715160876513
6286.5 233.3820376098156
6286.8 107.4788104891777
6287.1 185.2454675734043
6287.4 415.2610302120447
6287.7 157.48858180642128
6288.0 147.50093799829483
6288.3 150.9959053657949
6288.6 343.3706946372986
6288.9 121.17528516054153
6289.2 -10.642115890979767
6289.5 -8.460707247257233
6289.8 -33.979206800460815
6290.1 -94.66621385514736
6290.4 235.37649783492088
6290.7 428.88064499758184
6291.0 132.0680663511157
6291.3 109.88441667333245
6291.6 41.58735292777419
6291.9 108.64314219355583
6292.2 252.10179866105318
6292.5 378.3356671342626
6292.8 8.847407206892967
6293.1 119.39003110234626
6293.4 198.32563223410398
6293.7 33.75541200488806
6294.0 140.4847824126482
6294.3 207.50957261957228
6294.6 282.72085458785295
6294.9 -28.324562430381775
6295.2 179.89572280226275
6295.5 283.7504376890138
6295.8 9.758113821968436
6296.1 -42.16049945354462
6296.4 181.3781469464302
6296.7 75.69277088344097
6297.0 273.67929754033685
6297.3 447.9746316578239
6297.6 437.3679615855217
6297.9 -117.98331867158413
6298.2 149.54537913575768
6298.5 285.2550051212311
6298.8 -3216.372984290123
6299.1 5970.342452645302
6299.4 8439.987047672272
6299.7 -11806.24624300003
6300.0 -8354.640411138535
6300.3 9227.715131223202
6300.6 4178.040488138795
6300.9 -2717.8159544467926
6301.2 -485.5432667210698
6301.5 117.55769144743681
6301.8 -380.2445243895054
6302.1 -0.8723856806755066
6302.4 249.68364876136184
6302.7 0.5768138915300369
6303.0 -36.36105298995972
6303.3 241.69658601656556
6303.6 427.5214323848486
6303.9 220.5441939085722
6304.2 208.81081553176045
6304.5 278.0876349955797
6304.8 -39.2774333357811
6305.1 183.17664040997624
6305.4 95.25926901772618
6305.7 149.65071567893028
6306.0 173.71121125668287
6306.3 24.642696879804134
6306.6 1.5133538395166397
6306.9 819.4407692551613
6307.2 374.7221302911639
6307.5 314.4314053878188
6307.8 258.28759360313416
6308.1 -1.5585757419466972
6308.4 166.25693699717522
6308.7 259.47039501648396
6309.0 34.30293343961239
6309.3 38.27857513539493
6309.6 380.69803507998586
6309.9 283.3183669447899
6310.2 237.17083632946014
6310.5 6.942947298288345
6310.8 505.1698262281716
6311.1 179.60898872464895
6311.4 118.73143431544304
6311.7 171.6226389631629
6312.0 229.6446731686592
6312.3 103.24516171216965
6312.6 316.8320260643959
6312.9 412.4124062526971
6313.2 233.73640570789576
6313.5 183.70435351133347
6313.8 371.88579274946824
6314.1 80.46935318410397
6314.4 212.42873116582632
6314.7 392.22033405303955
6315.0 46.049664833117276
6315.3 43.5944747030735
6315.6 429.9432021677494
6315.9 290.92639860510826
6316.2 96.56788694858551
6316.5 117.69797910749912
6316.8 353.59931312315166
6317.1 -78.03076982870698
6317.4 254.43516075611115
6317.7 -75.56586556136608
6318.0 -10.18623242713511
6318.3 396.66208639740944
6318.6 51.05025816708803
6318.9 -170.4531769528985
6319.2 215.74575114250183
6319.5 59.004021376371384
6319.8 -26.680530034005642
6320.1 169.9972591549158
6320.4 541.2088087582961
6320.7 237.3758019953966
6321.0 -240.32455718517303
6321.3 155.6638968884945
6321.6 325.5952395796776
6321.9 -98.45698967203498
6322.2 -165.464391104877
6322.5 -8.940306708216667
6322.8 -46.386922508478165
6323.1 233.63090974837542
6323.4 117.18608777970076
6323.7 238.41645787656307
6324.0 91.5958908200264
6324.3 410.78588730096817
6324.6 140.45383766293526
6324.9 329.01259882748127
6325.2 -151.59648637473583
6325.5 293.7069405540824
6325.8 330.4183643963188
6326.1 223.98738458752632
6326.4 590.0435668476857
6326.7 151.63555973023176
6327.0 -217.43364553153515
6327.3 241.11911300662905
6327.6 39.85094948858023
6327.9 -94.00583864748478
6328.2 50.93666276684962
6328.5 165.61177910864353
6328.8 492.21713957190514
6329.1 287.8803229033947
6329.4 -228.62091967463493
6329.7 127.56266474723816
6330.0 546.6591548025608
6330.3 -37.37706768512726
6330.6 644.7934269681573
6330.9 278.559750854969
6331.2 238.76017750240862
6331.5 341.9090265631676
6331.8 209.08971175551414
6332.1 180.11749605834484
6332.4 242.59159022942185
6332.7 130.95608487725258
6333.0 -68.17646118998528
6333.3 78.29780279845
6333.6 206.43511526286602
6333.9 246.6750104650855
6334.2 219.6720778606832
6334.5 279.6392928957939
6334.8 379.8580259680748
6335.1 446.60390558838844
6335.4 423.0462323129177
6335.7 218.12195947766304
6336.0 270.14743957668543
6336.3 187.1432882025838
6336.6 -243.2068658657372
6336.9 -0.4900806676596403
6337.2 -218.81298251450062
6337.5 -18.18336471915245
6337.8 -0.18028409034013748
6338.1 307.8934100791812
6338.4 283.95021319389343
6338.7 -27.421678518876433
6339.0 -25.864345088601112
6339.3 -216.24630124866962
6339.6 408.4840493351221
6339.9 250.6689451597631
6340.2 20.983657836914062
6340.5 -83.46168467402458
6340.8 -0.9105952084064484
6341.1 355.58739184588194
6341.4 213.96982301026583
6341.7 229.55157941952348
6342.0 220.52685944363475
6342.3 145.67428137362003
6342.6 244.30475740134716
6342.9 219.72283338848501
6343.2 -49.068187549710274
6343.5 37.90965836495161
6343.8 115.14993979223073
6344.1 -91.61230900324881
6344.4 -63.090494990348816
6344.7 100.9383299574256
6345.0 -92.75681638717651
6345.3 123.07492104405537
6345.6 489.20403531193733
6345.9 337.1301228515804
6346.2 152.23206041939557
6346.5 292.23106041550636
6346.8 205.65697041153908
6347.1 447.9711471796036
6347.4 483.11959663778543
6347.7 -49.54105007648468
6348.0 109.8208185210824
6348.3 179.6023281738162
6348.6 196.1337166428566
6348.9 218.813589759171
6349.2 -94.11062586680055
6349.5 246.34896344691515
6349.8 198.7109625991434
6350.1 66.82200600206852
6350.4 -52.90341164544225
6350.7 331.76145834103227
6351.0 319.93929287418723
6351.3 315.0454098631162
6351.6 101.13488667272031
6351.9 107.7021111547947
6352.2 99.4351931065321
6352.5 609.9731384194456
6352.8 146.15292018651962
6353.1 -2.5640961825847626
6353.4 216.34554497897625
6353.7 22.893920950591564
6354.0 -114.14170511811972
6354.3 6.696480020880699
6354.6 425.15597331523895
6354.9 202.78888484835625
6355.2 306.52516111917794
6355.5 105.15639840811491
6355.8 -39.26765822060406
6356.1 45.56264877319336
6356.4 -35.59006033092737
6356.7 42.050281366333365
6357.0 245.8501202017069
6357.3 461.4812686955556
6357.6 42.43191388249397
6357.9 -0.716951456386596
6358.2 40.61053564399481
6358.5 -83.35777357965708
6358.8 220.38557385653257
6359.1 59.91587936878204
6359.4 253.882317148149
6359.7 300.5531810633838
6360.0 282.5273422598839
6360.3 259.94558835588396
6360.6 169.68310815095901
6360.9 114.72580298408866
6361.2 -293.5267829820514
6361.5 -245.74068892002106
6361.8 177.5548319965601
6362.1 -140.49747216701508
6362.4 -41.665988236665726
6362.7 4021.84707403183
6363.0 653.3976909816265
6363.3 -6635.017405033112
6363.6 178.91165697574615
6363.9 4651.77507519722
6364.2 378.261410664767
6364.5 -607.8272003531456
6364.8 462.9947161152959
6365.1 -101.24963115900755
6365.4 -151.10998582281172
6365.7 34.13248951733112
6366.0 122.22257280349731
6366.3 270.0199700370431
6366.6 506.0005509853363
6366.9 -97.59802244976163
6367.2 -80.96675949543715
6367.5 121.881104439497
6367.8 232.12465931102633
6368.1 353.6937819328159
6368.4 201.64636500924826
6368.7 323.63286900147796
6369.0 -166.39730235934258
6369.3 48.98252660408616
6369.6 231.79020716249943
6369.9 408.5477483253926
6370.2 148.9022414535284
6370.5 132.96706695109606
6370.8 257.5044018737972
6371.1 432.47435503453016
6371.4 502.3724803030491
6371.7 432.05994740128517
6372.0 83.29497326537967
6372.3 -213.87434258311987
6372.6 -55.30227709747851
6372.9 52.209319399669766
6373.2 239.43601000588387
6373.5 71.93492722511292
6373.8 115.19470851123333
6374.1 393.675967566669
6374.4 307.7090486139059
6374.7 6.587509803473949
6375.0 88.15110891312361
6375.3 60.74931197986007
6375.6 131.418297059834
6375.9 -1.6638674437999725
6376.2 119.6584920566529
6376.5 -16.004113629460335
6376.8 159.43772419169545
6377.1 231.581244379282
6377.4 279.2082532569766
6377.7 569.1504944600165
6378.0 231.36435882095248
6378.3 -13.431589990854263
6378.6 190.54505415260792
6378.9 85.56433133035898
6379.2 238.63259468972683
6379.5 223.66025997325778
6379.8 -300.60771057754755
6380.1 -39.79830040037632
6380.4 -96.55897125601768
6380.7 -13.545941652730107
6381.0 227.6545031964779
6381.3 278.2688538581133
6381.6 372.2427379032597
6381.9 -194.34887677431107
6382.2 -111.91649208962917
6382.5 344.2294642738998
6382.8 393.6505346586928
6383.1 341.43295788764954
6383.4 130.7237798459828
6383.7 260.2183861732483
6384.0 297.1777920592576
6384.3 -130.85232312977314
6384.6 148.57440868020058
6384.9 149.95837288349867
6385.2 382.5649882182479
6385.5 352.0358185470104
6385.8 382.3065186291933
6386.1 220.30940292030573
6386.4 301.7088827639818
6386.7 379.42166920751333
6387.0 286.97982700914145
6387.3 469.2345895841718
6387.6 208.96073045954108
6387.9 16.734020985662937
6388.2 139.8423930555582
6388.5 421.3403818756342
6388.8 425.6259231939912
6389.1 641.4645495116711
6389.4 264.5179443061352
6389.7 204.01596451178193
6390.0 200.19147273898125
6390.3 431.4662967454642
6390.6 415.036758184433
6390.9 329.39572471380234
6391.2 302.57003477495164
6391.5 239.15142127871513
6391.8 231.0092734261416
6392.1 237.78564565628767
6392.4 53.99719123542309
6392.7 -63.38016224652529
6393.0 326.4731292873621
6393.3 385.9827215708792
6393.6 47.17974901199341
6393.9 124.31776489689946
6394.2 521.3364958614111
6394.5 148.6893377006054
6394.8 185.87285473942757
6395.1 149.45152626931667
6395.4 42.275695733726025
6395.7 -226.6692523509264
6396.0 252.52425710111856
6396.3 265.6656264141202
6396.6 41.524216026067734
6396.9 268.47661873698235
6397.2 90.28819362074137
6397.5 287.3481103219092
6397.8 197.92966462671757
6398.1 328.7233149409294
6398.4 178.4321985244751
6398.7 -134.82642226666212
6399.0 235.14156226068735
6399.3 50.458996664732695
6399.6 309.9299663454294
6399.9 226.6668999493122
6400.2 409.38752875477076
6400.5 -84.16474515199661
6400.8 115.38963174819946
6401.1 472.20914025977254
6401.4 444.14895213767886
6401.7 188.63526935130358
6402.0 450.5881251692772
6402.3 73.08977606147528
6402.6 -17.924290530383587
6402.9 269.5160806616768
6403.2 180.13116096705198
6403.5 390.30376179516315
6403.8 464.5951230917126
6404.1 465.8352761063725
6404.4 272.21483217179775
6404.7 26.692521695047617
6405.0 -95.55934784887359
6405.3 -47.48597273975611
6405.6 -77.22947766631842
6405.9 272.67192354798317
6406.2 303.0808698364999
6406.5 223.0453749448061
6406.8 27.989263468887657
6407.1 196.1346917450428
6407.4 -78.82284228876233
6407.7 64.84055652469397
6408.0 124.15364668145776
6408.3 -298.24614460766315
6408.6 36.60972847044468
6408.9 132.82829612493515
6409.2 145.19424420036376
6409.5 158.95439217984676
6409.8 543.9823425430804
6410.1 127.15868052840233
6410.4 126.57917236792855
6410.7 216.31239919364452
6411.0 227.72983722388744
6411.3 263.5059556104243
6411.6 480.5945591777563
6411.9 439.77130791544914
6412.2 163.2603136105463
6412.5 280.32550755143166
6412.8 373.9220907613635
6413.1 130.3341310620308
6413.4 338.5043864585459
6413.7 597.1056534461677
6414.0 394.27035266160965
6414.3 319.51637691259384
6414.6 157.7520939707756
6414.9 -57.70210301503539
6415.2 -336.13219667598605
6415.5 -278.19989252090454
6415.8 31.33923952281475
6416.1 101.0464200079441
6416.4 134.7853543460369
6416.7 351.57767973840237
6417.0 404.68986877799034
6417.3 173.0256414040923
6417.6 113.70173462852836
6417.9 10.967887602746487
6418.2 0.39681753516197205
6418.5 55.04875296866521
6418.8 200.36107248440385
6419.1 153.15298440679908
6419.4 -23.272741347551346
6419.7 84.41579130291939
6420.0 198.65463564544916
6420.3 152.26055413857102
6420.6 174.30304170027375
6420.9 360.65800649672747
6421.2 41.5019487850368
6421.5 28.422673327848315
6421.8 155.4686487019062
6422.1 69.33471504040062
6422.4 211.37176332995296
6422.7 74.51942631602287
6423.0 192.59731245785952
6423.3 205.75459426641464
6423.6 429.00568265654147
6423.9 401.33620538562536
6424.2 232.73078340291977
6424.5 121.51241835113615
6424.8 216.66003730893135
6425.1 328.2640691399574
6425.4 -16.161229709163308
6425.7 373.1588546279818
6426.0 247.08488275110722
6426.3 167.16259711235762
6426.6 195.01380069553852
6426.9 157.9732615351677
6427.2 272.402468373999
6427.5 -45.06253523379564
6427.8 320.92648923397064
6428.1 350.4599511101842
6428.4 224.03618158074096
6428.7 147.61545790731907
6429.0 119.6956474147737
6429.3 -152.0787294022739
6429.6 -183.57592578604817
6429.9 73.77404407807626
6430.2 104.22664761543274
6430.5 60.009245997294784
6430.8 -187.52489131518814
6431.1 193.0775065496564
6431.4 102.7830186393112
6431.7 180.1631223410368
6432.0 134.64799274504185
6432.3 139.40638545859838
6432.6 -34.93096463754773
6432.9 133.0216629318893
6433.2 151.76196738146245
6433.5 464.9873694094131
6433.8 343.75902041979134
6434.1 466.84744902327657
6434.4 103.22421221621335
6434.7 395.96177181601524
6435.0 285.38776606321335
6435.3 188.67095432430506
6435.6 65.04054370522499
6435.9 131.73749627918005
6436.2 280.7150374054909
6436.5 66.61690759658813
6436.8 -96.37099449336529
6437.1 33.113674878142774
6437.4 -19.42179938033223
6437.7 247.78049997240305
6438.0 180.88297607004642
6438.3 111.54136318387464
6438.6 550.3618047833443
6438.9 405.0962205827236
6439.2 254.90391662716866
6439.5 90.42717500030994
6439.8 279.16640643723076
6440.1 274.86335362354293
6440.4 445.469145193696
6440.7 173.88630244135857
6441.0 121.2435278147459
6441.3 251.78974273055792
6441.6 272.4147558026016
6441.9 210.73905644007027
6442.2 161.81005550920963
6442.5 42.062148839235306
6442.8 274.005293905735
6443.1 -467.71987757086754
6443.4 -95.79016482457519
6443.7 411.2888061776757
6444.0 459.1820706874132
6444.3 169.97669675946236
6444.6 -47.164722464978695
6444.9 105.59647562168539
6445.2 339.79130480997264
6445.5 384.3263530731201
6445.8 155.20262376964092
6446.1 355.68044605851173
6446.4 552.426449906081
6446.7 400.5473898947239
6447.0 195.30738087114878
6447.3 106.23288634419441
6447.6 192.25946497172117
6447.9 348.68849421292543
6448.2 191.8299310905859
6448.5 83.50467855669558
6448.8 230.64613194018602
6449.1 381.86582827568054
6449.4 -42.10654840245843
6449.7 -329.8252872377634
6450.0 162.21574133634567
6450.3 542.1428090333939
6450.6 135.05201718583703
6450.9 398.19489734247327
6451.2 463.79582664370537
6451.5 514.6008782684803
6451.8 383.52880597114563
6452.1 54.77100906521082
6452.4 94.67081502079964
6452.7 308.7218623459339
6453.0 521.9315376579762
6453.3 443.57146552950144
6453.6 410.3557843118906
6453.9 385.2717100083828
6454.2 206.8815355822444
6454.5 153.77107948437333
6454.8 324.2008466348052
6455.1 437.06549558613915
6455.4 393.4071568325162
6455.7 312.7862943969667
6456.0 165.28103292360902
6456.3 105.42698809504509
6456.6 256.22257508244365
6456.9 91.44822406768799
6457.2 303.0457312911749
6457.5 300.116492792964
6457.8 227.76332599669695
6458.1 134.70214547216892
6458.4 63.72879511117935
6458.7 281.24414191395044
6459.0 201.40707832947373
6459.3 -42.47406112216413
6459.6 162.42020391859114
6459.9 153.64842630177736
6460.2 190.98098343610764
6460.5 302.15563283115625
6460.8 185.5014405027032
6461.1 -259.5837294347584
6461.4 29.210139133036137
6461.7 114.77814348042011
6462.0 355.6323781311512
6462.3 228.88145094551146
6462.6 49.19080042466521
6462.9 424.7717229574919
6463.2 2.206906221807003
6463.5 296.0181967020035
6463.8 222.29901771619916
6464.1 515.5412797629833
6464.4 48.4367852807045
6464.7 174.47400100529194
6465.0 84.1749533675611
6465.3 -18.054017394781113
6465.6 99.64544567465782
6465.9 191.40401217341423
6466.2 -23.956277146935463
6466.5 -111.17400807142258
6466.8 269.0233519524336
6467.1 -113.17328942753375
6467.4 -109.95244771707803
6467.7 426.031605258584
6468.0 369.8865377306938
6468.3 295.9442592859268
6468.6 300.97215512394905
6468.9 69.84712970256805
6469.2 -108.70950588583946
6469.5 147.84087640792131
6469.8 259.4968849122524
6470.1 753.1201987080276
6470.4 562.2066655438393
6470.7 111.7578653395176
6471.0 323.4079819023609
6471.3 405.08871803153306
6471.6 263.28710612654686
6471.9 503.7136867241934
6472.2 369.47761676460505
6472.5 -22.702639013528824
6472.8 108.32350823283195
6473.1 -240.96656515076756
6473.4 -94.3705897887703
6473.7 394.93762324377894
6474.0 233.29003954306245
6474.3 153.44292703270912
6474.6 430.0184505879879
6474.9 415.63983922451735
6475.2 265.0146425757557
6475.5 54.13497892394662
6475.8 256.5166760236025
6476.1 -87.00605311244726
6476.4 253.47890507802367
6476.7 129.5774252973497
6477.0 329.3889321833849
6477.3 112.07861445844173
6477.6 13.465073793195188
6477.9 328.61551666166633
6478.2 316.91939782816917
6478.5 436.56571249105036
6478.8 239.6122971684672
6479.1 299.5528384000063
6479.4 417.0953350700438
6479.7 330.7607313543558
6480.0 93.01770442759153
6480.3 73.35410025343299
6480.6 29.166907446458936
6480.9 351.65012031793594
6481.2 68.48435990512371
6481.5 175.80517879128456
6481.8 289.74421999789774
6482.1 353.3109900553245
6482.4 185.12259046826512
6482.7 139.23740608617663
6483.0 147.67948296666145
6483.3 71.0169728398323
6483.6 122.19589427113533
6483.9 -10.366998940706253
6484.2 109.68400104343891
6484.5 393.5239392220974
6484.8 -46.9468839764595
6485.1 -210.52396966516972
6485.4 58.88593561947346
6485.7 17.23650648444891
6486.0 121.65952450409532
6486.3 281.77915365993977
6486.6 205.5853542983532
6486.9 -62.26596272783354
6487.2 258.9105025343597
6487.5 26.66664511524141
6487.8 301.1376031767577
6488.1 339.2372244298458
6488.4 89.07509557618323
6488.7 1.638047680258751
6489.0 278.1671532765031
6489.3 386.1077966541052
6489.6 337.6146253198385
6489.9 230.69944842159748
6490.2 193.6945265866816
6490.5 322.45024551451206
6490.8 418.3959847949445
6491.1 330.3203366883099
6491.4 -0.024230465292930603
6491.7 146.93700213730335
6492.0 217.5013791359961
6492.3 338.7545773219317
6492.6 27.530060067772865
6492.9 123.69269834458828
6493.2 321.5700184777379
6493.5 153.009157076478
6493.8 41.48536956310272
6494.1 231.41280337329954
6494.4 256.9333912357688
6494.7 -48.70628786087036
6495.0 348.1995248571038
6495.3 387.91059421002865
6495.6 267.11802085489035
6495.9 497.03541749715805
6496.2 158.06395317614079
6496.5 284.5431704223156
6496.8 537.4598512947559
6497.1 33.93287121783942
6497.4 -168.85467392206192
6497.7 579.5762057267129
6498.0 557.4904447682202
6498.3 -133.9639521688223
6498.6 406.20019724965096
6498.9 449.876980766654
6499.2 22.962531566619873
6499.5 39.966452956199646
6499.8 182.1638176292181
6500.1 195.54973589628935
6500.4 199.7376233935356
6500.7 263.2987367324531
6501.0 252.86053663492203
6501.3 330.34504500404
6501.6 279.9458636492491
6501.9 -13.695405751466751
6502.2 514.172599490732
6502.5 352.69185882341117
6502.8 389.3635641038418
6503.1 244.1654913276434
6503.4 28.940256647765636
6503.7 268.6284618061036
6504.0 27.162055015563965
6504.3 247.90387080609798
6504.6 1.4530930668115616
6504.9 131.1433879584074
6505.2 244.37888285517693
6505.5 -325.5884890779853
6505.8 146.53057454526424
6506.1 23.32947838306427
6506.4 104.21331693604589
6506.7 -49.28927582502365
6507.0 445.92711723968387
6507.3 568.0989384166896
6507.6 229.5917525291443
6507.9 437.83525652159005
6508.2 367.77087101340294
6508.5 265.6252910196781
6508.8 195.0039106970653
6509.1 292.6090097203851
6509.4 98.1602885723114
6509.7 347.5814359076321
6510.0 391.8824245319702
6510.3 154.03777092695236
6510.6 -22.707284346222878
6510.9 -27.952838703989983
6511.2 241.455368405208
6511.5 119.64819415658712
6511.8 163.94313116371632
6512.1 150.28696367144585
6512.4 160.94781047292054
6512.7 298.31224701553583
6513.0 392.9220725223422
6513.3 322.1247320882976
6513.6 186.7256810888648
6513.9 462.84722669422626
6514.2 367.313821837306
6514.5 -136.6919959038496
6514.8 -27.28019711561501
6515.1 177.15108291059732
6515.4 158.9111500531435
6515.7 217.5229603946209
6516.0 389.4882403463125
6516.3 367.50840697437525
6516.6 87.49143002182245
6516.9 351.48857709392905
6517.2 -134.80744594335556
6517.5 -5.518561654724181
6517.8 111.84036915563047
6518.1 413.52383467555046
6518.4 474.52915968745947
6518.7 469.59001894295216
6519.0 372.59767081029713
6519.3 182.28188364207745
6519.6 93.38190348818898
6519.9 296.8498374372721
6520.2 488.8589705899358
6520.5 -114.1050646007061
6520.8 74.84831523895264
6521.1 200.86305605620146
6521.4 223.62515524076298
6521.7 485.2969266176224
6522.0 299.82889430597425
6522.3 575.6812524721026
6522.6 305.0592299811542
6522.9 429.24240973591805
6523.2 197.9437827244401
6523.5 224.63407188281417
6523.8 92.56523317098618
6524.1 135.15928110852838
6524.4 129.96149268746376
6524.7 184.54188254475594
6525.0 222.5354585237801
6525.3 243.08491978794336
6525.6 365.7723149433732
6525.9 355.1962769329548
6526.2 -98.36292431876063
6526.5 518.7010569944978
6526.8 388.39440143853426
6527.1 171.00342333316803
6527.4 57.85668064840138
6527.7 220.494216658175
6528.0 -48.97025931440294
6528.3 143.59905011206865
6528.6 363.20380799099803
6528.9 426.2579882014543
6529.2 525.0483169853687
6529.5 310.1902846097946
6529.8 -42.05043084919453
6530.1 -44.98501181602478
6530.4 197.1110359732993
6530.7 405.31802369561046
6531.0 315.6370823029429
6531.3 179.22675204882398
6531.6 44.611812084913254
6531.9 491.10304771736264
6532.2 80.84466341137886
6532.5 -310.5047795474529
6532.8 -1.2174555361270905
6533.1 430.2929417323321
6533.4 30.72033590078354
6533.7 -54.76582244038582
6534.0 114.93482003733516
6534.3 228.10086846351624
6534.6 144.94806641340256
6534.9 323.8827912816778
6535.2 389.1042280495167
6535.5 234.14088239055127
6535.8 408.32992578297853
6536.1 399.35740345716476
6536.4 376.5198883153498
6536.7 424.0566704943776
6537.0 336.0673067718744
6537.3 210.31776202470064
6537.6 345.3238316476345
6537.9 284.80326521396637
6538.2 277.8787403702736
6538.5 215.67829996347427
6538.8 353.42857030034065
6539.1 288.9831660166383
6539.4 275.60836014151573
6539.7 177.36278016713914
6540.0 2.117919944226742
6540.3 22.466513961553574
6540.6 386.36096235364676
6540.9 -152.80347703397274
6541.2 80.46042557060719
6541.5 56.24857250228524
6541.8 160.84977465867996
6542.1 23.85006992518902
6542.4 -151.11358162760735
6542.7 125.53669376205653
6543.0 281.21624733461067
6543.3 262.48773923516273
6543.6 107.97642195597291
6543.9 390.54453512094915
6544.2 143.89484223723412
6544.5 -70.03835991024971
6544.8 27.870239155367017
6545.1 158.7981843240559
6545.4 291.99192538810894
6545.7 310.1994392424822
6546.0 -122.99877066910267
6546.3 -228.21431947872043
6546.6 163.96813260018826
6546.9 394.00496914982796
6547.2 17.250810388475657
6547.5 545.819232493639
6547.8 262.3074917681515
6548.1 74.28558155149221
6548.4 300.0707085430622
6548.7 315.33824452757835
6549.0 -89.06702132546343
6549.3 239.46652849018574
6549.6 119.88621289283037
6549.9 -149.6026319488883
6550.2 269.0859786607325
6550.5 202.101267054677
6550.8 337.33423280343413
6551.1 316.70543767511845
6551.4 73.36093726754189
6551.7 102.17467174306512
6552.0 177.50239604711533
6552.3 -93.72721792757511
6552.6 358.0784104168415
6552.9 647.5066059213132
6553.2 3.905860146507621
6553.5 410.5448603183031
6553.8 557.1213370636106
6554.1 -22.70681317523122
6554.4 -64.7106471825391
6554.7 197.53067720867693
6555.0 204.8606127500534
6555.3 -60.26636906713247
6555.6 186.6981423436664
6555.9 225.16960763186216
6556.2 103.09107831120491
6556.5 113.55246213078499
6556.8 22.51834499486722
6557.1 12.55282635986805
6557.4 331.979155510664
6557.7 263.4063160791993
6558.0 149.91424684599042
6558.3 142.1748044975102
6558.6 255.06018429994583
6558.9 34.6941137984395
6559.2 33.821899958886206
6559.5 120.43444024585187
6559.8 -53.10254650935531
6560.1 59.504575952887535
6560.4 331.53066604956985
6560.7 287.85496309679
6561.0 369.48973643779755
6561.3 62.57739209011197
6561.6 220.66821157932281
6561.9 339.083590477705
6562.2 265.019072920084
6562.5 279.298114746809
6562.8 544.8186229169369
6563.1 327.94237146817613
6563.4 270.49372959136963
6563.7 216.13320642523468
6564.0 79.75803931802511
6564.3 -118.44407023303211
6564.6 354.4478431493044
6564.9 439.2959780320525
6565.2 245.48429422080517
6565.5 353.26079116016626
6565.8 219.3151395013556
6566.1 247.02635531127453
6566.4 243.78382508084178
6566.7 422.42813978367485
6567.0 252.87926261126995
6567.3 284.4541628956795
6567.6 268.57046915590763
6567.9 496.7549529466778
6568.2 268.2944170758128
6568.5 251.56086683273315
6568.8 304.5699409544468
6569.1 286.1824550353922
6569.4 268.11688144505024
6569.7 333.75359178334475
6570.0 217.10415416955948
6570.3 20.357985347509384
6570.6 160.17284416407347
6570.9 165.6834788993001
6571.2 -150.32787558063865
6571.5 17.128055304288864
6571.8 341.2266785353422
6572.1 -229.80316923558712
6572.4 148.91078040376306
6572.7 185.75581011734903
6573.0 151.75899189990014
6573.3 390.43580945860595
6573.6 494.5185609459877
6573.9 409.8162754289806
6574.2 98.79400636255741
6574.5 356.5565657764673
6574.8 359.0998346656561
6575.1 206.83901564776897
6575.4 -11.267530098557472
6575.7 246.4656405877322
6576.0 388.8592884019017
6576.3 648.9934971630573
6576.6 111.0559985935688
6576.9 374.1299279332161
6577.2 531.2211914807558
6577.5 451.2203669603914
6577.8 390.50672962516546
6578.1 485.0035415813327
6578.4 450.8196371719241
6578.7 403.91937470436096
6579.0 183.3559218440205
6579.3 22.45525495102629
6579.6 253.5836764574051
6579.9 255.85693656653166
6580.2 307.7984804324806
6580.5 283.2279590368271
6580.8 391.8792300708592
6581.1 209.08621440827847
6581.4 214.79948596830945
6581.7 404.09926354140043
6582.0 241.22295500338078
6582.3 338.4704824090004
6582.6 178.0784676373005
6582.9 259.85440625296906
6583.2 239.5807601287961
6583.5 215.8862191066146
6583.8 385.20927692204714
6584.1 389.4243268072605
6584.4 393.91887801885605
6584.7 288.46605075895786
6585.0 162.54160312982276
6585.3 57.33041499555111
6585.6 301.63359831273556
6585.9 172.07499105855823
6586.2 297.7131730467081
6586.5 169.92526254057884
6586.8 170.69387525692582
6587.1 290.5651804059744
6587.4 248.59571178583428
6587.7 361.295415263623
6588.0 414.83273661881685
6588.3 247.98647164553404
6588.6 274.64591616764665
6588.9 133.87118767946959
6589.2 -52.06794386357069
6589.5 36.12851010262966
6589.8 489.6318961372599
6590.1 454.25845249020495
6590.4 49.70990137755871
6590.7 532.1833706796169
6591.0 316.7917426880449
6591.3 152.49522496014833
6591.6 277.3487229794264
6591.9 -12.036650972440839
6592.2 364.9188884347677
6592.5 250.42705324292183
6592.8 50.94336986169219
6593.1 88.35337102413177
6593.4 160.9968920405954
6593.7 212.81662263721228
6594.0 256.15747332572937
6594.3 175.85424003750086
6594.6 247.36015345714986
6594.9 283.4729789197445
6595.2 287.4094598200172
6595.5 288.2662281692028
6595.8 195.69530642032623
6596.1 -65.77577739953995
6596.4 77.33275507390499
6596.7 226.10997166484594
6597.0 26.82952569425106
6597.3 208.55175390839577
6597.6 400.53049613907933
6597.9 378.167504131794
6598.2 478.5650987699628
6598.5 114.86139847710729
6598.8 153.1916557997465
6599.1 149.41129377111793
6599.4 285.888635892421
6599.7 176.10606217104942
6600.0 304.3524285759777
6600.3 229.58334784209728
6600.6 263.4653722681105
6600.9 90.87069859728217
6601.2 19.237320978194475
6601.5 251.21498929709196
6601.8 322.82183262705803
6602.1 133.73129564523697
6602.4 333.42254085093737
6602.7 352.9775171801448
6603.0 283.29514104127884
6603.3 275.229843698442
6603.6 260.5263950973749
6603.9 500.3309717779048
6604.2 524.17707227543
6604.5 359.12891139648855
6604.8 182.7268979549408
6605.1 504.0852748360485
6605.4 191.02847070246935
6605.7 64.78389981389046
6606.0 57.717283042147756
6606.3 -73.63944535329938
6606.6 234.22476636618376
6606.9 261.4639497101307
6607.2 219.22591537423432
6607.5 414.2128016501665
6607.8 355.8146595582366
6608.1 122.40606141090393
6608.4 29.779805871658027
6608.7 2.913829617202282
6609.0 247.50608248263597
6609.3 183.9907987266779
6609.6 278.2025334984064
6609.9 356.7402519574389
6610.2 127.59211868047714
6610.5 362.1512726917863
6610.8 183.22026553750038
6611.1 350.2321085818112
6611.4 251.30677957832813
6611.7 361.2687464952469
6612.0 354.4332485795021
6612.3 207.3242599274963
6612.6 404.46193055808544
6612.9 540.2524879984558
6613.2 352.3076043725014
6613.5 240.07527321577072
6613.8 -250.51565039157867
6614.1 184.07832074165344
6614.4 239.20181201398373
6614.7 330.48010740429163
6615.0 290.2577959820628
6615.3 310.18466383963823
6615.6 130.7739161849022
6615.9 170.10224352777004
6616.2 -59.83761725574732
6616.5 -105.87124340236187
6616.8 277.2075858563185
6617.1 523.6002467982471
6617.4 361.44007128477097
6617.7 209.97892754152417
6618.0 200.49217747151852
6618.3 128.74685701727867
6618.6 307.6510384641588
6618.9 351.91724138334394
6619.2 95.72575996257365
6619.5 412.79588237404823
6619.8 216.5360516756773
6620.1 -75.99735084176064
6620.4 -62.45835532154888
6620.7 239.33899857779033
6621.0 204.50525177828968
6621.3 294.13050208985806
6621.6 333.7771643400192
6621.9 390.3130885194987
6622.2 589.9020098298788
6622.5 391.23918625712395
6622.8 131.6234410740435
6623.1 268.61748637259007
6623.4 428.02398309111595
6623.7 221.39000341296196
6624.0 216.9391798088327
6624.3 81.80467412201688
6624.6 25.57358382642269
6624.9 71.84837958216667
6625.2 597.4318931214511
6625.5 347.6672111749649
6625.8 127.2017477080226
6626.1 -35.19662343710661
6626.4 17.617628544569016
6626.7 296.7669561803341
6627.0 68.3027936629951
6627.3 376.58522213995457
6627.6 369.1780812293291
6627.9 470.6997523754835
6628.2 349.5332115921483
6628.5 242.7013012357056
6628.8 245.96547784656286
6629.1 257.03813598677516
6629.4 14.105482995510101
6629.7 120.90395162627101
6630.0 141.61606992501765
6630.3 372.62209948152304
6630.6 275.22876709885895
6630.9 583.1136495769024
6631.2 260.5387821351178
6631.5 262.05747428536415
6631.8 424.50405966490507
6632.1 318.54231479018927
6632.4 199.54412050172687
6632.7 169.98148253560066
6633.0 167.7374727576971
6633.3 332.5942420451902
6633.6 434.9043963737786
6633.9 109.49510180950165
6634.2 189.2163806334138
6634.5 365.6783919483423
6634.8 345.7916320487857
6635.1 301.170323099941
6635.4 405.9219233095646
6635.7 254.94125870242715
6636.0 160.81606663018465
6636.3 302.1973908878863
6636.6 306.94234884530306
6636.9 39.72055817395449
6637.2 222.3349911822006
6637.5 614.5600469075143
6637.8 381.7969387099147
6638.1 574.7702331617475
6638.4 544.2771100252867
6638.7 556.6059080474079
6639.0 574.69834035635
6639.3 357.9106177985668
6639.6 694.6384042818099
6639.9 661.7053229976445
6640.2 457.40472811460495
6640.5 157.51313233748078
6640.8 538.0315274000168
6641.1 339.16139805316925
6641.4 233.40586634725332
6641.7 438.28278747200966
6642.0 330.8891785610467
6642.3 484.21597519516945
6642.6 347.6431288421154
6642.9 425.28542017936707
6643.2 403.90507286787033
6643.5 269.3017464391887
6643.8 470.16164579987526
6644.1 402.5281345844269
6644.4 31.965180829167366
6644.7 332.3839528299868
6645.0 105.09450399875641
6645.3 315.02470891177654
6645.6 212.97901609539986
6645.9 201.22918892279267
6646.2 339.30152493715286
6646.5 78.33643534779549
6646.8 185.77859071797866
6647.1 80.0091083496809
6647.4 14.686786241829395
6647.7 282.67667704820633
6648.0 310.1330006495118
6648.3 397.6920495778322
6648.6 429.5768631994724
6648.9 374.4718819707632
6649.2 207.30623266100883
6649.5 452.82221758458763
6649.8 469.22224573791027
6650.1 460.44466598983854
6650.4 538.8235842734575
6650.7 581.1576917432249
6651.0 612.6813848912716
6651.3 589.082528591156
6651.6 991.157867372036
6651.9 1101.1787777245045
6652.2 1070.59385336563
6652.5 1205.760307610035
6652.8 1433.8271692842245
6653.1 1682.6920731663704
6653.4 1813.1387709975243
6653.7 2328.3961624205112
6654.0 2022.1256497316062
6654.3 2136.0144666731358
6654.6 2173.761458694935
6654.9 1672.2864587008953
6655.2 1345.3084908276796
6655.5 915.2159759160131
6655.8 825.2125019431114
6656.1 644.8314121626318
6656.4 622.157939016819
6656.7 667.0413180589676
6657.0 576.1747404634953
6657.3 611.4474049806595
6657.6 583.3521039709449
6657.9 793.2127889096737
6658.2 399.6675600595772
6658.5 609.9934043474495
6658.8 446.7726334929466
6659.1 513.406677365303
6659.4 691.0991994142532
6659.7 612.689169973135
6660.0 489.0580534413457
6660.3 145.0752611933276
6660.6 175.33249862492085
6660.9 188.00926642678678
6661.2 81.57852853834629
6661.5 388.04910556972027
6661.8 -10.003343773074448
6662.1 8.520641557872295
6662.4 350.462657764554
6662.7 151.10284872353077
6663.0 146.71801871806383
6663.3 229.5655678510666
6663.6 49.44479186832905
6663.9 221.63443204760551
6664.2 134.6093296383042
6664.5 23.74313340522349
6664.8 219.95880515873432
6665.1 402.5068680047989
6665.4 319.21414941875264
6665.7 165.51318959891796
6666.0 230.3820450603962
6666.3 27.486187294125557
6666.6 226.6882420554757
6666.9 3.6889482205733657
6667.2 190.81286762841046
6667.5 433.7157580284402
6667.8 212.79179189912975
6668.1 108.49857776612043
6668.4 91.89412301778793
6668.7 196.58452997356653
6669.0 558.5837462060153
6669.3 349.422030929476
6669.6 421.74525532871485
6669.9 625.7481441646814
6670.2 200.85192296467721
6670.5 524.1126764081419
6670.8 670.7231566086411
6671.1 265.1930896183476
6671.4 436.22527991980314
6671.7 520.8099484071136
6672.0 494.76055996119976
6672.3 606.4109260439873
6672.6 596.2996721640229
6672.9 702.8121423957273
6673.2 907.9547298103571
6673.5 956.0711381137371
6673.8 1037.6562484949827
6674.1 1353.992598414421
6674.4 1632.7805818598717
6674.7 1477.1174685955048
6675.0 1367.6187059283257
6675.3 1642.8462143465877
6675.6 1597.2568192481995
6675.9 1289.342065602541
6676.2 1151.377715319395
6676.5 807.2917504310608
6676.8 602.0121466368437
6677.1 673.481250628829
6677.4 285.24782328587025
6677.7 623.738001011312
6678.0 674.1034197509289
6678.3 735.4713428616524
6678.6 790.8888507783413
6678.9 807.0344543159008
6679.2 426.92615880072117
6679.5 567.746906645596
6679.8 697.5790324360132
6680.1 749.075618326664
6680.4 471.57518314011395
6680.7 544.6659539621323
6681.0 569.8901177085936
6681.3 346.79461477603763
6681.6 271.91721972823143
6681.9 236.31850285083055
6682.2 453.7727864012122
6682.5 284.4245009198785
6682.8 113.20557490736246
6683.1 -94.55234365191427
6683.4 47.32025843579322
6683.7 301.501013497822
6684.0 339.05592089891434
6684.3 -52.03910892829299
6684.6 116.74921774864197
6684.9 308.58475786447525
6685.2 54.27883793413639
6685.5 603.3501731008291
6685.8 -77.48522274312563
6686.1 335.78822261095047
6686.4 244.07743076980114
6686.7 206.52772505953908
6687.0 163.71156153082848
6687.3 86.3095509884879
6687.6 262.3654979238054
6687.9 218.15682039782405
6688.2 165.27315942198038
6688.5 125.69612362235785
6688.8 -117.30498050525784
6689.1 -47.88727854844183
6689.4 239.5532966852188
6689.7 410.1736826300621
6690.0 412.1839678809047
6690.3 259.34636811190285
6690.6 304.24230405688286
6690.9 152.83779224008322
6691.2 286.3782115280628
6691.5 349.4444423466921
6691.8 519.2335508251563
6692.1 248.51263992488384
6692.4 215.6319369673729
6692.7 225.98520842194557
6693.0 201.4513525441289
6693.3 240.3795446958393
6693.6 277.9663583599031
6693.9 267.97696690261364
6694.2 138.24555613845587
6694.5 185.94262486789376
6694.8 182.24700204283
6695.1 223.7382505685091
6695.4 375.9375737607479
6695.7 485.8168770596385
6696.0 342.47273598611355
6696.3 258.1548653040081
6696.6 346.1771931797266
6696.9 148.195921972394
6697.2 459.06142492592335
6697.5 572.734650015831
6697.8 382.40264423936605
6698.1 393.66524437069893
6698.4 494.14497673045844
6698.7 356.7920121601783
6699.0 339.5798227638006
6699.3 467.7276573330164
6699.6 256.75293757021427
6699.9 8.385137749835849
6700.2 237.88540448248386
6700.5 449.6947446167469
6700.8 -14.132679343223572
6701.1 278.12757150363177
6701.4 307.0225050151348
6701.7 334.1564662158489
6702.0 90.95690317824483
6702.3 447.3493444919586
6702.6 180.87940938025713
6702.9 432.01295179128647
6703.2 324.27125358581543
6703.5 184.0819766819477
6703.8 132.74943597149104
6704.1 311.3039840310812
6704.4 741.0165558345616
6704.7 301.5778799718246
6705.0 -21.634302284568548
6705.3 67.77320808172226
6705.6 138.4424540475011
6705.9 233.1777962371707
6706.2 70.37473151087761
6706.5 110.7387036010623
6706.8 130.93872954696417
6707.1 172.19385713338852
6707.4 343.05700477957726
6707.7 218.21333946473897
6708.0 68.76000352203846
6708.3 85.04033334180713
6708.6 -94.7998509965837
6708.9 -6.621520534157753
6709.2 323.3301432132721
6709.5 345.335468380712
6709.8 354.5254472643137
6710.1 554.7832904234529
6710.4 417.4677078872919
6710.7 309.61916407197714
6711.0 267.3492942135781
6711.3 500.07297064736485
6711.6 523.6113315820694
6711.9 168.30479567451403
6712.2 63.502257000654936
6712.5 167.38105944544077
6712.8 339.07435620576143
6713.1 2.2644825391471386
6713.4 161.19316097721457
6713.7 -72.99523512180895
6714.0 45.00661914795637
6714.3 188.6328250169754
6714.6 138.1561547368765
6714.9 343.80710721574724
6715.2 386.91878191381693
6715.5 340.887509226799
6715.8 295.0171345323324
6716.1 309.9274250380695
6716.4 524.2892587706447
6716.7 388.92225350788794
6717.0 477.8910013101995
6717.3 44.82790195196867
6717.6 296.6955953653669
6717.9 128.33241380006075
6718.2 106.83839535713196
6718.5 396.19079554080963
6718.8 273.3880426287651
6719.1 524.630347263068
6719.4 317.0523540265858
6719.7 336.6561840325594
6720.0 553.0011604023166
6720.3 252.91049294173717
6720.6 94.31573055312037
6720.9 64.91920953989029
6721.2 45.89556151628494
6721.5 355.8614972010255
6721.8 177.47889626119286
6722.1 -107.32480773702264
6722.4 338.2729824949056
6722.7 116.0908147841692
6723.0 383.724438123405
6723.3 275.42631235718727
6723.6 312.78931844979525
6723.9 346.87307485565543
6724.2 246.15282440185547
6724.5 220.7187551409006
6724.8 337.52217088919133
6725.1 667.5221490859985
6725.4 555.5034032911062
6725.7 308.5406718868762
6726.0 394.65563578158617
6726.3 25.46361243724823
6726.6 193.72680512815714
6726.9 134.3841351866722
6727.2 166.9233008250594
6727.5 26.001328021287918
6727.8 305.1305325627327
6728.1 266.5008625984192
6728.4 599.2469069063663
6728.7 329.086065845564
6729.0 283.3014057613909
6729.3 396.2649917602539
6729.6 -5.367163561284542
6729.9 140.14979481697083
6730.2 197.41809396399185
6730.5 126.59508860018104
6730.8 459.6594348400831
6731.1 343.528477370739
6731.4 526.3911639750004
6731.7 342.59541776031256
6732.0 374.9329876154661
6732.3 279.1134162545204
6732.6 129.69561557471752
6732.9 170.65246538817883
6733.2 122.71508033573627
6733.5 260.8919909365941
6733.8 342.8266905040946
6734.1 156.50910006463528
6734.4 280.3162720799446
6734.7 110.52717018127441
6735.0 384.6951617002487
6735.3 56.82496615499258
6735.6 376.86276441812515
6735.9 274.3901162594557
6736.2 421.3075448125601
6736.5 591.1934588141739
6736.8 411.59951328486204
6737.1 211.32897247374058
6737.4 572.8423295356333
6737.7 411.0250819027424
6738.0 524.0233300477266
6738.3 185.8756608068943
6738.6 140.65261736605316
6738.9 426.73454623669386
6739.2 -73.75247679650784
6739.5 269.16580783831887
6739.8 62.33761528134346
6740.1 367.92882522940636
6740.4 292.2838198840618
6740.7 381.477369569242
6741.0 355.8402193635702
6741.3 286.12768749147654
6741.6 221.69971258193254
6741.9 317.86477506160736
6742.2 517.6666690558195
6742.5 553.7266061306
6742.8 385.33947946317494
6743.1 67.0620864070952
6743.4 -1.388088807463646
6743.7 171.01700294017792
6744.0 289.14796151034534
6744.3 73.65097054839134
6744.6 182.0286999978125
6744.9 37.885195195674896
6745.2 276.0826123505831
6745.5 283.85828816890717
6745.8 258.6950953193009
6746.1 271.43940146267414
6746.4 351.95117861032486
6746.7 430.3815642744303
6747.0 340.81183951348066
6747.3 372.70198415219784
6747.6 320.51743967831135
6747.9 360.22151152044535
6748.2 -8.230357024818659
6748.5 408.84764547646046
6748.8 364.48681595921516
6749.1 322.9469899907708
6749.4 83.14100903272629
6749.7 506.9233318269253
6750.0 197.72040355950594
6750.3 11.567759484052658
6750.6 474.84770695865154
6750.9 253.51244650781155
6751.2 260.92427022755146
6751.5 302.83242225274444
6751.8 150.29047673940659
6752.1 248.19121901504695
6752.4 197.4701715633273
6752.7 171.40778231620789
6753.0 457.94585467875004
6753.3 252.91626522596925
6753.6 264.0467220474966
6753.9 298.6504179351032
6754.2 397.1409451365471
6754.5 258.423761036247
6754.8 250.58322240412235
6755.1 475.41957718133926
6755.4 300.3064097389579
6755.7 363.9060507416725
6756.0 552.3375126719475
6756.3 318.6233806749806
6756.6 209.64497097954154
6756.9 273.87880635261536
6757.2 631.4943751692772
6757.5 441.1890366524458
6757.8 337.32182138506323
6758.1 163.643106110394
6758.4 301.65940019488335
6758.7 270.48875513859093
6759.0 255.89489024877548
6759.3 185.6398979946971
6759.6 277.31848201341927
6759.9 144.011363055557
6760.2 247.56014356017113
6760.5 273.73791278898716
6760.8 396.96937515586615
6761.1 270.38556683436036
6761.4 154.56216211616993
6761.7 271.58291148394346
6762.0 296.91269971616566
6762.3 202.7382419705391
6762.6 416.5806330377236
6762.9 138.44890475273132
6763.2 220.97112327814102
6763.5 173.691265553236
6763.8 136.22370603308082
6764.1 204.83305495604873
6764.4 326.64773842692375
6764.7 328.7066194973886
6765.0 195.84142298996449
6765.3 244.02996676415205
6765.6 358.7169594168663
6765.9 198.29252037778497
6766.2 256.9649747759104
6766.5 246.32229904830456
6766.8 302.68103444576263
6767.1 398.8830870985985
6767.4 417.58220046013594
6767.7 374.49595097638667
6768.0 298.3504138663411
6768.3 277.94662465155125
6768.6 419.23575896024704
6768.9 -23.10967828333378
6769.2 21.062040090560913
6769.5 46.863768596202135
6769.8 424.67556795477867
6770.1 355.51053696870804
6770.4 89.33057232946157
6770.7 486.7142229154706
6771.0 291.33787228912115
6771.3 89.49744296073914
6771.6 116.80996373295784
6771.9 203.12899258360267
6772.2 200.97805081307888
6772.5 178.89122073724866
6772.8 457.4118454903364
6773.1 212.93975692987442
6773.4 329.74707911908627
6773.7 307.8047679091105
6774.0 461.3155168890953
6774.3 245.96302415430546
6774.6 -68.36359058320522
6774.9 85.88297347724438
6775.2 371.08496440202
6775.5 430.47393713891506
6775.8 182.88295332342386
6776.1 375.97600415721536
6776.4 152.59753020107746
6776.7 156.98475248739123
6777.0 228.46784847974777
6777.3 299.76393407583237
6777.6 398.97499492764473
6777.9 296.6365146934986
6778.2 360.52755975432956
6778.5 81.72598786838353
6778.8 275.3470493387431
6779.1 234.70504748821259
6779.4 274.0674774311483
6779.7 385.6149300560355
6780.0 53.69104063697159
6780.3 562.2665792256594
6780.6 293.9880643785
6780.9 201.0465933632804
6781.2 435.84340922534466
6781.5 123.8053433150053
6781.8 233.075562287122
6782.1 271.61978605389595
6782.4 348.7602533400059
6782.7 167.68586272001266
6783.0 392.75044732168317
6783.3 449.889700204134
6783.6 226.6636353265494
6783.9 242.55021554231644
6784.2 -74.20822213916108
6784.5 305.6880838274956
6784.8 469.9348665885627
6785.1 306.0537594780326
6785.4 197.209854722023
6785.7 144.03709870576859
6786.0 310.08943381905556
6786.3 185.67344710230827
6786.6 300.6292985267937
6786.9 412.69423718750477
6787.2 311.17587096523494
6787.5 334.2128241956234
6787.8 277.6976448073983
6788.1 626.3252860605717
6788.4 340.93791034817696
6788.7 86.86582654714584
6789.0 208.79841573257
6789.3 480.8413778245449
6789.6 281.86639141640626
6789.9 272.73032857850194
6790.2 480.9869251847267
6790.5 456.057499678107
6790.8 184.88667739741504
6791.1 292.5445980876684
6791.4 217.51653569191694
6791.7 555.1969364956021
6792.0 401.73723919689655
6792.3 309.9919179826975
6792.6 275.5571713447571
6792.9 345.5095768272877
6793.2 369.64166393876076
6793.5 145.60176759958267
6793.8 152.67615059018135
6794.1 316.4247786961496
6794.4 277.16418869048357
6794.7 58.726358868181705
6795.0 544.6600973233581
6795.3 170.91675634682178
6795.6 194.92082364857197
6795.9 212.49035821855068
6796.2 120.79091793578118
6796.5 182.69678002595901
6796.8 529.1688524633646
6797.1 528.5057779252529
6797.4 685.3620723038912
6797.7 478.82256776094437
6798.0 162.6021761521697
6798.3 453.0712195187807
6798.6 580.1454560961574
6798.9 175.12217754125595
6799.2 487.0918445889838
6799.5 310.06631350517273
6799.8 123.27644334733486
6800.1 202.47020499408245
6800.4 295.9801434446126
6800.7 302.8016327954829
6801.0 266.65407198667526
6801.3 146.52521844953299
6801.6 368.34793908521533
6801.9 207.32799139618874
6802.2 290.65538392961025
6802.5 198.7199456691742
6802.8 655.4051062650979
6803.1 595.974725663662
6803.4 94.67889879643917
6803.7 -13.911074578762054
6804.0 309.88178338110447
6804.3 496.1016580313444
6804.6 382.2851951867342
6804.9 307.03872564435005
6805.2 287.9034792035818
6805.5 299.12675903365016
6805.8 156.2377831041813
6806.1 397.732316583395
6806.4 480.5326277911663
6806.7 425.7115792520344
6807.0 698.5678353831172
6807.3 549.9719077348709
6807.6 411.8524043560028
6807.9 541.3044076561928
6808.2 573.3181915283203
6808.5 751.648554623127
6808.8 1127.3787200450897
6809.1 1018.7538667917252
6809.4 922.7833302468061
6809.7 804.2547736605629
6810.0 913.6272663474083
6810.3 937.9186988472939
6810.6 900.4544917941093
6810.9 694.9791146963835
6811.2 526.7020852863789
6811.5 837.5437959786505
6811.8 622.7315890206955
6812.1 693.7727976888418
6812.4 321.159978157375
6812.7 400.5002381950617
6813.0 284.4087975153234
6813.3 285.19710429012775
6813.6 174.289037194103
6813.9 251.14651744812727
6814.2 487.6348047554493
6814.5 467.8886201232672
6814.8 372.11593475937843
6815.1 644.7003505825996
6815.4 554.0463057458401
6815.7 378.18659735657275
6816.0 323.8705072849989
6816.3 167.71094352006912
6816.6 202.1870174817741
6816.9 124.31593176349998
6817.2 292.21689331391826
6817.5 142.46201131492853
6817.8 193.6013234257698
6818.1 200.24170913174748
6818.4 569.1625698506832
6818.7 70.35383229702711
6819.0 129.50300471112132
6819.3 22.68128491938114
6819.6 -43.0695418715477
6819.9 122.5374951120466
6820.2 -15.191983431577682
6820.5 552.889895811677
6820.8 488.188351765275
6821.1 443.4722899608314
6821.4 421.3178250901401
6821.7 412.83239644765854
6822.0 546.7228668704629
6822.3 247.81248788535595
6822.6 265.1530664516613
6822.9 329.9811419080943
6823.2 774.7735350653529
6823.5 724.4294574223459
6823.8 605.5995710641146
6824.1 614.9826769828796
6824.4 903.4969673901796
6824.7 843.1125450059772
6825.0 650.5969291776419
6825.3 849.7337368130684
6825.6 647.7939905822277
6825.9 282.42133654654026
6826.2 511.79713582992554
6826.5 483.96934378147125
6826.8 846.7981330156326
6827.1 999.2847344577312
6827.4 854.414089858532
6827.7 553.3311929106712
6828.0 365.73878049850464
6828.3 89.64402908086777
6828.6 78.7170824855566
6828.9 840.4618889093399
6829.2 518.172210469842
6829.5 715.6965445876122
6829.8 1454.896803945303
6830.1 842.3038390874863
6830.4 103.57202549278736
6830.7 263.8743485212326
6831.0 324.97738675028086
6831.3 403.3320356681943
6831.6 320.3635525107384
6831.9 521.4596395269036
6832.2 237.03074038028717
6832.5 364.038278311491
6832.8 -87.12393841147423
6833.1 289.01281702518463
6833.4 120.34418866038322
6833.7 737.227216720581
6834.0 1266.6351629644632
6834.3 512.3634608536959
6834.6 760.0844994746149
6834.9 1070.4186952728778
6835.2 253.50732875615358
6835.5 382.1853758096695
6835.8 408.87424299120903
6836.1 70.16556093096733
6836.4 191.23461690545082
6836.7 226.3007428944111
6837.0 -300.75023379921913
6837.3 609.5063128471375
6837.6 101.34670665860176
6837.9 403.99082423746586
6838.2 319.0083587244153
6838.5 374.4257752597332
6838.8 330.9353676661849
6839.1 160.17921898514032
6839.4 85.71924093365669
6839.7 136.81608290411532
6840.0 486.3780524432659
6840.3 272.7450209315866
6840.6 307.06085405498743
6840.9 338.60132226347923
6841.2 332.14917768538
6841.5 478.4068338572979
6841.8 164.83766775997356
6842.1 520.5359810739756
6842.4 289.8248757869005
6842.7 44.7445315271616
6843.0 250.16571626067162
6843.3 131.36463200300932
6843.6 215.99746960401535
6843.9 252.5903453975916
6844.2 385.06495724245906
6844.5 219.37394899129868
6844.8 477.7403729557991
6845.1 340.2468810379505
6845.4 239.97115591168404
6845.7 49.534267785260454
6846.0 577.9929983913898
6846.3 248.6590009778738
6846.6 225.49970693793148
6846.9 242.88954197615385
6847.2 -49.499913765117526
6847.5 223.4909353721887
6847.8 273.96420608460903
6848.1 288.53006229549646
6848.4 15.225726246833801
6848.7 -277.70225529000163
6849.0 -73.32624565064907
6849.3 600.5626143664122
6849.6 408.9412162154913
6849.9 580.2799374312162
6850.2 156.29427327215672
6850.5 478.28460378572345
6850.8 490.1257766999188
6851.1 496.1867949515581
6851.4 153.66464215517044
6851.7 192.43653579428792
6852.0 -46.68843995034695
6852.3 90.27050054073334
6852.6 291.98570727556944
6852.9 88.54594294726849
6853.2 284.9232757985592
6853.5 291.57644142210484
6853.8 252.9891419345513
6854.1 316.9619057364762
6854.4 290.0013484954834
6854.7 302.0948489921284
6855.0 137.86030209623277
6855.3 386.70515371859074
6855.6 255.34334732592106
6855.9 273.01627903431654
6856.2 343.62402310967445
6856.5 300.13597755879164
6856.8 100.56471619009972
6857.1 85.12415889278054
6857.4 224.05347095429897
6857.7 230.96663174778223
6858.0 282.5246726721525
6858.3 104.58916176110506
6858.6 133.1386407148093
6858.9 391.80409099161625
6859.2 493.431890591979
6859.5 658.9273612126708
6859.8 257.9309885799885
6860.1 -150.71967359958217
6860.4 -108.5604106625542
6860.7 -20.102898687124252
6861.0 64.28889866359532
6861.3 18.98622679337859
6861.6 311.3328900523484
6861.9 301.3017755150795
6862.2 158.24573442339897
6862.5 248.03788471221924
6862.8 957.5411809720099
6863.1 1869.3414174318314
6863.4 2632.1687474250793
6863.7 1431.3364491462708
6864.0 966.3054388165474
6864.3 3575.1106872558594
6864.6 2149.3734824061394
6864.9 248.50952395051718
6865.2 161.64727389067411
6865.5 127.05758285522461
6865.8 20.77326339483261
6866.1 301.7947793677449
6866.4 153.4312433451414
6866.7 424.1786448955536
6867.0 475.67485220730305
6867.3 641.3393687605858
6867.6 558.8605359494686
6867.9 131.0579708069563
6868.2 266.7631095647812
6868.5 358.80787444114685
6868.8 337.61976662278175
6869.1 54.7335102558136
6869.4 0.0
6869.7 0.0
