4662.0 0.0
4662.3 0.0
4662.6 0.0
4662.9 0.0
4663.2 0.0
4663.5 0.0
4663.8 0.0
4664.1 0.0
4664.4 0.0
4664.7 0.0
4665.0 0.0
4665.3 0.0
4665.6 0.0
4665.9 0.0
4666.2 0.0
4666.5 0.0
4666.8 0.0
4667.1 0.0
4667.4 0.0
4667.7 0.0
4668.0 0.0
4668.3 0.0
4668.6 0.0
4668.9 0.0
4669.2 0.0
4669.5 0.0
4669.8 0.0
4670.1 0.0
4670.4 0.0
4670.7 0.0
4671.0 0.0
4671.3 0.0
4671.6 0.0
4671.9 0.0
4672.2 0.0
4672.5 0.0
4672.8 0.0
4673.1 0.0
4673.4 0.0
4673.7 0.0
4674.0 0.0
4674.3 0.0
4674.6 0.0
4674.9 0.0
4675.2 0.0
4675.5 0.0
4675.8 0.0
4676.1 0.0
4676.4 0.0
4676.7 0.0
4677.0 0.0
4677.3 0.0
4677.6 0.0
4677.9 0.0
4678.2 0.0
4678.5 0.0
4678.8 0.0
4679.1 0.0
4679.4 0.0
4679.7 0.0
4680.0 0.0
4680.3 0.0
4680.6 0.0
4680.9 0.0
4681.2 0.0
4681.5 0.0
4681.8 0.0
4682.1 0.0
4682.4 0.0
4682.7 0.0
4683.0 0.0
4683.3 0.0
4683.6 0.0
4683.9 336.3748374581337
4684.2 297.25717729330063
4684.5 413.4380040168762
4684.8 111.81640541553497
4685.1 564.7345541818067
4685.4 314.8374093994498
4685.7 198.65757105872035
4686.0 636.8071167171001
4686.3 393.5927350204438
4686.6 141.50490405410528
4686.9 389.44712576875463
4687.2 407.5394771806896
4687.5 357.8047578812111
4687.8 73.96052038669586
4688.1 428.2845707043598
4688.4 559.67372430861
4688.7 515.9741814658046
4689.0 455.65809699893
4689.3 318.29283775389194
4689.6 390.56719560083
4689.9 358.7335502691567
4690.2 336.36040940880775
4690.5 293.4970901887864
4690.8 420.5697972923517
4691.1 427.98029482737184
4691.4 363.64805948734283
4691.7 479.3631681855768
4692.0 277.48889395594597
4692.3 474.6250117868185
4692.6 374.5407301830128
4692.9 425.1994088292122
4693.2 465.1705333776772
4693.5 196.32525926583912
4693.8 457.72654926776886
4694.1 454.0774231776595
4694.4 424.04065268021077
4694.7 404.40534807834774
4695.0 321.04518940579146
4695.3 313.19643567409366
4695.6 254.70085897610988
4695.9 277.2821857146919
4696.2 328.25141492486
4696.5 504.0319263935089
4696.8 226.80385793186724
4697.1 440.50869691139087
4697.4 516.5880162864923
4697.7 393.0745884478092
4698.0 291.0810109972954
4698.3 513.6709306500852
4698.6 254.04671957716346
4698.9 142.4728420227766
4699.2 359.82484006881714
4699.5 130.7767660729587
4699.8 262.59094207547605
4700.1 450.9368173163384
4700.4 249.2048878930509
4700.7 303.44387459754944
4701.0 249.19713179767132
4701.3 193.82636523246765
4701.6 544.8243350125849
4701.9 540.7018727064133
4702.2 119.22538571432233
4702.5 224.11951346695423
4702.8 145.4150156553369
4703.1 338.7124536400661
4703.4 373.14132927916944
4703.7 214.61113904695958
4704.0 104.04472389258444
4704.3 1.0276664942502975
4704.6 311.4504896476865
4704.9 397.57752987369895
4705.2 638.9272449016571
4705.5 654.8667578808963
4705.8 151.2253252416849
4706.1 35.62945244088769
4706.4 479.89350748388097
4706.7 393.1483728233725
4707.0 460.38896680623293
4707.3 40.56777713727206
4707.6 -15.389227140694857
4707.9 170.11718732863665
4708.2 452.9488090276718
4708.5 259.30082667432725
4708.8 -27.248076394200325
4709.1 204.1658492172137
4709.4 86.42934709973633
4709.7 544.1716272011399
4710.0 301.18054850399494
4710.3 162.9249041825533
4710.6 351.7795358411968
4710.9 453.84299284324516
4711.2 385.17140680458397
4711.5 408.81520979851484
4711.8 444.5874254889786
4712.1 264.38177924603224
4712.4 470.7991259410046
4712.7 42.9256840609014
4713.0 195.17871135752648
4713.3 80.64415813051164
4713.6 258.77339793974534
4713.9 193.04941412061453
4714.2 577.5394908301532
4714.5 587.2646526675671
4714.8 487.9758456489071
4715.1 241.5797603307292
4715.4 396.18930138644646
4715.7 368.9099420271814
4716.0 456.2346568033099
4716.3 326.81192038953304
4716.6 276.2643161714077
4716.9 360.61228328198195
4717.2 420.019824244082
4717.5 324.0714172273874
4717.8 290.43179589509964
4718.1 363.86716546770185
4718.4 364.5730387084186
4718.7 136.2488896138966
4719.0 500.41954012960196
4719.3 576.265846863389
4719.6 278.0777768716216
4719.9 351.0280976742506
4720.2 82.23882722854614
4720.5 92.04651382006705
4720.8 308.64251229539514
4721.1 142.41122695058584
4721.4 167.02508265152574
4721.7 215.63518694695085
4722.0 578.227613216266
4722.3 199.74449652433395
4722.6 637.3161841630936
4722.9 167.75398883968592
4723.2 102.85262349667028
4723.5 300.55391294136643
4723.8 358.82527039945126
4724.1 300.33369392715394
4724.4 375.553400288336
4724.7 75.17370154336095
4725.0 129.96357998345047
4725.3 271.5353950150311
4725.6 181.89552430808544
4725.9 -136.32823037356138
4726.2 388.2272670120001
4726.5 588.6456281542778
4726.8 522.8902088850737
4727.1 91.01717429235578
4727.4 175.74871292710304
4727.7 292.7896403968334
4728.0 478.90677208453417
4728.3 87.03177492599934
4728.6 213.91531854867935
4728.9 386.3246216196567
4729.2 492.28175814449787
4729.5 458.4904350936413
4729.8 504.2033373117447
4730.1 345.0612072125077
4730.4 114.11039811745286
4730.7 244.65595019888133
4731.0 393.13033750653267
4731.3 477.9423471689224
4731.6 465.8185410415754
4731.9 217.96162013802677
4732.2 585.3930083066225
4732.5 800.8016315549612
4732.8 669.6218068357557
4733.1 353.3229666650295
4733.4 364.7966485135257
4733.7 197.57609047740698
4734.0 194.59105403721333
4734.3 418.79427640885115
4734.6 456.79231609404087
4734.9 546.8424511998892
4735.2 257.0455672778189
4735.5 303.9232820980251
4735.8 349.72463364712894
4736.1 170.17702446877956
4736.4 49.50964303687215
4736.7 431.12710278481245
4737.0 345.4912560991943
4737.3 279.53946695663035
4737.6 251.0243671350181
4737.9 297.0087549984455
4738.2 5.761982284486294
4738.5 398.0812670439482
4738.8 453.66885493695736
4739.1 369.1795804980211
4739.4 224.44657441414893
4739.7 399.7560311332345
4740.0 106.85761523246765
4740.3 335.9874439239502
4740.6 597.3488216400146
4740.9 431.5216559320688
4741.2 -19.72573397681117
4741.5 403.6893295175396
4741.8 416.7756820656359
4742.1 414.5211804844439
4742.4 275.74163626879454
4742.7 240.13618111237884
4743.0 65.27589175850153
4743.3 293.19113305956125
4743.6 511.2598953396082
4743.9 535.5873629748821
4744.2 490.07523950748146
4744.5 550.2350111673586
4744.8 362.87046777457
4745.1 214.98249543085694
4745.4 378.7217726111412
4745.7 270.2829054147005
4746.0 520.8859908152372
4746.3 34.62703641504049
4746.6 334.6760182566941
4746.9 591.4868392494973
4747.2 326.5914761200547
4747.5 471.11120192706585
4747.8 462.7862564846873
4748.1 547.7007999769412
4748.4 440.2589374834206
4748.7 171.85684330761433
4749.0 -1.8101727962493896
4749.3 167.2519004046917
4749.6 156.39156360924244
4749.9 191.76824650913477
4750.2 338.9368475526571
4750.5 443.7005493193865
4750.8 480.78535183146596
4751.1 344.3811380378902
4751.4 246.16705122962594
4751.7 519.130186252296
4752.0 457.6828009933233
4752.3 -1.0356684151338413
4752.6 136.77176700974815
4752.9 -119.63947328180075
4753.2 217.55983623606153
4753.5 406.49819461256266
4753.8 70.2785439118743
4754.1 -85.48965948377736
4754.4 95.95782664295984
4754.7 159.4050597846508
4755.0 403.28286385908723
4755.3 454.41305772587657
4755.6 349.3505778312683
4755.9 397.3116280734539
4756.2 552.1841871142387
4756.5 248.0288459584117
4756.8 295.52041470138647
4757.1 525.2760460115969
4757.4 614.792440565303
4757.7 412.25093094073236
4758.0 544.56403697934
4758.3 223.91976650292054
4758.6 44.57150882482529
4758.9 487.4839086867869
4759.2 288.0640613520518
4759.5 444.6011072406545
4759.8 133.74655433744192
4760.1 347.0553310215473
4760.4 208.90970455296338
4760.7 316.36198652908206
4761.0 244.1901953369379
4761.3 469.69931618496776
4761.6 464.6091212630272
4761.9 376.925442050182
4762.2 291.502714632079
4762.5 34.63335481286049
4762.8 389.8668489065021
4763.1 482.1117730718106
4763.4 339.3988864682615
4763.7 258.2347355335951
4764.0 231.5031503662467
4764.3 239.8318815305829
4764.6 -99.31700149923563
4764.9 32.956530975177884
4765.2 190.4324328005314
4765.5 465.6403562873602
4765.8 133.54043926298618
4766.1 -136.0850376396411
4766.4 85.51637390255928
4766.7 -67.17671616002917
4767.0 171.5811991961673
4767.3 261.0788750015199
4767.6 212.73324879060965
4767.9 417.71761617809534
4768.2 374.9771453011781
4768.5 424.5625945329666
4768.8 298.2798803113401
4769.1 53.52916642650962
4769.4 278.64709290862083
4769.7 434.4986883517704
4770.0 201.30956003745086
4770.3 -20.333382412791252
4770.6 289.737781425938
4770.9 231.69041351228952
4771.2 266.65810127556324
4771.5 217.96333565562963
4771.8 411.1665162993595
4772.1 146.433898717165
4772.4 232.86663246899843
4772.7 202.8400129713118
4773.0 34.60966846905649
4773.3 425.3467115163803
4773.6 189.4675892982632
4773.9 451.60893389582634
4774.2 567.7690969705582
4774.5 624.5307719931006
4774.8 317.1180347139016
4775.1 531.6250986382365
4775.4 260.00152834528126
4775.7 287.10629853606224
4776.0 159.98205580655485
4776.3 305.01273111626506
4776.6 376.6965823841747
4776.9 279.56146620213985
4777.2 181.93339461992218
4777.5 617.6027862727642
4777.8 500.2410797774792
4778.1 515.5390013310825
4778.4 314.4691823730245
4778.7 378.56986762583256
4779.0 542.6107084751129
4779.3 534.7336060926318
4779.6 391.857990084216
4779.9 603.9013806059957
4780.2 426.0992210134864
4780.5 242.9452929198742
4780.8 539.4156003892422
4781.1 327.23458483815193
4781.4 186.9343347568065
4781.7 499.85043331980705
4782.0 215.858381845057
4782.3 348.6919441446662
4782.6 587.9722549524158
4782.9 203.4350112825632
4783.2 532.1291524916887
4783.5 282.1921095456928
4783.8 53.95970655977726
4784.1 200.82514727674425
4784.4 276.0632103905082
4784.7 245.0037090294063
4785.0 475.12246841192245
4785.3 196.61478788778186
4785.6 287.31617031246424
4785.9 378.360727135092
4786.2 149.06587472558022
4786.5 249.5886258110404
4786.8 194.45611062832177
4787.1 26.853890390135348
4787.4 185.23426697030663
4787.7 298.66947221010923
4788.0 442.8508095443249
4788.3 595.387433052063
4788.6 316.0348710445687
4788.9 310.61130421981215
4789.2 308.95036432519555
4789.5 406.05990254320204
4789.8 141.13709844555706
4790.1 432.3526442721486
4790.4 469.56120242364705
4790.7 570.3134762644768
4791.0 298.7526102513075
4791.3 279.1891584470868
4791.6 258.6946434304118
4791.9 533.1805023998022
4792.2 487.711576461792
4792.5 311.653592415154
4792.8 278.86107705533504
4793.1 68.44192442856729
4793.4 245.27746054995805
4793.7 314.817648075521
4794.0 428.7777194753289
4794.3 168.42347855865955
4794.6 213.44413368403912
4794.9 479.0695461034775
4795.2 291.97490182705224
4795.5 289.6037023346871
4795.8 308.37283242307603
4796.1 206.42572550754994
4796.4 368.05862490832806
4796.7 235.93338691443205
4797.0 420.37907019257545
4797.3 413.8540709801018
4797.6 177.95423147600377
4797.9 258.2107664607465
4798.2 398.6733133867383
4798.5 388.62286764383316
4798.8 228.2588258087635
4799.1 286.65954315662384
4799.4 -166.92462319135666
4799.7 -84.80020110309124
4800.0 238.21804602071643
4800.3 439.0772146116942
4800.6 345.8809450753033
4800.9 776.6717265182524
4801.2 391.67392832040787
4801.5 -59.04708595201373
4801.8 349.7303145546466
4802.1 332.90695760259405
4802.4 284.1464489046484
4802.7 -122.04787486791611
4803.0 47.618016991065815
4803.3 331.77247592806816
4803.6 -14.14699973911047
4803.9 120.91760852187872
4804.2 78.20151267573237
4804.5 173.33296399191022
4804.8 288.0277402922511
4805.1 143.3694799542427
4805.4 286.71479499712586
4805.7 225.21649927273393
4806.0 370.56546783447266
4806.3 309.4618737399578
4806.6 196.26879416778684
4806.9 424.1388714965433
4807.2 311.789076291956
4807.5 194.16121862083673
4807.8 328.61195653676987
4808.1 311.76305367052555
4808.4 417.6392971277237
4808.7 322.65267069637775
4809.0 78.9524426907301
4809.3 -23.857040405273438
4809.6 207.45816673338413
4809.9 390.2273757234216
4810.2 479.2186386361718
4810.5 44.507657407433726
4810.8 363.91563983261585
4811.1 352.04780461266637
4811.4 364.1850449256599
4811.7 577.494484975934
4812.0 508.15764274448156
4812.3 339.7835950581357
4812.6 199.8351772725582
4812.9 408.45303830876946
4813.2 230.68606097251177
4813.5 254.86491362005472
4813.8 429.5727776288986
4814.1 206.04313817620277
4814.4 209.12722542136908
4814.7 184.09658554941416
4815.0 57.250158559996635
4815.3 233.27765649743378
4815.6 147.30788476020098
4815.9 279.12629417702556
4816.2 405.7400409579277
4816.5 231.6927467910573
4816.8 580.7087884582579
4817.1 170.41980593837798
4817.4 515.5364820361137
4817.7 477.91374188661575
4818.0 521.0812551006675
4818.3 273.0422757714987
4818.6 -0.2527132872492075
4818.9 541.7059327783063
4819.2 407.48212376458105
4819.5 207.32683906704187
4819.8 304.3412337061018
4820.1 366.386560481973
4820.4 614.6992799080908
4820.7 418.9489236189843
4821.0 102.56778632849455
4821.3 337.33999133482575
4821.6 374.3148272372782
4821.9 297.8519514873624
4822.2 211.6178801804781
4822.5 543.0288046533242
4822.8 456.86857243813574
4823.1 244.55647916719317
4823.4 160.95593551546335
4823.7 128.65568593656644
4824.0 150.9430986493826
4824.3 402.43048399686813
4824.6 69.27512921765447
4824.9 287.1352939577191
4825.2 494.28287667036057
4825.5 149.35222753882408
4825.8 144.63984116353095
4826.1 105.21103782206774
4826.4 179.8591847382486
4826.7 249.83834901452065
4827.0 359.4508605338633
4827.3 -53.80023642629385
4827.6 299.47090342640877
4827.9 350.24483354762197
4828.2 144.8704562932253
4828.5 569.2210627645254
4828.8 449.4011861719191
4829.1 91.90726202353835
4829.4 250.0802305340767
4829.7 367.65885354205966
4830.0 -8.65061728283763
4830.3 -101.8149574548006
4830.6 -184.23488331958652
4830.9 266.31828770786524
4831.2 755.5992232561111
4831.5 561.5581248253584
4831.8 406.9445789717138
4832.1 228.0000062175095
4832.4 349.4311799239367
4832.7 210.17055894434452
4833.0 440.1819276213646
4833.3 435.0646891593933
4833.6 175.0925426632166
4833.9 376.00336495786905
4834.2 296.08062902092934
4834.5 -48.5315561927855
4834.8 424.5030998317525
4835.1 150.16725574620068
4835.4 530.673557529226
4835.7 566.9434448853135
4836.0 336.48573273420334
4836.3 157.05324564501643
4836.6 224.11135688074864
4836.9 44.06042602285743
4837.2 281.0412616089452
4837.5 458.30572298914194
4837.8 135.10960790514946
4838.1 444.308447968564
4838.4 5.360273748636246
4838.7 134.16357252001762
4839.0 42.37809097766876
4839.3 355.436955422163
4839.6 272.24387953430414
4839.9 218.6516531780362
4840.2 263.21976753883064
4840.5 175.54051603376865
4840.8 502.8860139325261
4841.1 387.5736016854644
4841.4 449.9992309024674
4841.7 190.0089358650148
4842.0 532.119424642995
4842.3 403.8328426480293
4842.6 434.1312420219183
4842.9 571.0665514022112
4843.2 305.04952378571033
4843.5 -249.46377021446824
4843.8 -52.820202231407166
4844.1 273.9863521531224
4844.4 45.154684871435165
4844.7 336.6438209041953
4845.0 167.93912824988365
4845.3 279.25812286511064
4845.6 212.2848052456975
4845.9 486.63569355010986
4846.2 308.131243519485
4846.5 34.500639740377665
4846.8 808.1739027202129
4847.1 177.69322385638952
4847.4 327.1656853593886
4847.7 308.6653792858124
4848.0 343.30731379427016
4848.3 259.26037226617336
4848.6 189.42982340976596
4848.9 313.58410606440157
4849.2 446.11535201221704
4849.5 338.6969303153455
4849.8 175.57793845236301
4850.1 217.90619659423828
4850.4 334.7548835426569
4850.7 42.94651560485363
4851.0 498.27312760800123
4851.3 274.4147375226021
4851.6 185.04633404314518
4851.9 571.7567921532318
4852.2 141.08288221806288
4852.5 272.59102607518435
4852.8 195.7882348576095
4853.1 -36.5190719589591
4853.4 320.5007675997913
4853.7 303.360473472625
4854.0 416.97754979878664
4854.3 298.0636341124773
4854.6 169.23642582958564
4854.9 166.62950451672077
4855.2 396.179178272374
4855.5 428.05594210792333
4855.8 480.4819428771734
4856.1 294.0234893411398
4856.4 176.36516860872507
4856.7 648.6808096319437
4857.0 146.048666652292
4857.3 12.891583630815148
4857.6 332.7966081351042
4857.9 214.48474110849202
4858.2 213.82336619193666
4858.5 194.50031930115074
4858.8 381.8653545617126
4859.1 203.23001188598573
4859.4 275.99314446747303
4859.7 395.30949540482834
4860.0 256.91728808451444
4860.3 360.92922352813184
4860.6 437.0703938640654
4860.9 473.4762677513063
4861.2 282.3572289282456
4861.5 349.9299169033766
4861.8 408.3048111917451
4862.1 271.4869177322835
4862.4 490.6169615238905
4862.7 616.1418515145779
4863.0 76.07057083328255
4863.3 194.72019473835826
4863.6 404.9135772995651
4863.9 130.17526218108833
4864.2 453.34380858018994
4864.5 230.95349150896072
4864.8 126.78110531996936
4865.1 427.584794215858
4865.4 286.03912200406194
4865.7 121.18814580701292
4866.0 267.87076348019764
4866.3 344.3184971399605
4866.6 257.43767742812634
4866.9 172.68788526952267
4867.2 671.5785037949681
4867.5 373.576581582427
4867.8 427.5945927128196
4868.1 73.81376440450549
4868.4 219.1515012010932
4868.7 267.1921205371618
4869.0 88.07488866895437
4869.3 11.299290537834167
4869.6 234.26999542396516
4869.9 182.50913796480745
4870.2 257.3009135313332
4870.5 374.04006469249725
4870.8 309.79185701161623
4871.1 -58.51651123166084
4871.4 185.02081246301532
4871.7 442.79277653992176
4872.0 404.6367440074682
4872.3 131.6031912267208
4872.6 314.0164979672991
4872.9 -14.825888223946095
4873.2 80.3550324048847
4873.5 410.6792703047395
4873.8 332.0351255685091
4874.1 241.87364565208554
4874.4 171.49603243917227
4874.7 225.30753387059667
4875.0 337.84807105362415
4875.3 226.98805987089872
4875.6 -21.16432294435799
4875.9 439.86826380342245
4876.2 352.2211765050888
4876.5 -59.4070044986438
4876.8 -35.87583324313164
4877.1 278.37358221411705
4877.4 244.2528102248907
4877.7 190.80696196109056
4878.0 437.29205480217934
4878.3 483.8838017731905
4878.6 549.1667740568519
4878.9 372.25587109453045
4879.2 368.04573084414005
4879.5 95.87080918997526
4879.8 344.7843009553617
4880.1 504.69535190984607
4880.4 341.1501898691058
4880.7 86.30997525586281
4881.0 -78.48410808295012
4881.3 468.48070177435875
4881.6 558.0856388062239
4881.9 265.8357717618346
4882.2 388.3357125883922
4882.5 190.31861061230302
4882.8 223.9861884340644
4883.1 126.08335831295699
4883.4 211.20753690972924
4883.7 392.2461435664445
4884.0 469.77836208511144
4884.3 137.40251662395895
4884.6 350.80930749326944
4884.9 303.3001480922103
4885.2 126.30156834516674
4885.5 52.75774855911732
4885.8 404.347251823172
4886.1 138.80967213585973
4886.4 319.4153875032207
4886.7 584.6173648834229
4887.0 356.71773801743984
4887.3 371.2923535965383
4887.6 319.5013295710087
4887.9 67.7875142544508
4888.2 143.36951340921223
4888.5 322.2781352940947
4888.8 -15.574045021086931
4889.1 106.82108946889639
4889.4 261.35955699160695
4889.7 345.3207129351795
4890.0 158.22380149364471
4890.3 492.23051312565804
4890.6 292.64215252548456
4890.9 324.0871102595702
4891.2 316.4269484379329
4891.5 36.28618860244751
4891.8 211.11232829093933
4892.1 410.3381066536531
4892.4 42.42411035299301
4892.7 148.40283107757568
4893.0 394.48340767621994
4893.3 318.00254552438855
4893.6 118.60825651139021
4893.9 -49.60830822587013
4894.2 388.94863390922546
4894.5 109.06675969064236
4894.8 439.13990211486816
4895.1 372.17843954381533
4895.4 428.6415673876181
4895.7 254.3036622107029
4896.0 380.97368560452014
4896.3 230.51023308560252
4896.6 289.4401309080422
4896.9 452.3812702819705
4897.2 178.89892227575183
4897.5 230.9147730693221
4897.8 91.0777943902649
4898.1 398.54504339396954
4898.4 252.0240692347288
4898.7 116.52835380332544
4899.0 299.5599935557693
4899.3 383.59577048942447
4899.6 326.0362902879715
4899.9 282.5605669170618
4900.2 235.20641512423754
4900.5 222.0081128925085
4900.8 83.64858334697783
4901.1 220.66930934228003
4901.4 286.6615705471486
4901.7 224.41548831015825
4902.0 275.01823161542416
4902.3 67.93060263618827
4902.6 157.30689435824752
4902.9 204.4784808009863
4903.2 186.270199816674
4903.5 292.90258457139134
4903.8 86.09811053797603
4904.1 16.54043173789978
4904.4 -54.18007729947567
4904.7 5.4539005644619465
4905.0 342.5932153016329
4905.3 274.372565910453
4905.6 61.86247405782342
4905.9 126.53607055358589
4906.2 412.8495601527393
4906.5 235.71139077842236
4906.8 24.78844714164734
4907.1 237.8706754297018
4907.4 179.253567148
4907.7 391.75439347326756
4908.0 251.06265181675553
4908.3 302.70790477097034
4908.6 158.06173709779978
4908.9 733.1563791744411
4909.2 241.77919622231275
4909.5 199.97705807723105
4909.8 389.1528052808717
4910.1 320.47938539553434
4910.4 222.9849705249071
4910.7 105.6929669259116
4911.0 189.7465671505779
4911.3 107.01307414099574
4911.6 178.7787886671722
4911.9 270.37793527171016
4912.2 375.55720841512084
4912.5 299.08874412532896
4912.8 259.1298489421606
4913.1 275.52987426891923
4913.4 228.44102244451642
4913.7 283.7131574060768
4914.0 220.66608161758631
4914.3 362.49219266325235
4914.6 363.56146174669266
4914.9 186.15503653883934
4915.2 152.44322164356709
4915.5 441.3821393728722
4915.8 317.05951881129295
4916.1 427.9378187507391
4916.4 229.66697906679474
4916.7 176.67565198242664
4917.0 430.56584775447845
4917.3 314.85967188104405
4917.6 189.51996371150017
4917.9 122.1446472350508
4918.2 161.255959674716
4918.5 498.03223396651447
4918.8 512.5311527363956
4919.1 538.5632081404328
4919.4 207.19564176350832
4919.7 263.7225121371448
4920.0 94.67562223225832
4920.3 137.65851555205882
4920.6 367.40437977574766
4920.9 360.4222697466612
4921.2 481.5334073007107
4921.5 555.0870218463242
4921.8 241.40056693181396
4922.1 407.51664655283093
4922.4 174.8113979138434
4922.7 497.8442297168076
4923.0 416.2819629088044
4923.3 452.866457907483
4923.6 381.3711418258026
4923.9 325.27330935094506
4924.2 230.86718771792948
4924.5 388.0995820835233
4924.8 476.7679937724024
4925.1 187.78050201339647
4925.4 195.81218274962157
4925.7 36.171440213918686
4926.0 49.53119748830795
4926.3 158.10214037448168
4926.6 448.6832403568551
4926.9 309.1994090229273
4927.2 60.31301532685757
4927.5 175.95199605822563
4927.8 181.3004623875022
4928.1 240.07512457109988
4928.4 135.33499341551214
4928.7 241.79574857873376
4929.0 372.88078074902296
4929.3 262.7763682603836
4929.6 309.3474239446223
4929.9 698.5573122352362
4930.2 432.6529625058174
4930.5 371.2764581143856
4930.8 462.4719683229923
4931.1 668.8315464183688
4931.4 676.6342448070645
4931.7 252.79299379885197
4932.0 450.1608873102814
4932.3 262.51726292958483
4932.6 255.01732601597905
4932.9 421.8829561807215
4933.2 388.0326697677374
4933.5 305.99326967447996
4933.8 629.3766593877226
4934.1 631.3881569537334
4934.4 359.60705418139696
4934.7 313.6651624701917
4935.0 73.664426676929
4935.3 167.55575164034963
4935.6 121.91459754109383
4935.9 52.56220314651728
4936.2 549.574339106679
4936.5 548.7907072789967
4936.8 456.36437452957034
4937.1 222.60674888640642
4937.4 400.6452574022114
4937.7 13.581342976540327
4938.0 284.5084233991802
4938.3 81.02617424190976
4938.6 258.9586624232179
4938.9 520.5494021847844
4939.2 429.89567194646224
4939.5 244.3851418234408
4939.8 331.6505127227865
4940.1 187.41529519855976
4940.4 275.3686730423942
4940.7 228.8322867937386
4941.0 125.27797222882509
4941.3 368.81739285588264
4941.6 423.29257459938526
4941.9 200.48818353749812
4942.2 598.7210213243961
4942.5 392.3308494910598
4942.8 401.7785138115287
4943.1 328.4811046384275
4943.4 261.43805262446404
4943.7 305.71596202999353
4944.0 226.88375631719828
4944.3 325.4208538085222
4944.6 302.55437418818474
4944.9 266.5515833348036
4945.2 117.83217779546976
4945.5 238.67631022632122
4945.8 214.98835732787848
4946.1 369.160845360253
4946.4 250.0825616568327
4946.7 -143.6260089688003
4947.0 -72.9595506824553
4947.3 13.97125006467104
4947.6 342.2954894453287
4947.9 70.926434245368
4948.2 171.62831246107817
4948.5 15.06385774165392
4948.8 65.69183907518163
4949.1 256.04938059300184
4949.4 303.4439951553941
4949.7 609.1861329339445
4950.0 292.7158755734563
4950.3 -44.163254864513874
4950.6 337.89927338808775
4950.9 160.20591532695107
4951.2 371.9409201517701
4951.5 360.65235541015863
4951.8 338.7438420446124
4952.1 273.1479877587408
4952.4 437.22118527442217
4952.7 345.14858758309856
4953.0 422.6107312478125
4953.3 152.41397708840668
4953.6 265.33582782396115
4953.9 375.59925630129874
4954.2 241.0205273628235
4954.5 257.7545539289713
4954.8 146.79621708393097
4955.1 118.2186572290957
4955.4 223.38172303885221
4955.7 332.53907626867294
4956.0 293.29928927868605
4956.3 79.89781875163317
4956.6 212.687267690897
4956.9 179.65931870043278
4957.2 435.3338650651276
4957.5 533.8741744756699
4957.8 80.663967654109
4958.1 309.77451374800876
4958.4 385.1708691380918
4958.7 169.8251677067019
4959.0 211.8412553202361
4959.3 307.4033780992031
4959.6 301.20204858854413
4959.9 -26.45470446557738
4960.2 368.3768111690879
4960.5 434.4041138384491
4960.8 683.4207813218236
4961.1 315.3925659954548
4961.4 197.6038807630539
4961.7 248.4104883670807
4962.0 144.7032112777233
4962.3 186.38983000069857
4962.6 444.20184975489974
4962.9 381.3351665539667
4963.2 255.09606731683016
4963.5 387.8128271177411
4963.8 475.7221270445734
4964.1 399.33013555034995
4964.4 290.4923199331388
4964.7 294.5687874983996
4965.0 237.61822929605842
4965.3 181.36682581622154
4965.6 314.7430941462517
4965.9 322.8147746939212
4966.2 461.8705943226814
4966.5 424.4393810927868
4966.8 213.0124752819538
4967.1 -3.811617076396942
4967.4 434.1621995270252
4967.7 276.2124738320708
4968.0 45.35719092562795
4968.3 308.5572192668915
4968.6 418.6998924165964
4968.9 260.98713859915733
4969.2 366.098806085065
4969.5 448.8749126531184
4969.8 136.1465668976307
4970.1 428.05695843696594
4970.4 152.70774573998642
4970.7 186.9957187436521
4971.0 58.030468474753434
4971.3 310.3509204220027
4971.6 372.9312232192606
4971.9 47.43510900437832
4972.2 -96.9568939646706
4972.5 258.67323843948543
4972.8 455.0402005314827
4973.1 434.2099269106984
4973.4 397.3352756202221
4973.7 177.55802755057812
4974.0 258.94568466953933
4974.3 190.03764935932122
4974.6 260.7290924191475
4974.9 322.1096541695297
4975.2 187.5174350067973
4975.5 49.13655555807054
4975.8 345.87713000178337
4976.1 197.4175307461992
4976.4 206.32153058052063
4976.7 190.9001431800425
4977.0 229.6890756431967
4977.3 260.37482126802206
4977.6 114.39655223698355
4977.9 317.14863862097263
4978.2 103.17785534542054
4978.5 408.1135054938495
4978.8 371.2978150807321
4979.1 236.88784343004227
4979.4 158.04020397365093
4979.7 78.86482958123088
4980.0 144.35541279613972
4980.3 164.18518620729446
4980.6 366.47894261032343
4980.9 479.3892622888088
4981.2 314.22695538029075
4981.5 132.78171004354954
4981.8 136.46854581136722
4982.1 306.020704716444
4982.4 266.39785392582417
4982.7 336.3041850030422
4983.0 237.0295332968235
4983.3 251.92774764075875
4983.6 316.8019001092762
4983.9 345.30203253775835
4984.2 6.129456769675016
4984.5 47.41682206094265
4984.8 236.5482250675559
4985.1 207.16674495387997
4985.4 416.16743099689484
4985.7 222.29636074975133
4986.0 266.90532299876213
4986.3 235.56686203181744
4986.6 259.11574156209826
4986.9 127.5463053509593
4987.2 515.774429647252
4987.5 526.3616436123848
4987.8 269.1778732314706
4988.1 169.67284800484776
4988.4 238.21700067818165
4988.7 444.8465720899403
4989.0 385.28636210784316
4989.3 350.0471170991659
4989.6 278.9791803173721
4989.9 327.052058711648
4990.2 251.8231610096991
4990.5 217.0558861058671
4990.8 437.5104083567858
4991.1 207.34216740727425
4991.4 165.94760477542877
4991.7 0.08369942381978035
4992.0 207.96034512668848
4992.3 10.180222884286195
4992.6 416.88668926572427
4992.9 339.69944140315056
4993.2 410.19199847080745
4993.5 332.6055001914501
4993.8 202.03489057254046
4994.1 270.4900174876675
4994.4 242.27030573412776
4994.7 281.2137392126024
4995.0 25.857509373687208
4995.3 494.2744987476617
4995.6 176.36433937773108
4995.9 217.86774965003133
4996.2 365.690087351948
4996.5 244.32760874181986
4996.8 260.87235279381275
4997.1 300.20938343182206
4997.4 182.3580545336008
4997.7 303.6316477805376
4998.0 260.0717407092452
4998.3 247.9245103187859
4998.6 286.4077904475853
4998.9 294.91303122602403
4999.2 184.8663583099842
4999.5 278.0619081258774
4999.8 350.97621764428914
5000.1 141.9411584082991
5000.4 140.5597030594945
5000.7 292.0203958898783
5001.0 -47.66775642335415
5001.3 264.8632421568036
5001.6 141.3650135844946
5001.9 313.9657713754541
5002.2 362.13841899391264
5002.5 536.6151273846626
5002.8 452.54914860986173
5003.1 126.35402929782867
5003.4 244.7154129203409
5003.7 376.08501635864377
5004.0 23.15741005539894
5004.3 368.1608129441738
5004.6 280.284525398165
5004.9 -78.41407692059875
5005.2 195.06773959472775
5005.5 362.08702028542757
5005.8 281.1436777804047
5006.1 263.19363978505135
5006.4 187.04562705010176
5006.7 111.4864687025547
5007.0 204.26582671701908
5007.3 62.82671259343624
5007.6 323.28786503104493
5007.9 151.6136153191328
5008.2 102.29390928335488
5008.5 190.15924030542374
5008.8 486.7462619692087
5009.1 557.3154827444814
5009.4 496.4461966454983
5009.7 302.25245494768023
5010.0 439.3163595884107
5010.3 349.7536094021052
5010.6 79.53691237047315
5010.9 166.06570333242416
5011.2 352.8198742521927
5011.5 307.0746694399277
5011.8 299.47266782447696
5012.1 287.7485059588216
5012.4 335.77852831967175
5012.7 273.9105249736458
5013.0 288.511796399951
5013.3 50.684383772313595
5013.6 251.3805963564664
5013.9 248.70889954268932
5014.2 398.0539148747921
5014.5 476.0907851308584
5014.8 402.6229041442275
5015.1 254.55943840858527
5015.4 556.8791434010491
5015.7 318.95976770296693
5016.0 108.55362734384835
5016.3 125.58322840556502
5016.6 304.8399792276323
5016.9 296.71466129273176
5017.2 360.982919678092
5017.5 133.5365406908095
5017.8 253.2331896321848
5018.1 294.9380457699299
5018.4 182.33829827979207
5018.7 63.36994110047817
5019.0 650.7892160639167
5019.3 285.93731877952814
5019.6 319.2287916280329
5019.9 194.69167375937104
5020.2 233.89004307612777
5020.5 36.42319084890187
5020.8 62.06305147707462
5021.1 329.2464670902118
5021.4 206.72554243728518
5021.7 507.81764578516595
5022.0 422.01661941362545
5022.3 564.2558473236859
5022.6 285.65641410276294
5022.9 336.2276002317667
5023.2 631.121983140707
5023.5 173.6548660211265
5023.8 275.5597417168319
5024.1 236.99467061366886
5024.4 102.98589350283146
5024.7 270.46400371938944
5025.0 336.3885328192264
5025.3 382.33473546803
5025.6 273.87602633982897
5025.9 243.55783556960523
5026.2 426.6392798339948
5026.5 568.3779216203839
5026.8 437.0338256508112
5027.1 304.87286807596684
5027.4 302.28890380240045
5027.7 249.89294397085905
5028.0 299.2826181203127
5028.3 332.35696649737656
5028.6 375.7057830505073
5028.9 318.12923819571733
5029.2 431.2364840209484
5029.5 256.9365767929703
5029.8 434.80685771256685
5030.1 212.27407673560083
5030.4 340.1581816202961
5030.7 401.80150419846177
5031.0 350.0205405820161
5031.3 407.8711401820183
5031.6 460.8433493077755
5031.9 301.71012918651104
5032.2 254.2272521480918
5032.5 224.16175388917327
5032.8 304.8208986321697
5033.1 512.8535128710791
5033.4 391.073291214183
5033.7 473.66157499770634
5034.0 208.79664143919945
5034.3 390.5990763902664
5034.6 437.5876709410222
5034.9 367.40477411448956
5035.2 406.0372350756079
5035.5 129.41630236431956
5035.8 309.6439540833235
5036.1 173.1145707780961
5036.4 53.35428609699011
5036.7 190.58290786854923
5037.0 63.40904753282666
5037.3 327.55389608442783
5037.6 537.8444149568677
5037.9 297.8273911289871
5038.2 331.6357539668679
5038.5 241.05666801333427
5038.8 588.7325698584318
5039.1 441.4668901665136
5039.4 148.23243442177773
5039.7 252.9847833868116
5040.0 374.19846468791366
5040.3 265.1196494400501
5040.6 107.40244681760669
5040.9 363.34166491404176
5041.2 499.8350762836635
5041.5 310.42011880874634
5041.8 299.9920258158818
5042.1 264.26121421158314
5042.4 489.9823391705431
5042.7 185.68396754190326
5043.0 319.0216234922409
5043.3 238.48629888147116
5043.6 377.8878384940326
5043.9 241.1920126825571
5044.2 263.46382055804133
5044.5 270.9610920920968
5044.8 496.07056195288897
5045.1 184.52504218835384
5045.4 314.29335087537766
5045.7 52.29335350962356
5046.0 246.7223477475345
5046.3 247.43970458209515
5046.6 174.86615735664964
5046.9 164.9142060112208
5047.2 630.7320499829948
5047.5 64.77443822100759
5047.8 223.30095219612122
5048.1 480.8907333938405
5048.4 171.32574830204248
5048.7 241.09099300205708
5049.0 154.4048774279654
5049.3 56.84970901440829
5049.6 346.68378216028214
5049.9 133.28795409947634
5050.2 102.11067466251552
5050.5 452.0661592334509
5050.8 258.3454377556336
5051.1 508.8399844132364
5051.4 464.27135164663196
5051.7 605.7550398111343
5052.0 213.04452037252486
5052.3 545.7013689726591
5052.6 280.35233583208174
5052.9 275.3659202083945
5053.2 448.88175898231566
5053.5 235.63960443623364
5053.8 282.3900431813672
5054.1 105.76104121655226
5054.4 169.1253882367164
5054.7 419.2510134354234
5055.0 235.31081037968397
5055.3 316.88088101148605
5055.6 428.41824984550476
5055.9 352.13137213513255
5056.2 240.2556236386299
5056.5 412.2905677482486
5056.8 323.48403061181307
5057.1 348.3982122410089
5057.4 -68.83054671436548
5057.7 441.03756851516664
5058.0 326.88650673627853
5058.3 384.1216926276684
5058.6 182.5636066235602
5058.9 234.47050555050373
5059.2 377.93920856527984
5059.5 139.3030167343095
5059.8 261.00152708002133
5060.1 364.9436936248094
5060.4 281.41940777003765
5060.7 225.2521006949246
5061.0 436.9022892639041
5061.3 501.4193427913124
5061.6 344.61194899189286
5061.9 447.65016637556255
5062.2 224.57400560937822
5062.5 473.7730022352189
5062.8 532.951090797782
5063.1 296.81811705976725
5063.4 369.817836984992
5063.7 511.6527191102505
5064.0 191.8234883043915
5064.3 378.0454331494402
5064.6 149.85865359008312
5064.9 293.36410687863827
5065.2 335.2501448839903
5065.5 398.61246817931533
5065.8 478.57019214332104
5066.1 88.4360311254859
5066.4 274.4107503965497
5066.7 447.1125686764717
5067.0 116.19531273841858
5067.3 279.8810021728277
5067.6 25.83413093071431
5067.9 206.06474602455273
5068.2 335.6580441740807
5068.5 309.52937883138657
5068.8 386.110618557781
5069.1 251.95464146137238
5069.4 415.5766207277775
5069.7 368.5192453339696
5070.0 292.207690782845
5070.3 109.51282277703285
5070.6 346.985174712725
5070.9 347.50162486359477
5071.2 370.7702470915392
5071.5 139.9255946483463
5071.8 291.8867789618671
5072.1 432.62129363045096
5072.4 164.67039008438587
5072.7 108.19006744027138
5073.0 123.37282877415419
5073.3 121.49090658547357
5073.6 381.53788609802723
5073.9 27.0213727876544
5074.2 238.08011642843485
5074.5 460.95380161702633
5074.8 428.430271923542
5075.1 387.771152056288
5075.4 320.5980790294707
5075.7 151.20384540967643
5076.0 184.38497284799814
5076.3 542.0100725353113
5076.6 522.2077882937156
5076.9 583.7236906439066
5077.2 464.4617204144597
5077.5 65.30518965423107
5077.8 61.95672401692718
5078.1 501.902487449348
5078.4 404.16307977586985
5078.7 200.62653996050358
5079.0 444.94023354537785
5079.3 394.2725730538368
5079.6 513.1355967065319
5079.9 333.3421677304432
5080.2 225.5800104001537
5080.5 291.14016732992604
5080.8 258.6940191760659
5081.1 468.5474913865328
5081.4 215.96762124076486
5081.7 301.462306575384
5082.0 473.7012710124254
5082.3 688.4310993338004
5082.6 748.9376697391272
5082.9 389.4683128967881
5083.2 280.7973551861942
5083.5 325.7495825216174
5083.8 475.5546429809183
5084.1 324.1175258564763
5084.4 200.33685103897005
5084.7 347.36902801692486
5085.0 296.1355036168825
5085.3 327.8487108498812
5085.6 150.30838634818792
5085.9 258.7301018945873
5086.2 351.37160473689437
5086.5 356.3279680367559
5086.8 251.1407171022147
5087.1 477.8380570113659
5087.4 216.48741631675512
5087.7 277.0007691010833
5088.0 420.45397644490004
5088.3 357.51733685447834
5088.6 605.3782893065363
5088.9 366.1066403128207
5089.2 450.62118453881703
5089.5 361.3200691348975
5089.8 357.2519120872021
5090.1 474.43516726233065
5090.4 445.42659305408597
5090.7 223.4110388290137
5091.0 138.05531180091202
5091.3 289.87801630049944
5091.6 323.7837832896039
5091.9 319.0169044211507
5092.2 272.50537906587124
5092.5 524.7414444237947
5092.8 190.05599542334676
5093.1 284.95470274183936
5093.4 376.75539415329695
5093.7 -8.998342230916023
5094.0 377.4896224476397
5094.3 6.567759748082608
5094.6 265.9974694393459
5094.9 597.1481183767319
5095.2 213.2314187856391
5095.5 396.35552679002285
5095.8 230.2351203551516
5096.1 83.06136476993561
5096.4 498.89638298004866
5096.7 508.22381995618343
5097.0 289.18679232057184
5097.3 433.12770749628544
5097.6 376.70388635993004
5097.9 309.6578807896003
5098.2 367.0653486251831
5098.5 324.406263589859
5098.8 303.5695019492414
5099.1 224.48239255137742
5099.4 70.03674656525254
5099.7 257.7241917178035
5100.0 363.8723215162754
5100.3 315.5557748824358
5100.6 862.6230152267963
5100.9 426.0535809881985
5101.2 435.7642587721348
5101.5 122.95752162486315
5101.8 479.7725111693144
5102.1 254.64530338160694
5102.4 152.91579968482256
5102.7 621.041571713984
5103.0 248.5041139125824
5103.3 109.01661609299481
5103.6 439.3689093347639
5103.9 235.06862288713455
5104.2 157.41092596569797
5104.5 173.23117834841833
5104.8 122.95961555093527
5105.1 145.15782139077783
5105.4 269.5693311728537
5105.7 225.58152863383293
5106.0 209.8954363912344
5106.3 158.90316025353968
5106.6 214.98480010032654
5106.9 384.7625134587288
5107.2 635.8292769789696
5107.5 327.31523631326854
5107.8 120.77389864996076
5108.1 484.32507609948516
5108.4 182.7904739305377
5108.7 196.522382799536
5109.0 128.7780165821314
5109.3 336.34610760211945
5109.6 474.6105496659875
5109.9 381.3822483420372
5110.2 473.0998462382704
5110.5 321.4421468153596
5110.8 213.47478356957436
5111.1 369.42223219340667
5111.4 448.41964469477534
5111.7 372.2953853160143
5112.0 191.93622206151485
5112.3 402.6718399836682
5112.6 529.846738640219
5112.9 262.367995493114
5113.2 163.18096939846873
5113.5 460.5809900891036
5113.8 284.0573862940073
5114.1 350.47119029285386
5114.4 376.23186746425927
5114.7 2.2206495478749275
5115.0 256.34673195518553
5115.3 386.6527997199446
5115.6 208.37558590248227
5115.9 314.2960940785706
5116.2 -186.22960966452956
5116.5 191.10084575857036
5116.8 341.1501766704023
5117.1 209.95643256604671
5117.4 159.4234879091382
5117.7 237.62326750531793
5118.0 568.7620515301824
5118.3 512.9644483327866
5118.6 207.13777197152376
5118.9 131.49541052803397
5119.2 547.2681480445899
5119.5 357.2682628738694
5119.8 339.99120124429464
5120.1 256.5135409645736
5120.4 266.3190079983324
5120.7 311.22735891118646
5121.0 171.27627828717232
5121.3 -2.620073489844799
5121.6 188.31065699644387
5121.9 301.1744218096137
5122.2 309.47087543457747
5122.5 312.0836613141
5122.8 266.1317296773195
5123.1 281.3737560068257
5123.4 229.56451919674873
5123.7 302.30845580250025
5124.0 142.41627049073577
5124.3 34.696234196424484
5124.6 504.5854772143066
5124.9 279.92900581355207
5125.2 155.1233739182353
5125.5 185.958562374115
5125.8 258.8033852688968
5126.1 358.58790416270494
5126.4 532.1782521307468
5126.7 224.4007578007877
5127.0 85.8085080049932
5127.3 352.44623193889856
5127.6 547.0196989225224
5127.9 263.8125821352005
5128.2 424.08465276658535
5128.5 190.61439184844494
5128.8 144.37350980564952
5129.1 456.3834920823574
5129.4 427.8592355977744
5129.7 273.08186591183767
5130.0 569.7231169696897
5130.3 327.8332497365773
5130.6 164.36501494795084
5130.9 176.47780802845955
5131.2 530.8431993722916
5131.5 120.65351454913616
5131.8 550.3021184317768
5132.1 461.4671222846955
5132.4 219.91573637723923
5132.7 298.7554591745138
5133.0 410.7972036022693
5133.3 564.8465125262737
5133.6 298.5641319602728
5133.9 225.09964981675148
5134.2 530.8418817017227
5134.5 264.2815166115761
5134.8 463.0062971767038
5135.1 266.7393663767725
5135.4 10.295044504106045
5135.7 147.52670996263623
5136.0 208.4027477800846
5136.3 370.39645494520664
5136.6 608.242147302255
5136.9 138.14325161278248
5137.2 296.86431607604027
5137.5 161.62737949565053
5137.8 388.3254313515499
5138.1 289.2176345922053
5138.4 313.40102729573846
5138.7 585.8793197721243
5139.0 464.1073910482228
5139.3 322.9901749268174
5139.6 272.4714407250285
5139.9 169.423231638968
5140.2 152.5762886852026
5140.5 -37.26055431365967
5140.8 174.52586144208908
5141.1 198.03282374888659
5141.4 2.9326395615935326
5141.7 268.36885859817266
5142.0 422.8808336928487
5142.3 297.2062633447349
5142.6 321.9838684871793
5142.9 281.97882659360766
5143.2 215.3641355484724
5143.5 360.32262090593576
5143.8 83.43491641059518
5144.1 289.1696612262167
5144.4 163.4137605689466
5144.7 -17.56820308510214
5145.0 332.2367234826088
5145.3 149.31614973768592
5145.6 270.54303473234177
5145.9 685.8467440977693
5146.2 460.8430570811033
5146.5 157.97726423293352
5146.8 309.48173375427723
5147.1 302.6749554099515
5147.4 234.3005613721907
5147.7 195.35374490730464
5148.0 176.46564700827003
5148.3 -114.99035057798028
5148.6 307.76007217541337
5148.9 234.26015905290842
5149.2 183.44808627385646
5149.5 242.88821141794324
5149.8 32.25659701041877
5150.1 247.33043014258146
5150.4 272.1839114688337
5150.7 284.656039939262
5151.0 471.55214032158256
5151.3 347.6189628839493
5151.6 176.66761042922735
5151.9 571.7324783541262
5152.2 138.10118082538247
5152.5 352.92302283644676
5152.8 330.42974454164505
5153.1 285.6326482910663
5153.4 240.09470745176077
5153.7 434.49846272170544
5154.0 197.93989238142967
5154.3 216.88237977400422
5154.6 137.49690371751785
5154.9 133.55575137585402
5155.2 220.1321106851101
5155.5 202.0171641111374
5155.8 168.49628037400544
5156.1 181.32610877603292
5156.4 427.09274589270353
5156.7 250.68687416240573
5157.0 578.4274077862501
5157.3 256.2904790714383
5157.6 366.50798454880714
5157.9 438.8789445757866
5158.2 407.1114760413766
5158.5 391.5113091948442
5158.8 437.2414598017931
5159.1 624.3030638918281
5159.4 278.0587862795219
5159.7 154.49319747835398
5160.0 198.77739250659943
5160.3 -133.33763088844717
5160.6 241.05310153530445
5160.9 -17.948640946298838
5161.2 205.1832183599472
5161.5 300.533201277256
5161.8 195.7662521172315
5162.1 255.2703460752964
5162.4 260.4183149235323
5162.7 355.0305353552103
5163.0 243.0792117100209
5163.3 298.7525707334862
5163.6 204.6064617652446
5163.9 161.526691660285
5164.2 268.8317317739129
5164.5 325.29386507719755
5164.8 253.9824818596244
5165.1 149.88903380930424
5165.4 272.3018287345767
5165.7 137.60677737789229
5166.0 217.64735847339034
5166.3 340.2121233046055
5166.6 222.95328012108803
5166.9 204.88104359060526
5167.2 374.29856417514384
5167.5 360.59406994190067
5167.8 291.77329729124904
5168.1 353.9855611473322
5168.4 290.09526891447604
5168.7 157.34024587273598
5169.0 280.29999554157257
5169.3 180.07735909335315
5169.6 423.510994495824
5169.9 379.2229882180691
5170.2 135.28813018649817
5170.5 467.555440492928
5170.8 399.1864127367735
5171.1 311.2316300496459
5171.4 37.58240734227002
5171.7 151.08537536114454
5172.0 230.37116980552673
5172.3 256.23334727436304
5172.6 362.3127294629812
5172.9 306.0359931662679
5173.2 114.3454868644476
5173.5 348.4907109737396
5173.8 420.9227306470275
5174.1 417.0859251143411
5174.4 142.20252484083176
5174.7 388.855462487787
5175.0 126.56206960976124
5175.3 312.24083293415606
5175.6 401.2304793968797
5175.9 289.6120269447565
5176.2 175.56143987411633
5176.5 239.77966794371605
5176.8 677.3755468800664
5177.1 491.25372977927327
5177.4 276.34839284420013
5177.7 139.24426608160138
5178.0 766.0381022691727
5178.3 443.9431150853634
5178.6 282.03885731473565
5178.9 207.11521163582802
5179.2 491.65618731826544
5179.5 408.7348209172487
5179.8 240.0947461007163
5180.1 24.583220563828945
5180.4 471.1463830061257
5180.7 490.27128857467324
5181.0 504.0235760509968
5181.3 59.133737064898014
5181.6 146.9983279928565
5181.9 323.36475309729576
5182.2 349.9686709512025
5182.5 381.8975811749697
5182.8 384.3470672406256
5183.1 260.66180736757815
5183.4 366.03394687734544
5183.7 416.1313308402896
5184.0 528.5118276942521
5184.3 574.3640424013138
5184.6 288.62555050849915
5184.9 101.61250057816505
5185.2 246.26812617108226
5185.5 426.6226724013686
5185.8 479.4320011250675
5186.1 325.86301592737436
5186.4 92.05954237282276
5186.7 335.0183877646923
5187.0 170.25235102698207
5187.3 391.8441141638905
5187.6 296.1113236187957
5187.9 425.18483531475067
5188.2 494.40150622464716
5188.5 516.0824843975715
5188.8 274.7220139352139
5189.1 309.5375123443082
5189.4 116.90295551717281
5189.7 -150.29590644687414
5190.0 240.63748635724187
5190.3 130.95398645102978
5190.6 416.54112182557583
5190.9 77.7244478315115
5191.2 108.60866740345955
5191.5 230.89010208845139
5191.8 96.35453478060663
5192.1 285.39905546139926
5192.4 66.63552539050579
5192.7 79.36893185973167
5193.0 333.08766083419323
5193.3 -48.693355314433575
5193.6 220.9959384277463
5193.9 285.05995197221637
5194.2 143.23058608174324
5194.5 265.6526873591356
5194.8 133.1815543398261
5195.1 268.2537390291691
5195.4 242.30636947788298
5195.7 400.1621256247163
5196.0 342.4153905957937
5196.3 161.56530936807394
5196.6 606.3919695615768
5196.9 -36.66352365911007
5197.2 416.22515928559005
5197.5 127.04439562559128
5197.8 -279.0655058324337
5198.1 -39.122770393267274
5198.4 697.5097106024623
5198.7 342.75543331354856
5199.0 574.7613447032636
5199.3 551.4461741261184
5199.6 524.1484969416633
5199.9 567.860549107194
5200.2 69.52430063486099
5200.5 295.23886467143893
5200.8 342.6029677465558
5201.1 99.3850270062685
5201.4 151.85967675223947
5201.7 325.4383204393089
5202.0 343.4334687087685
5202.3 142.09099937975407
5202.6 306.29113602638245
5202.9 267.64651925861835
5203.2 232.11876320838928
5203.5 152.92087208293378
5203.8 235.85817197337747
5204.1 157.49848549067974
5204.4 268.8288101144135
5204.7 413.76448237895966
5205.0 443.25919546186924
5205.3 222.92275995761156
5205.6 335.33131124824286
5205.9 512.994158776477
5206.2 326.0792613103986
5206.5 212.5431100311689
5206.8 346.3530415799469
5207.1 515.1051168644335
5207.4 416.49203427881
5207.7 105.35930336080492
5208.0 540.1626287549734
5208.3 366.1448520316626
5208.6 175.14931964874268
5208.9 414.530723631382
5209.2 621.8946951543912
5209.5 323.9873102158308
5209.8 437.80915293097496
5210.1 7.795926481485367
5210.4 380.4620424360037
5210.7 -95.13453427702188
5211.0 -12.967275119386613
5211.3 100.2168487906456
5211.6 301.4559374526143
5211.9 354.7643416300416
5212.2 95.02207647971227
5212.5 448.4055069759488
5212.8 429.3220462456811
5213.1 289.7744205221534
5213.4 273.7187550542876
5213.7 309.4863168746233
5214.0 332.158812738955
5214.3 269.22313033696264
5214.6 414.3718051277101
5214.9 242.2177343359217
5215.2 586.9242880344391
5215.5 325.93802220374346
5215.8 638.7951750010252
5216.1 518.4733460173011
5216.4 179.1154732387513
5216.7 280.4589982945472
5217.0 612.076336812228
5217.3 247.09302661195397
5217.6 -83.52361708134413
5217.9 151.47286017984152
5218.2 245.13265301845968
5218.5 238.71434699743986
5218.8 163.4743238016963
5219.1 253.03092256281525
5219.4 231.27816554531455
5219.7 213.29423225857317
5220.0 150.13380940258503
5220.3 487.731502212584
5220.6 371.4514833390713
5220.9 688.4488548375666
5221.2 496.6840296089649
5221.5 288.424845688045
5221.8 505.73831007629633
5222.1 249.3790505155921
5222.4 330.67975712008774
5222.7 274.47435222007334
5223.0 497.7632694207132
5223.3 138.32724323868752
5223.6 313.30989975109696
5223.9 449.9473696742207
5224.2 412.2335734963417
5224.5 247.45892952382565
5224.8 338.1913993563503
5225.1 426.1490806043148
5225.4 309.8084512203932
5225.7 320.1267525907606
5226.0 484.3029999323189
5226.3 199.58008231874555
5226.6 706.8635007962584
5226.9 210.09282538853586
5227.2 361.98178975936025
5227.5 464.0258082076907
5227.8 441.99603152275085
5228.1 390.63648149371147
5228.4 196.284435197711
5228.7 272.18036741018295
5229.0 194.26542588323355
5229.3 376.5317373871803
5229.6 462.730587456841
5229.9 258.8785954788327
5230.2 553.342140560504
5230.5 345.8014424741268
5230.8 210.06184063851833
5231.1 148.99275782704353
5231.4 57.67968675494194
5231.7 291.6264226324856
5232.0 205.41696116700768
5232.3 428.60318614542484
5232.6 488.73643662035465
5232.9 416.9337971806526
5233.2 372.17049510683864
5233.5 332.8328869044781
5233.8 394.633934289217
5234.1 144.49247339367867
5234.4 370.55044131726027
5234.7 555.844374133274
5235.0 29.51892465353012
5235.3 309.4082682952285
5235.6 72.19082562066615
5235.9 458.73646192252636
5236.2 148.0406035669148
5236.5 604.1855829358101
5236.8 211.57072009146214
5237.1 355.5286558754742
5237.4 153.13796578906476
5237.7 519.7482666894794
5238.0 359.91477892920375
5238.3 715.2775806104764
5238.6 487.98118160292506
5238.9 487.6723892018199
5239.2 273.444397456944
5239.5 308.1418380802497
5239.8 316.422052544076
5240.1 375.3994197137654
5240.4 192.43055584747344
5240.7 390.2427444308996
5241.0 50.36147053539753
5241.3 208.97587176412344
5241.6 164.34473348036408
5241.9 61.7713840957731
5242.2 218.17620757361874
5242.5 -74.68031269311905
5242.8 474.16183111816645
5243.1 565.7729208394885
5243.4 435.7011970281601
5243.7 329.78658234514296
5244.0 48.512253645807505
5244.3 179.20567072927952
5244.6 447.58961809426546
5244.9 363.9637553393841
5245.2 407.8880639523268
5245.5 547.4122851274442
5245.8 432.52985780569725
5246.1 303.0041161030531
5246.4 41.2922150939703
5246.7 495.35079830139875
5247.0 -76.73708621412516
5247.3 655.203412592411
5247.6 106.5479282438755
5247.9 322.5397410541773
5248.2 276.17328716348857
5248.5 517.1271510794759
5248.8 453.4301359541714
5249.1 461.2680823430419
5249.4 407.71818663552403
5249.7 190.72758087143302
5250.0 467.9213034659624
5250.3 576.6983350291848
5250.6 244.53967621922493
5250.9 331.9987945985049
5251.2 364.5328459441662
5251.5 16.035343319177628
5251.8 272.53265146538615
5252.1 406.9157704412937
5252.4 462.06083213631064
5252.7 374.5676513761282
5253.0 285.0480766762048
5253.3 290.08412428945303
5253.6 445.07507593464106
5253.9 312.3668644800782
5254.2 474.6091877259314
5254.5 691.0773479007185
5254.8 306.5026049184671
5255.1 480.63902581483126
5255.4 162.92232923209667
5255.7 258.7028001770377
5256.0 117.32932436536066
5256.3 64.08198139071465
5256.6 313.68782068416476
5256.9 466.37129202112556
5257.2 322.7368910117075
5257.5 474.0966567248106
5257.8 413.4750466234982
5258.1 223.10388623550534
5258.4 -26.534630481153727
5258.7 228.5376359820366
5259.0 352.57158197881654
5259.3 350.2205406948924
5259.6 374.74029718339443
5259.9 377.94999622553587
5260.2 195.49217228777707
5260.5 -32.25599676370621
5260.8 437.99739719182253
5261.1 449.5671073794365
5261.4 336.63608280569315
5261.7 351.1259743347764
5262.0 254.1356958784163
5262.3 486.5743667110801
5262.6 300.6112762177363
5262.9 191.77922803582624
5263.2 271.01245706900954
5263.5 350.4286236362532
5263.8 205.86401314102113
5264.1 396.8053314462304
5264.4 447.98965465277433
5264.7 88.79956376552582
5265.0 239.77561104297638
5265.3 378.57856172323227
5265.6 316.7567915394902
5265.9 158.23729701898992
5266.2 54.283621206879616
5266.5 380.87015649303794
5266.8 164.97350767836906
5267.1 707.0996880382299
5267.4 372.4890560042113
5267.7 334.054884724319
5268.0 468.303051058203
5268.3 620.773022159934
5268.6 349.21320277638733
5268.9 162.08282736688852
5269.2 174.88121922686696
5269.5 74.49569773674011
5269.8 398.4323975145817
5270.1 160.08761382102966
5270.4 448.48952587135136
5270.7 554.8253577873111
5271.0 311.91133692860603
5271.3 49.83842417597771
5271.6 401.9891363233328
5271.9 367.7998510450125
5272.2 26.502130687236786
5272.5 529.6438012318686
5272.8 191.54958675056696
5273.1 457.2883550003171
5273.4 487.80840116739273
5273.7 359.8869364820421
5274.0 206.36146662011743
5274.3 564.4664922691882
5274.6 236.0859241336584
5274.9 423.81961672753096
5275.2 277.2359121837653
5275.5 275.1877222247422
5275.8 248.9085224866867
5276.1 261.60274446569383
5276.4 -88.99908975837752
5276.7 267.1607288084924
5277.0 56.17861857963726
5277.3 357.9525822252035
5277.6 191.80368793942034
5277.9 463.7358201742172
5278.2 181.2639268785715
5278.5 465.42424343526363
5278.8 269.8233997998759
5279.1 183.31011247634888
5279.4 278.7567762276158
5279.7 234.15016118437052
5280.0 433.7036738023162
5280.3 325.99613657966256
5280.6 397.35049238801
5280.9 402.6743349134922
5281.2 291.68065828457475
5281.5 559.0704493150115
5281.8 278.842373682186
5282.1 540.9109944999218
5282.4 637.8043667376041
5282.7 224.66041255369782
5283.0 155.81967148557305
5283.3 610.1642566807568
5283.6 352.4444287866354
5283.9 456.39051754772663
5284.2 310.1588025689125
5284.5 7.2895073145627975
5284.8 328.3890568353236
5285.1 176.40165627747774
5285.4 486.49352714046836
5285.7 411.56478257477283
5286.0 596.0394999757409
5286.3 291.80898836255074
5286.6 156.31961656361818
5286.9 590.0602818503976
5287.2 205.73203732073307
5287.5 455.8543848711997
5287.8 297.8630010932684
5288.1 416.5051097422838
5288.4 487.9699113443494
5288.7 444.13910265266895
5289.0 589.4559753239155
5289.3 598.7224195450544
5289.6 265.8376497400459
5289.9 568.7360591739416
5290.2 180.6792400609702
5290.5 212.0834450609982
5290.8 134.0411152280867
5291.1 320.4199177995324
5291.4 199.68395537137985
5291.7 521.6279642805457
5292.0 286.11538784205914
5292.3 587.1923772133887
5292.6 444.76181072741747
5292.9 569.9920355658978
5293.2 376.25399067625403
5293.5 159.32615759875625
5293.8 493.0234806165099
5294.1 419.34361592680216
5294.4 598.9245832264423
5294.7 509.48984345793724
5295.0 528.130766376853
5295.3 758.1694118473679
5295.6 658.8775336444378
5295.9 392.0403275853023
5296.2 430.7091206237674
5296.5 398.86007779464126
5296.8 32.63484098389745
5297.1 358.7292771190405
5297.4 276.1517453119159
5297.7 311.3917554244399
5298.0 578.464487105608
5298.3 474.286885952577
5298.6 524.0017022695392
5298.9 352.9383132001385
5299.2 -138.86230104789138
5299.5 667.9592414870858
5299.8 449.8733213758096
5300.1 220.57473452202976
5300.4 326.6976361349225
5300.7 440.5637463927269
5301.0 765.9218825791031
5301.3 264.3479506149888
5301.6 369.5099834362045
5301.9 284.7344407774508
5302.2 291.448315192014
5302.5 177.8337766006589
5302.8 170.19961059093475
5303.1 179.88640485703945
5303.4 71.49218474514782
5303.7 230.42819502856582
5304.0 99.19054581224918
5304.3 708.8811522573233
5304.6 0.8286038264632225
5304.9 465.89596454426646
5305.2 411.69963328540325
5305.5 398.36920577287674
5305.8 226.63104655593634
5306.1 339.44585425034165
5306.4 353.6018465012312
5306.7 580.4429542720318
5307.0 440.88566972120316
5307.3 281.6966234743595
5307.6 222.75821955874562
5307.9 342.651180177927
5308.2 445.68921378068626
5308.5 579.3130687847733
5308.8 218.40310096740723
5309.1 391.1603256058879
5309.4 596.2828898900189
5309.7 530.9992919526994
5310.0 340.90967501327395
5310.3 352.2788668461144
5310.6 452.5774077400565
5310.9 294.0381717979908
5311.2 485.94122199644335
5311.5 88.67130360752344
5311.8 470.95598139986396
5312.1 237.6364348232746
5312.4 553.7119511254132
5312.7 232.52317792200483
5313.0 320.1596034693939
5313.3 205.57454553246498
5313.6 306.2985105253756
5313.9 423.2642695903778
5314.2 204.22979416837916
5314.5 625.7123535014689
5314.8 610.6420598290861
5315.1 75.77641417458653
5315.4 622.9965071383631
5315.7 615.512925461866
5316.0 346.1967945918441
5316.3 379.00945253297687
5316.6 342.8378174006939
5316.9 387.43883989565074
5317.2 488.4141560420394
5317.5 548.8864197656512
5317.8 176.29686646908522
5318.1 478.69708823412657
5318.4 523.9044159948826
5318.7 88.15239323675632
5319.0 453.7536902278662
5319.3 299.68490678817034
5319.6 345.2399646192789
5319.9 186.41708062961698
5320.2 194.91390820313245
5320.5 406.5855731535703
5320.8 186.0391619950533
5321.1 207.16417133808136
5321.4 577.4655471593142
5321.7 453.0521699525416
5322.0 433.87950683082454
5322.3 388.45663882791996
5322.6 158.98504042066634
5322.9 135.65309274196625
5323.2 139.39611682854593
5323.5 347.45885567367077
5323.8 -63.440663821063936
5324.1 470.04635110497475
5324.4 283.3982324004173
5324.7 405.49543668329716
5325.0 0.0
5325.3 0.0
5325.6 0.0
5325.9 0.0
5326.2 0.0
5326.5 0.0
5326.8 0.0
5327.1 0.0
5327.4 0.0
5327.7 0.0
5328.0 0.0
5328.3 0.0
5328.6 0.0
5328.9 0.0
5329.2 0.0
5329.5 0.0
5329.8 0.0
