6165.0 0.0
6165.3 0.0
6165.6 0.0
6165.9 0.0
6166.2 0.0
6166.5 0.0
6166.8 0.0
6167.1 0.0
6167.4 0.0
6167.7 0.0
6168.0 0.0
6168.3 0.0
6168.6 0.0
6168.9 0.0
6169.2 0.0
6169.5 0.0
6169.8 0.0
6170.1 0.0
6170.4 0.0
6170.7 0.0
6171.0 0.0
6171.3 0.0
6171.6 0.0
6171.9 0.0
6172.2 0.0
6172.5 0.0
6172.8 0.0
6173.1 0.0
6173.4 0.0
6173.7 0.0
6174.0 0.0
6174.3 0.0
6174.6 0.0
6174.9 0.0
6175.2 0.0
6175.5 0.0
6175.8 0.0
6176.1 0.0
6176.4 0.0
6176.7 0.0
6177.0 0.0
6177.3 0.0
6177.6 0.0
6177.9 0.0
6178.2 0.0
6178.5 0.0
6178.8 0.0
6179.1 0.0
6179.4 0.0
6179.7 0.0
6180.0 0.0
6180.3 0.0
6180.6 0.0
6180.9 0.0
6181.2 0.0
6181.5 0.0
6181.8 0.0
6182.1 0.0
6182.4 0.0
6182.7 0.0
6183.0 0.0
6183.3 0.0
6183.6 0.0
6183.9 0.0
6184.2 0.0
6184.5 0.0
6184.8 0.0
6185.1 0.0
6185.4 0.0
6185.7 0.0
6186.0 0.0
6186.3 0.0
6186.6 0.0
6186.9 0.0
6187.2 0.0
6187.5 0.0
6187.8 0.0
6188.1 0.0
6188.4 0.0
6188.7 0.0
6189.0 0.0
6189.3 0.0
6189.6 0.0
6189.9 0.0
6190.2 11.308716773986816
6190.5 27.347793579101562
6190.8 16.158222198486328
6191.1 -26.680988311767578
6191.4 7.754941463470459
6191.7 51.11082911491394
6192.0 200.84259867668152
6192.3 -88.77307796478271
6192.6 220.0131962299347
6192.9 2.6835044594481587
6193.2 -192.7828290462494
6193.5 536.651616871357
6193.8 614.2488548904657
6194.1 362.2680183798075
6194.4 329.32808204740286
6194.7 338.5387778580189
6195.0 510.81147237867117
6195.3 82.94935738295317
6195.6 195.82845235336572
6195.9 389.0056197717786
6196.2 972.6659548729658
6196.5 571.2959309145808
6196.8 195.10315561294556
6197.1 113.59205081313848
6197.4 94.23829649761319
6197.7 196.23858589679003
6198.0 350.8065173495561
6198.3 17.291141524910927
6198.6 128.26218732073903
6198.9 250.5566190816462
6199.2 342.28479113429785
6199.5 47.48442707583308
6199.8 263.5183766335249
6200.1 124.64276278018951
6200.4 -65.50490946695209
6200.7 789.1999987587333
6201.0 341.965847985819
6201.3 173.74424013495445
6201.6 42.8560800626874
6201.9 -295.57472642417997
6202.2 205.6013317629695
6202.5 84.03284735232592
6202.8 -4.80735819786787
6203.1 28.710977675858885
6203.4 439.5971652902663
6203.7 665.9650009572506
6204.0 705.3324960218742
6204.3 707.3954069539905
6204.6 995.9179369471967
6204.9 206.64072278514504
6205.2 -95.26317795366049
6205.5 -13.986714743077755
6205.8 193.58556550741196
6206.1 -121.39396598935127
6206.4 153.76819639652967
6206.7 740.5626130737364
6207.0 -8.771372690796852
6207.3 444.30167596274987
6207.6 346.08884163573384
6207.9 305.4661398679018
6208.2 135.439088255167
6208.5 388.06328312680125
6208.8 466.40383709967136
6209.1 505.3015837520361
6209.4 669.822395266965
6209.7 286.1057627648115
6210.0 -406.90848959982395
6210.3 253.10749559104443
6210.6 390.3091214140877
6210.9 491.3953330479562
6211.2 159.3033702466637
6211.5 265.32647091150284
6211.8 134.1902859210968
6212.1 505.24019204452634
6212.4 490.232608364895
6212.7 170.94841461069882
6213.0 675.2307959347963
6213.3 4.941259816288948
6213.6 121.51566882431507
6213.9 780.242998609785
6214.2 216.9916873499751
6214.5 140.99946034140885
6214.8 -112.8036493062973
6215.1 317.32985888049006
6215.4 -97.29934836179018
6215.7 -1.3425143286585808
6216.0 253.13809970766306
6216.3 420.9600256457925
6216.6 506.35941864550114
6216.9 673.6522981375456
6217.2 817.1468706615269
6217.5 337.6096410751343
6217.8 549.6600941196084
6218.1 233.3293385952711
6218.4 447.65384375303984
6218.7 473.4196782410145
6219.0 506.05924869701266
6219.3 609.0590836927295
6219.6 182.5249190106988
6219.9 381.67705695331097
6220.2 228.5129877831787
6220.5 153.04682013392448
6220.8 329.652292474173
6221.1 477.3351070024073
6221.4 -52.14254483953118
6221.7 216.03548112511635
6222.0 478.98524713888764
6222.3 60.11424067988992
6222.6 349.50014857947826
6222.9 826.0832343883812
6223.2 295.0610271524638
6223.5 288.7907364461571
6223.8 74.73982029315084
6224.1 -170.97427260875702
6224.4 178.0437741652131
6224.7 175.9529949016869
6225.0 422.7786956131458
6225.3 190.31805765628815
6225.6 74.81554388999939
6225.9 584.9535670801997
6226.2 113.17838971316814
6226.5 300.48429633677006
6226.8 770.0965514816344
6227.1 31.64975919574499
6227.4 6.9810914397239685
6227.7 302.5869238767773
6228.0 -147.3730958737433
6228.3 -229.3933037216775
6228.6 330.6588463783264
6228.9 428.4500619098544
6229.2 -9.07685823366046
6229.5 352.0289011448622
6229.8 1038.823441942921
6230.1 722.0035627484322
6230.4 -257.7292010169476
6230.7 265.73151263967156
6231.0 213.38320054113865
6231.3 879.0546301603317
6231.6 688.9151539206505
6231.9 -2.4062319695949554
6232.2 -478.63153509795666
6232.5 142.46356983482838
6232.8 115.95397594571114
6233.1 794.2720552626997
6233.4 -120.70428322255611
6233.7 66.849992133677
6234.0 730.323433637619
6234.3 798.6037786602974
6234.6 583.3317914158106
6234.9 343.7424982525408
6235.2 -274.56836388399825
6235.5 -192.2310353666544
6235.8 380.4577886611223
6236.1 707.5944152744487
6236.4 27.9035587310791
6236.7 67.21413508057594
6237.0 422.0850347690284
6237.3 -70.27408942580223
6237.6 -51.82323019951582
6237.9 240.43870758637786
6238.2 843.2756172101945
6238.5 795.2422382738441
6238.8 582.2135810777545
6239.1 758.4375915704295
6239.4 271.5449513271451
6239.7 -103.08962775953114
6240.0 511.6010461114347
6240.3 469.08138601481915
6240.6 206.71921899914742
6240.9 -242.63207529112697
6241.2 670.8269809931517
6241.5 615.2579540982842
6241.8 57.24765162542462
6242.1 358.899866335094
6242.4 65.57825489342213
6242.7 -342.9295337125659
6243.0 245.92149291932583
6243.3 -225.57387606985867
6243.6 147.23264107108116
6243.9 838.630385749042
6244.2 326.63043681392446
6244.5 539.8793187513947
6244.8 552.8318139910698
6245.1 452.9425325393677
6245.4 381.7387546747923
6245.7 452.6751762777567
6246.0 440.62175296619534
6246.3 420.09716060757637
6246.6 320.24552269279957
6246.9 285.82001105044037
6247.2 236.92856201995164
6247.5 252.28475357592106
6247.8 335.07983304094523
6248.1 815.9362036585808
6248.4 387.8648096099496
6248.7 202.63861791789532
6249.0 489.4504197873175
6249.3 408.32187769934535
6249.6 427.5305492542684
6249.9 485.7868655817583
6250.2 528.0814638845623
6250.5 150.2362085133791
6250.8 250.70234763622284
6251.1 84.84818136738613
6251.4 -171.83380458131433
6251.7 331.9315316993743
6252.0 689.9376088846475
6252.3 257.8456324264407
6252.6 117.47059504315257
6252.9 77.65635398076847
6253.2 194.90018314123154
6253.5 563.4383268393576
6253.8 401.2805321048945
6254.1 180.57121210196055
6254.4 195.5434388667345
6254.7 142.07980905473232
6255.0 636.1742218732834
6255.3 -67.80560891330242
6255.6 -95.49820148944855
6255.9 30.834095813333988
6256.2 686.370002605021
6256.5 -55.17594312876463
6256.8 261.01626581698656
6257.1 34.57696736755315
6257.4 51.20408737659454
6257.7 459.77276953309774
6258.0 953.5662820897996
6258.3 885.0056860577315
6258.6 517.1246716380119
6258.9 593.4043950214982
6259.2 830.797527320683
6259.5 379.74019239097834
6259.8 516.052856227383
6260.1 508.24020436406136
6260.4 161.83277255669236
6260.7 648.0630555208772
6261.0 145.8730752747506
6261.3 50.26131411641836
6261.6 260.55662965774536
6261.9 209.3775601349771
6262.2 224.58741196081974
6262.5 391.88053861260414
6262.8 -356.6159421913326
6263.1 232.41940873861313
6263.4 392.6401426149532
6263.7 3.8900617361068726
6264.0 559.8650199472904
6264.3 753.8421670477837
6264.6 197.2805562466383
6264.9 575.9275433458388
6265.2 -1.83607916533947
6265.5 64.96601972728968
6265.8 759.7476009912789
6266.1 418.16856717690825
6266.4 805.8831239268184
6266.7 743.4886229317635
6267.0 116.13530392199755
6267.3 -183.61119454726577
6267.6 129.76110057532787
6267.9 75.46702143549919
6268.2 -62.989899039268494
6268.5 191.9622201952152
6268.8 559.0824033096433
6269.1 151.2950328141451
6269.4 -104.01591942925006
6269.7 105.43246160447598
6270.0 576.5864563616924
6270.3 667.7460262647364
6270.6 461.17108833789825
6270.9 69.42723314464092
6271.2 -36.57970584183931
6271.5 148.03740279376507
6271.8 291.02839812636375
6272.1 327.78977743536234
6272.4 512.8995894566178
6272.7 369.5801579626277
6273.0 678.9409249871969
6273.3 456.5632348880172
6273.6 103.6228307634592
6273.9 -247.39559977222234
6274.2 -234.01784840971231
6274.5 87.45091173797846
6274.8 239.4507987126708
6275.1 390.428754221648
6275.4 348.0466742441058
6275.7 508.8691038824618
6276.0 270.72050734609365
6276.3 610.0376587174833
6276.6 405.62173616327345
6276.9 535.169230595231
6277.2 298.82122008502483
6277.5 -152.76653033867478
6277.8 333.29221596661955
6278.1 262.522131646052
6278.4 776.6649220286636
6278.7 466.5954632014036
6279.0 469.5590440109372
6279.3 424.638928309083
6279.6 348.6162272169022
6279.9 156.65396125614643
6280.2 501.04509210400283
6280.5 28.204719468951225
6280.8 170.238399063237
6281.1 190.93305476009846
6281.4 106.69117869436741
6281.7 465.641510726884
6282.0 325.3687519263476
6282.3 124.94082126021385
6282.6 326.82796426303685
6282.9 727.5256254072301
6283.2 1117.9698751866817
6283.5 551.0453485250473
6283.8 320.86269994080067
6284.1 586.855721205473
6284.4 467.11188557744026
6284.7 246.77730641886592
6285.0 290.59122164547443
6285.3 -74.60121086239815
6285.6 9.309326607733965
6285.9 26.710758487228304
6286.2 962.7645900249481
6286.5 872.0569490194321
6286.8 -377.6081539839506
6287.1 291.738904312253
6287.4 500.1372885964811
6287.7 118.70923847984523
6288.0 136.58094945922494
6288.3 330.55836902337614
6288.6 291.5952804274857
6288.9 282.42557863146067
6289.2 59.077555261552334
6289.5 483.26028949022293
6289.8 24.93141522584483
6290.1 -85.8359949439764
6290.4 308.66706111095846
6290.7 70.26771673560143
6291.0 366.5158569738269
6291.3 370.1375464159064
6291.6 273.5637410879135
6291.9 35.41730422433466
6292.2 409.4164646305144
6292.5 822.5853502713144
6292.8 631.7066054791212
6293.1 353.51391895860434
6293.4 113.60906690359116
6293.7 233.17512717097998
6294.0 16.39777499437332
6294.3 -3.1856986433267593
6294.6 12.807262524962425
6294.9 156.41612473130226
6295.2 286.5126223936677
6295.5 529.4791209101677
6295.8 492.7121870331466
6296.1 72.90729267895222
6296.4 744.2690900713205
6296.7 445.91803452931345
6297.0 226.15155754983425
6297.3 522.3497771471739
6297.6 218.97034431248903
6297.9 -410.7964146435261
6298.2 1189.3582035377622
6298.5 434.6413171887398
6298.8 69.96232390403748
6299.1 8963.6195499897
6299.4 2224.009045392275
6299.7 -3789.1272171139717
6300.0 9912.922422409058
6300.3 10189.537747979164
6300.6 451.7425003051758
6300.9 952.0211869031191
6301.2 1355.951255723834
6301.5 966.9967466145754
6301.8 180.88361489772797
6302.1 210.92767876386642
6302.4 711.7704744189978
6302.7 461.5253602936864
6303.0 429.17453402924
6303.3 590.1111026182771
6303.6 161.62415227293968
6303.9 97.580281406641
6304.2 -56.48241651058197
6304.5 281.503095716238
6304.8 278.9443560540676
6305.1 380.12008495256305
6305.4 91.57155111432076
6305.7 150.17775681614876
6306.0 389.76093773543835
6306.3 -487.8422576189041
6306.6 299.783593703527
6306.9 609.2594442665577
6307.2 140.87687868624926
6307.5 271.9779932014644
6307.8 143.36432592570782
6308.1 -18.94465435668826
6308.4 88.1146524772048
6308.7 317.3878026716411
6309.0 402.05346482247114
6309.3 364.1661743745208
6309.6 602.2411962077022
6309.9 370.15478351712227
6310.2 522.9186023920774
6310.5 303.7054329738021
6310.8 155.59020661737304
6311.1 564.2572262361646
6311.4 460.3250283244997
6311.7 455.0231279656291
6312.0 648.3983777016401
6312.3 213.95180051773787
6312.6 58.8652403280139
6312.9 472.53751038759947
6313.2 385.6025755610317
6313.5 179.4221955537796
6313.8 542.5147102698684
6314.1 -97.32900751708075
6314.4 138.7184824347496
6314.7 804.8594811595976
6315.0 272.65021881461143
6315.3 395.2927532494068
6315.6 194.10638292320073
6315.9 474.99255350325257
6316.2 421.9122570082545
6316.5 206.22168632224202
6316.8 -35.52599719911814
6317.1 -126.2042231746018
6317.4 332.77615480683744
6317.7 688.4874008446932
6318.0 691.832067862153
6318.3 467.54647121578455
6318.6 724.8435607552528
6318.9 570.0583760105073
6319.2 198.9213831871748
6319.5 216.1634628083557
6319.8 501.8910208530724
6320.1 574.2317301183939
6320.4 775.4507778643165
6320.7 122.98406403511763
6321.0 252.86209133639932
6321.3 171.80846238136292
6321.6 -3.7080041661392897
6321.9 -353.9342194199562
6322.2 253.8046302339062
6322.5 237.34677323885262
6322.8 392.65959630161524
6323.1 494.16115760058165
6323.4 505.09118860960007
6323.7 341.02896643429995
6324.0 187.4269376769662
6324.3 518.1772390119731
6324.6 312.18738638982177
6324.9 213.22477455437183
6325.2 405.41298585478216
6325.5 281.00723841413856
6325.8 89.214110866189
6326.1 259.9858119376004
6326.4 92.68717531859875
6326.7 313.819798797369
6327.0 532.778492487967
6327.3 593.7433027327061
6327.6 239.72920969501138
6327.9 663.7651378586888
6328.2 267.0985156521201
6328.5 78.21292950585485
6328.8 1146.595262400806
6329.1 -461.8855329733342
6329.4 -210.8261537924409
6329.7 833.0480584129691
6330.0 598.4034992828965
6330.3 419.37057379900943
6330.6 540.4179848134518
6330.9 246.4276309814304
6331.2 199.68135283328593
6331.5 457.30265050008893
6331.8 296.82184973405674
6332.1 735.9602203201503
6332.4 591.0343150380068
6332.7 500.3630403280258
6333.0 137.0006656702608
6333.3 42.18647436052561
6333.6 386.04994423291646
6333.9 277.5089128278196
6334.2 460.1856960840523
6334.5 194.7357760593295
6334.8 272.88566348701715
6335.1 305.8056964278221
6335.4 -113.15390603989363
6335.7 360.6156253069639
6336.0 161.66133923828602
6336.3 -36.58632522053085
6336.6 25.19491160660982
6336.9 314.9903846979141
6337.2 -138.7002845108509
6337.5 161.35972625017166
6337.8 -148.49795871507376
6338.1 -237.75037810578942
6338.4 76.76634926907718
6338.7 592.9871436357498
6339.0 555.734103018418
6339.3 39.59078247565776
6339.6 302.684050090611
6339.9 75.30277121067047
6340.2 -43.78380529116839
6340.5 196.0717353783548
6340.8 369.5083723355783
6341.1 369.2281962838024
6341.4 101.06634759058943
6341.7 376.1369812861085
6342.0 497.75027848780155
6342.3 208.14992075413465
6342.6 444.2113042473793
6342.9 656.8186070239171
6343.2 837.9944753777236
6343.5 339.21095182932913
6343.8 158.4350784868002
6344.1 224.32353885658085
6344.4 -34.172005623579025
6344.7 54.47359116375446
6345.0 537.0080413557589
6345.3 331.234295936767
6345.6 544.9151578191668
6345.9 246.7344509381801
6346.2 469.7231159033254
6346.5 604.1516573224217
6346.8 267.89323826506734
6347.1 277.4740099608898
6347.4 477.5998631864786
6347.7 229.05197635293007
6348.0 198.30918161571026
6348.3 107.40105940029025
6348.6 378.44761796295643
6348.9 948.7853614182095
6349.2 622.6117656878196
6349.5 465.61746411025524
6349.8 811.7780991345644
6350.1 362.9429130293429
6350.4 -140.80013606324792
6350.7 181.3523254469037
6351.0 530.5546828135848
6351.3 179.35323709249496
6351.6 345.9240259360522
6351.9 401.8362650834024
6352.2 422.11701667215675
6352.5 178.89805098809302
6352.8 -211.27299670130014
6353.1 133.67151636257768
6353.4 243.66306218504906
6353.7 -140.34331664815545
6354.0 269.25987178459764
6354.3 257.99214632436633
6354.6 404.8427760004997
6354.9 411.31270195543766
6355.2 401.1994105419144
6355.5 3.9432302191853523
6355.8 -241.03456044197083
6356.1 627.936987654306
6356.4 188.3850959315896
6356.7 223.28329607471824
6357.0 706.062014374882
6357.3 -44.74806898832321
6357.6 490.15982285141945
6357.9 -28.77131886780262
6358.2 -381.28849309682846
6358.5 171.64711736142635
6358.8 429.19898938015103
6359.1 378.96478959545493
6359.4 -65.07338392734528
6359.7 435.59605168551207
6360.0 119.27928013447672
6360.3 243.58688429743052
6360.6 480.751338545233
6360.9 639.3304066434503
6361.2 373.7840269356966
6361.5 603.5696147605777
6361.8 827.0102872699499
6362.1 -13.116953179240227
6362.4 1831.6034626066685
6362.7 3884.4888361394405
6363.0 -1660.3965723216534
6363.3 -4025.205432385206
6363.6 788.4867863506079
6363.9 1425.7100928276777
6364.2 781.3389470567927
6364.5 563.5910764485598
6364.8 776.6280714012682
6365.1 526.922283067368
6365.4 114.8632570579648
6365.7 345.2884625196457
6366.0 387.9490612279624
6366.3 -61.64100018143654
6366.6 178.68770675361156
6366.9 337.3348581343889
6367.2 410.3933780938387
6367.5 -34.09156835079193
6367.8 170.11465822160244
6368.1 424.4774850253016
6368.4 581.9067942276597
6368.7 559.369245428592
6369.0 -7.9670840464532375
6369.3 -66.28272253647447
6369.6 -5.816046316176653
6369.9 181.55405174661428
6370.2 165.8724398408085
6370.5 284.50605911016464
6370.8 -162.36762205697596
6371.1 136.56173143163323
6371.4 165.49101459607482
6371.7 70.34991854056716
6372.0 -74.48150419443846
6372.3 486.2188949212432
6372.6 573.3201076164842
6372.9 414.2795049920678
6373.2 350.72271578758955
6373.5 362.8840441405773
6373.8 649.582969930023
6374.1 199.88291364908218
6374.4 195.02036254107952
6374.7 66.67548420280218
6375.0 462.1472897268832
6375.3 381.0451177060604
6375.6 218.01845312863588
6375.9 57.241613197373226
6376.2 49.33622555434704
6376.5 477.5529008358717
6376.8 909.9056519567966
6377.1 405.122449825285
6377.4 338.3392815962434
6377.7 165.76203817501664
6378.0 532.8760693371296
6378.3 130.54867231845856
6378.6 -305.11615408211946
6378.9 111.6908347317949
6379.2 150.18118017166853
6379.5 -323.57785419002175
6379.8 185.466683360748
6380.1 330.2434171438217
6380.4 -190.4749148339033
6380.7 734.379212337546
6381.0 254.8421181552112
6381.3 102.57280929386616
6381.6 -54.00455704331398
6381.9 -32.62818505614996
6382.2 524.3324087765068
6382.5 164.7724041622132
6382.8 185.81477755028754
6383.1 303.46526427194476
6383.4 180.01851700246334
6383.7 -68.46688458509743
6384.0 549.7714619114995
6384.3 438.578044179827
6384.6 419.15023896098137
6384.9 277.90914298594
6385.2 183.8070527445525
6385.5 234.11376900970936
6385.8 14.335135661996901
6386.1 475.0263434574008
6386.4 637.5178343057632
6386.7 308.488710898906
6387.0 28.297628983855247
6387.3 446.72697653621435
6387.6 -164.46016434580088
6387.9 -104.74549663066864
6388.2 449.799416590482
6388.5 89.38468276709318
6388.8 393.48615617584437
6389.1 293.52833722159266
6389.4 298.72257522586733
6389.7 235.15367813408375
6390.0 -45.577114567160606
6390.3 248.83158959355205
6390.6 13.011449825018644
6390.9 63.534714821726084
6391.2 365.56664833426476
6391.5 260.1433824915439
6391.8 290.61684430390596
6392.1 662.5875278979074
6392.4 437.37544398009777
6392.7 206.76861123368144
6393.0 22.75438319146633
6393.3 97.26026856154203
6393.6 543.8224884271622
6393.9 797.2028150595725
6394.2 472.6548653077334
6394.5 603.8400055551901
6394.8 649.6177305653691
6395.1 459.8251116089523
6395.4 186.19676931935828
6395.7 387.8773752078414
6396.0 236.68392419163138
6396.3 549.7343087680638
6396.6 489.85684048767143
6396.9 72.02981536090374
6397.2 640.9414312466979
6397.5 304.68486112356186
6397.8 201.52100441977382
6398.1 70.65511351497844
6398.4 609.019609645009
6398.7 429.95332086086273
6399.0 214.0273359194398
6399.3 498.4687652513385
6399.6 833.8478973433375
6399.9 727.8171048692893
6400.2 624.3991094119847
6400.5 -190.12985529005527
6400.8 49.28964691609144
6401.1 137.6086247190833
6401.4 313.2767114434391
6401.7 76.98527912795544
6402.0 319.3004077896476
6402.3 156.91472239792347
6402.6 509.72277208045125
6402.9 148.75869306363165
6403.2 -139.8526781089604
6403.5 582.7951751351357
6403.8 333.5831849910319
6404.1 509.8632969772443
6404.4 331.95464135799557
6404.7 193.1131086461246
6405.0 -85.60064451396465
6405.3 146.68637868389487
6405.6 496.16897635161877
6405.9 165.3425114378333
6406.2 556.9156721308827
6406.5 72.78016362339258
6406.8 215.72777169570327
6407.1 103.31601929105818
6407.4 130.14046742906794
6407.7 492.3186734393239
6408.0 -239.1163433343172
6408.3 156.6044004354626
6408.6 134.81967326940503
6408.9 -57.623389144893736
6409.2 272.3966024676338
6409.5 22.034140868112445
6409.8 239.80099448561668
6410.1 473.77135151810944
6410.4 386.2321567721665
6410.7 541.8072932846844
6411.0 163.1701435148716
6411.3 283.2457061521709
6411.6 435.99396258965135
6411.9 719.7135182041675
6412.2 437.42503464221954
6412.5 216.2962861470878
6412.8 529.0856740921736
6413.1 238.51532373577356
6413.4 89.99653579294682
6413.7 699.3107869625092
6414.0 682.3962129689753
6414.3 292.61220912635326
6414.6 157.18835164792836
6414.9 262.6860851570964
6415.2 369.4453303515911
6415.5 519.793178088963
6415.8 534.1005309447646
6416.1 776.8922249525785
6416.4 168.52029991243035
6416.7 309.559012837708
6417.0 194.2045981734991
6417.3 268.78238593414426
6417.6 363.54123899899423
6417.9 276.51038055773824
6418.2 197.2579147145152
6418.5 237.7882248982787
6418.8 421.55807952955365
6419.1 683.6430951803923
6419.4 622.357734978199
6419.7 18.52832018211484
6420.0 413.943310406059
6420.3 527.6156972981989
6420.6 634.076848089695
6420.9 595.1046235151589
6421.2 440.44920741021633
6421.5 -55.39339494891465
6421.8 206.94373177923262
6422.1 300.4399724006653
6422.4 36.937702007591724
6422.7 211.88078950345516
6423.0 65.61507830955088
6423.3 21.937485449016094
6423.6 371.8936653006822
6423.9 393.12001411803067
6424.2 98.53870581835508
6424.5 107.70742620155215
6424.8 261.39887634664774
6425.1 423.505534844473
6425.4 577.8489560298622
6425.7 409.0577072799206
6426.0 228.3241550028324
6426.3 38.3250130508095
6426.6 -71.36527795344591
6426.9 -87.07421840727329
6427.2 91.27755543589592
6427.5 419.490227997303
6427.8 391.43435650668107
6428.1 271.51930866762996
6428.4 279.68430968001485
6428.7 562.6359610706568
6429.0 451.4279767330736
6429.3 221.29489716887474
6429.6 353.74562472850084
6429.9 517.9537477120757
6430.2 611.7581117898226
6430.5 136.20292259193957
6430.8 132.84111168980598
6431.1 212.59610773762688
6431.4 205.32082143053412
6431.7 654.7522816210985
6432.0 153.85104299007799
6432.3 -59.00671585649252
6432.6 436.5122773051262
6432.9 439.5009944140911
6433.2 187.99480741471052
6433.5 -91.12856066972017
6433.8 238.0689153485
6434.1 351.79159769415855
6434.4 601.8747614771128
6434.7 583.6026545334607
6435.0 625.5754267051816
6435.3 361.9790413081646
6435.6 132.24843012500787
6435.9 260.23194854706526
6436.2 497.9058709703386
6436.5 94.55020402558148
6436.8 9.991499081254005
6437.1 12.590070308186114
6437.4 53.63581993803382
6437.7 341.8139568846673
6438.0 346.8262960536813
6438.3 41.53707676380873
6438.6 50.187907515093684
6438.9 716.8382032811642
6439.2 538.2854973226786
6439.5 -412.53341925516725
6439.8 360.60008981078863
6440.1 297.3264515325427
6440.4 56.882586888968945
6440.7 222.82658144831657
6441.0 820.5153074115515
6441.3 482.2959431745112
6441.6 -4.393153142184019
6441.9 298.3617706298828
6442.2 93.12569223344326
6442.5 514.5115577466786
6442.8 466.7575539946556
6443.1 107.71256941743195
6443.4 532.8113275244832
6443.7 379.6117864474654
6444.0 725.8472086675465
6444.3 449.12571028992534
6444.6 117.1722034025006
6444.9 405.3052598070353
6445.2 414.0458558909595
6445.5 55.257203698158264
6445.8 80.56709249317646
6446.1 378.1841559270397
6446.4 -11.553967144340277
6446.7 452.0051985383034
6447.0 33.38572236150503
6447.3 568.3397835809737
6447.6 378.9068381898105
6447.9 187.1306711677462
6448.2 -37.259237128309906
6448.5 514.0919405817986
6448.8 261.5084402272478
6449.1 212.54230079986155
6449.4 156.76079131662846
6449.7 453.37909761071205
6450.0 571.052961833775
6450.3 731.5886629493907
6450.6 162.82524474710226
6450.9 475.464964620769
6451.2 433.0662058517337
6451.5 489.6708809733391
6451.8 255.3962358608842
6452.1 512.9865460135043
6452.4 650.1241465434432
6452.7 334.5007948484272
6453.0 139.65139001607895
6453.3 387.8231738358736
6453.6 602.47573569417
6453.9 370.4894964173436
6454.2 133.5165203511715
6454.5 17.458008473739028
6454.8 111.78808379266411
6455.1 331.8121961802244
6455.4 -18.039631478488445
6455.7 253.57065638899803
6456.0 351.17382918670774
6456.3 286.90098412288353
6456.6 624.2246334450319
6456.9 177.1098479286593
6457.2 234.675648316741
6457.5 279.52655048668385
6457.8 60.429705841466784
6458.1 147.67327976878732
6458.4 486.0572191774845
6458.7 251.9121381342411
6459.0 396.04556326568127
6459.3 694.7014587689191
6459.6 670.1109842732549
6459.9 265.1631858199835
6460.2 278.7727549513802
6460.5 408.6692532133311
6460.8 420.8462096899748
6461.1 319.68359491601586
6461.4 307.9656577333808
6461.7 774.6008400581777
6462.0 392.11094376444817
6462.3 500.36081954138353
6462.6 528.7197559904307
6462.9 380.4982113800943
6463.2 349.7325215153396
6463.5 279.21962974593043
6463.8 -15.052130691648927
6464.1 43.96594559773803
6464.4 149.04492889344692
6464.7 96.95056909322739
6465.0 718.7670231685042
6465.3 233.5673763602972
6465.6 579.6805261168629
6465.9 425.2936796694994
6466.2 617.128798365593
6466.5 230.6824939213693
6466.8 578.1160320267081
6467.1 783.7440377175808
6467.4 385.94594477815554
6467.7 158.7356878966093
6468.0 221.76736183091998
6468.3 106.27937331795692
6468.6 404.9793914705515
6468.9 376.27919080108404
6469.2 448.82596857845783
6469.5 320.499297413975
6469.8 187.94043081626296
6470.1 45.010217376984656
6470.4 470.84797576628625
6470.7 747.5787161588669
6471.0 266.8483743965626
6471.3 -122.21542251110077
6471.6 518.2923008883372
6471.9 269.75153805315495
6472.2 -218.67859202623367
6472.5 192.20189193356782
6472.8 172.46953666955233
6473.1 285.9119606986642
6473.4 327.9378502741456
6473.7 553.8604076430202
6474.0 378.54688484594226
6474.3 153.11073713749647
6474.6 235.07635867316276
6474.9 432.4263072013855
6475.2 178.5860906690359
6475.5 286.5190352406353
6475.8 -18.59573895856738
6476.1 125.44946401380002
6476.4 387.8693257384002
6476.7 290.6472881883383
6477.0 210.94899155013263
6477.3 140.73730715364218
6477.6 -2.5388742685317993
6477.9 629.5323619917035
6478.2 182.04992497712374
6478.5 -153.62796508520842
6478.8 156.7790049329633
6479.1 172.54673628881574
6479.4 -83.67638823762536
6479.7 353.54289357736707
6480.0 391.3989249020815
6480.3 205.60335514880717
6480.6 383.2947397008538
6480.9 285.8102590125054
6481.2 303.2051529828459
6481.5 44.01769279874861
6481.8 376.74205020442605
6482.1 133.00176016241312
6482.4 384.44187681004405
6482.7 515.9323890735395
6483.0 154.27353241294622
6483.3 -167.45088797807693
6483.6 -207.12083672732115
6483.9 482.01645761728287
6484.2 96.23473628610373
6484.5 88.39158597961068
6484.8 215.8292230758816
6485.1 97.62581826932728
6485.4 487.3578869663179
6485.7 826.1506766080856
6486.0 143.13835609704256
6486.3 256.9097388498485
6486.6 512.4561101421714
6486.9 109.16583358496428
6487.2 309.50264933891594
6487.5 348.7266655266285
6487.8 214.81145295407623
6488.1 48.8765736669302
6488.4 104.66323049366474
6488.7 64.20759831834584
6489.0 432.48096734285355
6489.3 404.15395979583263
6489.6 583.8784553930163
6489.9 602.5690325982869
6490.2 79.80148141086102
6490.5 288.3331809192896
6490.8 348.0757075054571
6491.1 237.49723793566227
6491.4 337.9117279648781
6491.7 734.1141987517476
6492.0 175.18311682343483
6492.3 381.13064393540844
6492.6 447.4212246602401
6492.9 -70.4095838367939
6493.2 241.25812860019505
6493.5 98.40669907396659
6493.8 274.91376277804375
6494.1 459.81017404794693
6494.4 132.61961774900556
6494.7 -20.23282478004694
6495.0 52.86699364334345
6495.3 433.45459277927876
6495.6 266.88880075514317
6495.9 -172.88554610311985
6496.2 119.29946640878916
6496.5 445.86534624546766
6496.8 635.0683853775263
6497.1 372.25467582046986
6497.4 113.92744489759207
6497.7 205.6019992902875
6498.0 581.3243373483419
6498.3 -295.22332114726305
6498.6 -510.60332545638084
6498.9 -202.94561782851815
6499.2 787.5429836958647
6499.5 386.20610819756985
6499.8 117.38934333994985
6500.1 193.28678176319227
6500.4 117.53047484904528
6500.7 342.19669175334275
6501.0 320.52144940849394
6501.3 217.3307142816484
6501.6 278.91139318048954
6501.9 -2.5095042721368372
6502.2 238.41696279495955
6502.5 373.4352370966226
6502.8 110.95910787209868
6503.1 438.18993448186666
6503.4 251.53908641450107
6503.7 307.83430910715833
6504.0 190.00396992161404
6504.3 381.34358210489154
6504.6 233.669629778713
6504.9 286.58265033364296
6505.2 155.4441032782197
6505.5 337.2432406246662
6505.8 490.72211199998856
6506.1 587.4884700104594
6506.4 432.0721766650677
6506.7 3.984524615108967
6507.0 199.21508389152586
6507.3 294.8853210248053
6507.6 368.8588939756155
6507.9 124.63708390668035
6508.2 215.12940718233585
6508.5 348.8769137188792
6508.8 78.36020606011152
6509.1 273.0667947269976
6509.4 834.4372763577849
6509.7 350.0143380612135
6510.0 182.09684775024652
6510.3 246.59921312518418
6510.6 381.4947193930857
6510.9 116.83938774466515
6511.2 349.40822549164295
6511.5 47.50096207484603
6511.8 161.48156530503184
6512.1 303.06065559946
6512.4 362.16812355071306
6512.7 -41.20496448036283
6513.0 540.7534780651331
6513.3 448.7715101838112
6513.6 549.8400646038353
6513.9 565.7168544568121
6514.2 609.0663983821869
6514.5 242.4346563257277
6514.8 94.9849350899458
6515.1 88.9634678857401
6515.4 199.2797053353861
6515.7 220.1878553405404
6516.0 22.219947807490826
6516.3 223.4451541006565
6516.6 355.10466515272856
6516.9 560.0407306700945
6517.2 423.270779453218
6517.5 72.13005805551074
6517.8 163.17683375626802
6518.1 534.9445682317019
6518.4 286.397904984653
6518.7 371.1133421435952
6519.0 581.1134695790533
6519.3 511.4702010266483
6519.6 237.9448972567916
6519.9 155.8727007135749
6520.2 344.5371274119243
6520.5 65.74354299902916
6520.8 287.2423560395837
6521.1 77.29591462016106
6521.4 166.3848783262074
6521.7 72.35195407643914
6522.0 309.78591079916805
6522.3 296.9083779454231
6522.6 155.81758412155614
6522.9 427.74154724925756
6523.2 297.0422521859873
6523.5 330.0299922004342
6523.8 74.97158379852772
6524.1 -157.5530478209257
6524.4 -107.24613806698471
6524.7 144.12364153563976
6525.0 504.60099720209837
6525.3 426.20655304496177
6525.6 166.98204872012138
6525.9 274.07394241541624
6526.2 424.17727675056085
6526.5 557.5964495837688
6526.8 339.49623385071754
6527.1 39.840153900906444
6527.4 856.3489744383842
6527.7 221.43068550806493
6528.0 566.7262818738818
6528.3 522.7443750947714
6528.6 -73.27422706782818
6528.9 27.38775757700205
6529.2 145.58529893308878
6529.5 388.87811226025224
6529.8 156.29048266261816
6530.1 304.37591191753745
6530.4 495.706657897681
6530.7 248.74755641259253
6531.0 672.9709034711123
6531.3 925.9491795003414
6531.6 241.66680930135772
6531.9 367.20652786642313
6532.2 6.384813014417887
6532.5 517.0299320369959
6532.8 62.0259967520833
6533.1 -9.35749939084053
6533.4 427.8287864495069
6533.7 78.39270112663507
6534.0 39.99801382422447
6534.3 498.36497247219086
6534.6 421.31703358888626
6534.9 265.25639041513205
6535.2 309.6556350355968
6535.5 152.18885113298893
6535.8 365.4992527253926
6536.1 297.04130855575204
6536.4 176.82325535267591
6536.7 501.6829470638186
6537.0 316.2164925560355
6537.3 355.7971674425062
6537.6 361.36901092529297
6537.9 251.58450131118298
6538.2 164.75491010211408
6538.5 59.916496220976114
6538.8 327.6907851428259
6539.1 588.1562023423612
6539.4 92.18900066090282
6539.7 312.9816805422306
6540.0 401.357559800148
6540.3 3.4772109396290034
6540.6 177.348717097193
6540.9 198.0551173388958
6541.2 128.38835929054767
6541.5 654.643480964005
6541.8 460.7294152826071
6542.1 477.19392777234316
6542.4 396.4614009857178
6542.7 400.6335781440139
6543.0 539.6620250195265
6543.3 1054.7390148490667
6543.6 485.93486639112234
6543.9 235.2660662010312
6544.2 230.79267545277253
6544.5 26.190422089770436
6544.8 475.79423850402236
6545.1 448.0762590020895
6545.4 -214.81043754983693
6545.7 172.73439049348235
6546.0 485.2611408382654
6546.3 135.02741797082126
6546.6 292.0474072769284
6546.9 176.48548773914808
6547.2 61.228339930064976
6547.5 54.098401222378016
6547.8 181.14273711293936
6548.1 278.2135640513152
6548.4 344.3574846666306
6548.7 398.7907699588686
6549.0 194.65371895208955
6549.3 90.43973872065544
6549.6 76.23346547666006
6549.9 -47.23029620759189
6550.2 138.0876965848729
6550.5 393.7742582410574
6550.8 233.62084113806486
6551.1 403.8650608874159
6551.4 454.7151202708483
6551.7 452.60819167643785
6552.0 202.40597828291357
6552.3 567.0254648476839
6552.6 429.55237655341625
6552.9 407.10221283882856
6553.2 304.17541145160794
6553.5 365.7483439669013
6553.8 777.0510907024145
6554.1 210.16855087154545
6554.4 181.21605366282165
6554.7 984.4074836429209
6555.0 290.69781482219696
6555.3 157.67913242429495
6555.6 461.24244879651815
6555.9 389.31846798211336
6556.2 315.0988453105092
6556.5 270.7474453356117
6556.8 308.29483891883865
6557.1 499.2383103258908
6557.4 308.1372051015496
6557.7 182.75608278810978
6558.0 335.0043527027592
6558.3 -33.2527340054512
6558.6 439.74504882935435
6558.9 591.7352031618357
6559.2 144.75648258812726
6559.5 77.15468988567591
6559.8 198.19112806394696
6560.1 350.6257047653198
6560.4 205.92944532632828
6560.7 609.4965607747436
6561.0 364.42973904684186
6561.3 597.7187395431101
6561.6 211.2460719118826
6561.9 294.0850336588919
6562.2 694.4561612606049
6562.5 82.06865999102592
6562.8 320.6668061641976
6563.1 504.8248754441738
6563.4 328.39083302393556
6563.7 100.45199524378404
6564.0 546.3209078907967
6564.3 347.2523836819455
6564.6 626.2728353068233
6564.9 250.81024539470673
6565.2 143.61647761519998
6565.5 355.48321126849623
6565.8 247.53529410250485
6566.1 416.2328461036086
6566.4 306.1973909214139
6566.7 -153.31477074325085
6567.0 454.7945213858038
6567.3 132.63851150870323
6567.6 -39.14712409675121
6567.9 25.34394134581089
6568.2 62.668697979301214
6568.5 113.63866038620472
6568.8 303.19770619273186
6569.1 212.5126047283411
6569.4 49.857802867889404
6569.7 532.9536759443581
6570.0 343.6999544845894
6570.3 325.0600572582334
6570.6 166.27954011736438
6570.9 447.6774501032196
6571.2 666.7717941850424
6571.5 257.0721296761185
6571.8 20.10181701183319
6572.1 208.9221066730097
6572.4 283.74236212670803
6572.7 368.40105140418746
6573.0 197.11300733033568
6573.3 207.70515640079975
6573.6 526.4090696051717
6573.9 592.3152332603931
6574.2 230.21777858119458
6574.5 105.55802734196186
6574.8 341.8733993731439
6575.1 708.8828510679305
6575.4 531.2967400290072
6575.7 141.56989916041493
6576.0 528.7415512800217
6576.3 -304.1184819638729
6576.6 -12.925264544785023
6576.9 566.1450429568067
6577.2 187.90040351450443
6577.5 204.8836256712675
6577.8 348.227457690984
6578.1 266.9385541304946
6578.4 406.78213353827596
6578.7 406.1524015534669
6579.0 125.13639118149877
6579.3 409.79091833904386
6579.6 -105.36695555667393
6579.9 147.25957310572267
6580.2 300.72916236519814
6580.5 476.23072426766157
6580.8 220.50424726959318
6581.1 167.61982657760382
6581.4 299.75302244722843
6581.7 139.80541411787271
6582.0 194.11422937735915
6582.3 511.0549411326647
6582.6 167.44732193648815
6582.9 623.9024947900325
6583.2 256.0461763134226
6583.5 176.80021139979362
6583.8 415.9912885046797
6584.1 274.6784731671214
6584.4 327.6701975874603
6584.7 624.3754935413599
6585.0 309.69134560693055
6585.3 126.57206697016954
6585.6 179.12660394608974
6585.9 392.9029097314924
6586.2 313.7850836068392
6586.5 76.30623616278172
6586.8 332.08185779256746
6587.1 43.85265076160431
6587.4 411.04822727292776
6587.7 503.4755068477243
6588.0 418.20458121038973
6588.3 353.3747306242585
6588.6 443.6904924288392
6588.9 370.28449922800064
6589.2 120.88376463577151
6589.5 200.9425315745175
6589.8 844.8019808493555
6590.1 204.26305176317692
6590.4 378.76148942601867
6590.7 346.8811240494251
6591.0 90.59698963910341
6591.3 -29.160157160833478
6591.6 448.165772754699
6591.9 282.06926671555266
6592.2 533.4404405429959
6592.5 377.66982642933726
6592.8 593.9125426076353
6593.1 671.8896871814504
6593.4 302.4479008279741
6593.7 325.7536175354617
6594.0 695.7152646631002
6594.3 439.4303647093475
6594.6 19.28161235898733
6594.9 409.58425676450133
6595.2 507.80588099965826
6595.5 339.47464963421226
6595.8 512.3858065232635
6596.1 492.86315216869116
6596.4 56.42712098732591
6596.7 158.29246074706316
6597.0 410.8820159509778
6597.3 650.68370795995
6597.6 486.3728330312297
6597.9 513.3532879054546
6598.2 313.04590583220124
6598.5 -32.03580316901207
6598.8 279.64355835318565
6599.1 560.36712984927
6599.4 274.26780974818394
6599.7 444.12442433834076
6600.0 -10.233296740800142
6600.3 18.41711800172925
6600.6 404.0427455306053
6600.9 413.24236806482077
6601.2 224.82716636359692
6601.5 151.712160339579
6601.8 301.61428862065077
6602.1 406.5718539915979
6602.4 562.3505540788174
6602.7 18.38707186933607
6603.0 336.33216328639537
6603.3 360.13948288559914
6603.6 -20.276328433305025
6603.9 210.83950546570122
6604.2 402.6506048887968
6604.5 488.20485443249345
6604.8 -177.9346078261733
6605.1 241.51166758686304
6605.4 257.9966328293085
6605.7 288.54278526455164
6606.0 315.81548906490207
6606.3 404.0110185444355
6606.6 259.24365765601397
6606.9 -95.01373545313254
6607.2 590.7479651868343
6607.5 137.94735372066498
6607.8 361.16786389797926
6608.1 384.3228048607707
6608.4 188.46817288547754
6608.7 590.3090350212296
6609.0 419.9979745335877
6609.3 308.50083705596626
6609.6 685.8257028050721
6609.9 279.75325743481517
6610.2 263.2296225139871
6610.5 484.3570894226432
6610.8 295.79721100255847
6611.1 87.75501538719982
6611.4 423.100300623104
6611.7 7.20243139564991
6612.0 690.289575278759
6612.3 507.4133256226778
6612.6 352.33736480772495
6612.9 176.2859011227265
6613.2 270.78434702195227
6613.5 123.15648749098182
6613.8 81.07307367026806
6614.1 153.3733853623271
6614.4 525.7331955013797
6614.7 100.41949231922626
6615.0 173.42362800985575
6615.3 467.0545685887337
6615.6 204.57051539979875
6615.9 192.93861135840416
6616.2 277.6895835325122
6616.5 427.80907075852156
6616.8 166.56060174293816
6617.1 602.3368031028658
6617.4 311.27435801550746
6617.7 619.0829974412918
6618.0 396.03596686944366
6618.3 406.4896916002035
6618.6 502.40133283287287
6618.9 396.67416748031974
6619.2 164.757891908288
6619.5 438.8451616242528
6619.8 348.3968965560198
6620.1 288.71198358014226
6620.4 348.1922008115798
6620.7 176.78853050922044
6621.0 198.66682692617178
6621.3 14.80453160405159
6621.6 362.95296769589186
6621.9 321.5739145204425
6622.2 573.0674084275961
6622.5 301.0462702438235
6622.8 230.76236335399153
6623.1 321.9300347901881
6623.4 338.6589655801654
6623.7 297.2556480318308
6624.0 161.6839473992586
6624.3 324.40986812859774
6624.6 168.3975122720003
6624.9 74.416900313925
6625.2 363.4218160454184
6625.5 162.72317324392498
6625.8 416.32184776011854
6626.1 494.8029838138973
6626.4 484.7417280934751
6626.7 137.06387821026146
6627.0 351.02249927818775
6627.3 155.11410361528397
6627.6 144.4461474614218
6627.9 79.50650042667985
6628.2 272.5072612166405
6628.5 76.21079191565514
6628.8 296.7799542751163
6629.1 540.3553908634931
6629.4 275.4354857541621
6629.7 836.8569327685982
6630.0 621.4499451136217
6630.3 306.9073733538389
6630.6 386.7954213581979
6630.9 466.47806839086115
6631.2 -34.532428028061986
6631.5 123.15543979033828
6631.8 210.72264433652163
6632.1 408.0873322188854
6632.4 655.7190743610263
6632.7 481.8490132391453
6633.0 499.70503582060337
6633.3 295.6500213742256
6633.6 448.12338780611753
6633.9 305.0100808944553
6634.2 526.3569242209196
6634.5 229.4758080393076
6634.8 313.594632236287
6635.1 446.06206503510475
6635.4 -44.29503383487463
6635.7 552.203024238348
6636.0 382.6779579408467
6636.3 241.73841146752238
6636.6 26.656232590787113
6636.9 28.044066324830055
6637.2 250.51529316231608
6637.5 220.04458676371723
6637.8 447.5075940191746
6638.1 690.449252165854
6638.4 316.7764801136218
6638.7 242.15673841536045
6639.0 298.3571144575253
6639.3 339.04055638611317
6639.6 -107.3140290826559
6639.9 127.58648985438049
6640.2 286.9147580973804
6640.5 143.1338061094284
6640.8 519.8155368436128
6641.1 247.0966614857316
6641.4 595.8437228602124
6641.7 273.7402952313423
6642.0 497.3801216632128
6642.3 748.9308911859989
6642.6 659.3399018198252
6642.9 692.3470689356327
6643.2 370.9528294876218
6643.5 161.31600876897573
6643.8 345.222781162709
6644.1 446.8812281489372
6644.4 232.51172402501106
6644.7 339.1234656693414
6645.0 167.15883170068264
6645.3 400.69379495084286
6645.6 125.63982246816158
6645.9 133.5903185904026
6646.2 153.4719546623528
6646.5 398.8168908506632
6646.8 316.620605699718
6647.1 338.3169284015894
6647.4 341.4663239149377
6647.7 693.5832103341818
6648.0 640.3200426357798
6648.3 566.8431887030602
6648.6 175.57338548451662
6648.9 296.00191193446517
6649.2 365.0400712899864
6649.5 377.85789677500725
6649.8 223.2828421704471
6650.1 772.8134971559048
6650.4 177.72914642095566
6650.7 162.47537248954177
6651.0 228.45580574212363
6651.3 648.7955541834235
6651.6 230.09320078918245
6651.9 252.17808666452765
6652.2 -252.4812351502478
6652.5 -220.13527183234692
6652.8 -266.26611501351
6653.1 -232.62371504306793
6653.4 390.57274033874273
6653.7 277.013708434999
6654.0 214.79204895347357
6654.3 371.49114429950714
6654.6 559.9798733852804
6654.9 650.8612549379468
6655.2 230.10435495525599
6655.5 971.5395065695047
6655.8 985.5224110037088
6656.1 1418.2472980823368
6656.4 1367.9379956126213
6656.7 1408.3786441013217
6657.0 1534.5052161193453
6657.3 1480.536834616214
6657.6 1599.769757386297
6657.9 1396.0433820150793
6658.2 1026.5859874337912
6658.5 808.5778982788324
6658.8 755.2922871634364
6659.1 1033.8700734367594
6659.4 738.2081365138292
6659.7 994.8906331434846
6660.0 952.4859294295311
6660.3 879.078464306891
6660.6 1446.674625620246
6660.9 1061.913566172123
6661.2 1126.1521152853966
6661.5 1672.977726017125
6661.8 1611.6417923150584
6662.1 1463.2907534092665
6662.4 1216.2758081406355
6662.7 888.6130045503378
6663.0 787.9274414069951
6663.3 905.5026898607612
6663.6 405.972858607769
6663.9 413.1966659165919
6664.2 -17.619202464818954
6664.5 189.85402734205127
6664.8 124.1130349622108
6665.1 183.34685212001204
6665.4 -20.136245030909777
6665.7 473.09970067068934
6666.0 403.0036342833191
6666.3 37.376655485481024
6666.6 577.5008057206869
6666.9 242.16799197951332
6667.2 241.87578779272735
6667.5 418.63298638537526
6667.8 43.135700933635235
6668.1 296.4898437967058
6668.4 486.7537442445755
6668.7 401.74363093078136
6669.0 434.6153584830463
6669.3 581.2645283746533
6669.6 7.5826358161866665
6669.9 244.29825401306152
6670.2 222.09723745437805
6670.5 318.2946597430855
6670.8 405.8053945079446
6671.1 500.3183069527149
6671.4 335.1319217402488
6671.7 182.39051643013954
6672.0 340.84842352569103
6672.3 408.908688865602
6672.6 389.54792885296047
6672.9 253.58442269265652
6673.2 226.1283786892891
6673.5 424.1251558214426
6673.8 314.6181562244892
6674.1 21.33823788166046
6674.4 -113.63133765012026
6674.7 466.416508063674
6675.0 124.56288903951645
6675.3 367.0336936695967
6675.6 304.36104337871075
6675.9 169.3202865421772
6676.2 482.7120758611709
6676.5 536.6075403708965
6676.8 405.69254191219807
6677.1 722.957030705642
6677.4 1032.5142642706633
6677.7 982.7394841648638
6678.0 748.2407146245241
6678.3 704.7557117342949
6678.6 766.124928727746
6678.9 733.17172524333
6679.2 579.5034199990332
6679.5 660.283212332055
6679.8 229.5654614623636
6680.1 354.06557989586145
6680.4 861.1772842500359
6680.7 448.36566600203514
6681.0 364.56239688396454
6681.3 1032.774769872427
6681.6 498.7691615372896
6681.9 835.5037648007274
6682.2 409.8867139723152
6682.5 608.2921733427793
6682.8 686.9124716068618
6683.1 757.9999749492854
6683.4 942.1010101442225
6683.7 280.92015777155757
6684.0 248.29643985629082
6684.3 676.9065290316939
6684.6 545.7497792532668
6684.9 446.3710577711463
6685.2 665.0106198862195
6685.5 187.8276173621416
6685.8 211.71654241345823
6686.1 235.01253254711628
6686.4 163.86914452770725
6686.7 353.37910200096667
6687.0 423.80440678747254
6687.3 415.0925692236051
6687.6 185.12556787580252
6687.9 260.60349014028907
6688.2 135.38884948310442
6688.5 -26.751731215044856
6688.8 622.7413140460849
6689.1 368.07985785906203
6689.4 156.68623646185733
6689.7 143.56297125667334
6690.0 519.7134852334857
6690.3 345.1137046813965
6690.6 -23.54694120399654
6690.9 267.6372484713793
6691.2 173.56931632757187
6691.5 211.60927503183484
6691.8 261.2509310543537
6692.1 516.1536626778543
6692.4 939.2914332030341
6692.7 372.009096076712
6693.0 191.01433203741908
6693.3 431.11605003476143
6693.6 992.3029271140695
6693.9 585.7503964938223
6694.2 162.20890389569104
6694.5 321.0318776462227
6694.8 289.7708447620971
6695.1 220.99945209396537
6695.4 290.59293115884066
6695.7 80.8221703581512
6696.0 350.1511770375073
6696.3 588.3621296398342
6696.6 367.5863097012043
6696.9 270.8854113519192
6697.2 246.54980573337525
6697.5 183.9986583199352
6697.8 449.40113254263997
6698.1 451.8781361505389
6698.4 164.03019319940358
6698.7 163.74299702515418
6699.0 134.7784002814442
6699.3 70.76030226051807
6699.6 169.70431514829397
6699.9 489.3840459473431
6700.2 -59.90843220055103
6700.5 265.30147379264235
6700.8 356.31664304062724
6701.1 249.17699762131087
6701.4 27.470430988818407
6701.7 131.4735743701458
6702.0 517.1540188740473
6702.3 324.70068358257413
6702.6 280.6700063999742
6702.9 540.4002725183964
6703.2 547.3338802158833
6703.5 219.70080748572946
6703.8 470.4124391525984
6704.1 337.5437507033348
6704.4 202.1733914092183
6704.7 326.41733929514885
6705.0 616.6902057975531
6705.3 322.0219132862985
6705.6 196.06892276741564
6705.9 233.67662718892097
6706.2 401.8458001986146
6706.5 365.47519840300083
6706.8 122.30925364419818
6707.1 499.4372475966811
6707.4 489.73192609101534
6707.7 112.79824796132743
6708.0 614.5204139202833
6708.3 95.4166068136692
6708.6 464.16202533990145
6708.9 495.9495553597808
6709.2 113.88547345995903
6709.5 428.9771568402648
6709.8 438.50181835889816
6710.1 703.4257346987724
6710.4 201.6448005978018
6710.7 250.4818787262775
6711.0 443.2774470997974
6711.3 159.9278997220099
6711.6 351.2494786158204
6711.9 538.4180110543966
6712.2 330.1830324754119
6712.5 567.9887975268066
6712.8 384.006657153368
6713.1 140.3483252376318
6713.4 204.76904848217964
6713.7 347.6716016381979
6714.0 7.769787410274148
6714.3 -206.92608776688576
6714.6 -207.1711120121181
6714.9 -224.2144247069955
6715.2 -30.344724060036242
6715.5 264.94364392757416
6715.8 52.77904835343361
6716.1 251.1609918102622
6716.4 270.05353619810194
6716.7 347.65362006705254
6717.0 74.30319588258862
6717.3 189.86084887664765
6717.6 499.8241989724338
6717.9 162.26014521718025
6718.2 363.1672151554376
6718.5 427.9605422317982
6718.8 208.36653574975207
6719.1 385.84552009403706
6719.4 650.305085439235
6719.7 377.6408466845751
6720.0 354.08237448334694
6720.3 391.1461910940707
6720.6 530.5376080200076
6720.9 434.2597748376429
6721.2 341.053417801857
6721.5 164.0594662707299
6721.8 187.5981454104185
6722.1 85.48908356763422
6722.4 191.43460366595536
6722.7 333.0518825724721
6723.0 274.5075440276414
6723.3 462.6124623641372
6723.6 257.24312118440866
6723.9 314.8356586806476
6724.2 270.82678587548435
6724.5 443.5987490788102
6724.8 191.8201552014798
6725.1 354.58179861679673
6725.4 397.6637241076678
6725.7 333.4298300277442
6726.0 499.52292634546757
6726.3 425.749535150826
6726.6 389.888448972255
6726.9 215.15877068787813
6727.2 384.97636227309704
6727.5 281.88793474435806
6727.8 339.0648469403386
6728.1 500.67979438602924
6728.4 549.3732508420944
6728.7 431.7854914367199
6729.0 228.96784181147814
6729.3 192.47269504331052
6729.6 249.95564461499453
6729.9 61.03825817257166
6730.2 124.32089897990227
6730.5 81.62594789871946
6730.8 127.01101633044891
6731.1 263.0232329838909
6731.4 254.86624716036022
6731.7 356.1352878957987
6732.0 171.63773347437382
6732.3 552.9027330614626
6732.6 564.2571553802118
6732.9 896.9300440959632
6733.2 483.9261261187494
6733.5 402.5089241117239
6733.8 186.72694436460733
6734.1 263.84586611017585
6734.4 434.18118666112423
6734.7 412.99600639380515
6735.0 120.0857593389228
6735.3 578.0531654995866
6735.6 394.9289341859985
6735.9 632.5612360239029
6736.2 359.5182929635048
6736.5 73.66680342704058
6736.8 198.18022223189473
6737.1 289.29814226925373
6737.4 253.01057958602905
6737.7 342.9554622396827
6738.0 667.867367124185
6738.3 -261.1420661290176
6738.6 119.41047498583794
6738.9 537.2494854331017
6739.2 570.5352404229343
6739.5 435.1440731007606
6739.8 387.2267541587353
6740.1 32.39949035272002
6740.4 569.440104469657
6740.7 469.2918440923095
6741.0 385.5499025732279
6741.3 713.5750132501125
6741.6 185.2438566982746
6741.9 448.38063695654273
6742.2 112.43769996240735
6742.5 648.9735038429499
6742.8 358.7635202622041
6743.1 367.8349039629102
6743.4 245.6817092623096
6743.7 320.706585213542
6744.0 455.2979708015919
6744.3 213.2911908775568
6744.6 274.72977086156607
6744.9 399.9545876979828
6745.2 306.0786701589823
6745.5 214.97068812232465
6745.8 374.2260766327381
6746.1 372.43152636126615
6746.4 108.02629270404577
6746.7 371.746201437898
6747.0 507.46360451565124
6747.3 508.7006481811404
6747.6 -168.3848504535854
6747.9 269.38095205649734
6748.2 402.2266374230385
6748.5 336.6539577245712
6748.8 349.59509881585836
6749.1 148.85683531314135
6749.4 564.6094975146698
6749.7 584.1569944284856
6750.0 192.2768612606451
6750.3 107.38515928387642
6750.6 458.5196905769408
6750.9 585.2596684843302
6751.2 242.8474383894354
6751.5 391.60870204120874
6751.8 496.3702896088362
6752.1 713.1970593398437
6752.4 117.37435093522072
6752.7 655.8151394892484
6753.0 -161.31418511271477
6753.3 347.7278664088808
6753.6 323.957925664261
6753.9 59.04702939931303
6754.2 448.3439069315791
6754.5 275.80564971268177
6754.8 322.7665996737778
6755.1 556.3830990865827
6755.4 190.72487644292414
6755.7 669.2974561154842
6756.0 280.5909651732072
6756.3 405.7501607686281
6756.6 257.2290018554777
6756.9 -97.89804088324308
6757.2 -79.24999430216849
6757.5 19.14227658789605
6757.8 543.1919333413243
6758.1 54.33220387995243
6758.4 494.4084803685546
6758.7 270.08591190725565
6759.0 186.93082413077354
6759.3 361.0639373026788
6759.6 -349.3983968049288
6759.9 307.7901392094791
6760.2 490.01997198164463
6760.5 494.4247911274433
6760.8 278.96557502198266
6761.1 71.84234261326492
6761.4 333.14973832154647
6761.7 436.2197333872318
6762.0 153.68393255304545
6762.3 331.92867407854646
6762.6 88.1468597240746
6762.9 160.8631544932723
6763.2 563.2784776743501
6763.5 144.73343209922314
6763.8 441.7859871312976
6764.1 284.1965961254609
6764.4 321.86775226844475
6764.7 170.06192914396524
6765.0 639.0422199945897
6765.3 -77.64817354828119
6765.6 549.8712400048971
6765.9 334.9854776188731
6766.2 230.0948284342885
6766.5 338.51491954689845
6766.8 254.7847566753626
6767.1 333.366273291409
6767.4 126.85415395349264
6767.7 353.0537736043334
6768.0 341.27533366531134
6768.3 522.7012906190939
6768.6 107.02207572385669
6768.9 375.66959458589554
6769.2 515.9165621586144
6769.5 612.5042189583182
6769.8 902.558885499835
6770.1 407.5441272519529
6770.4 374.53438119217753
6770.7 275.5265348777175
6771.0 96.45451649278402
6771.3 368.0381126701832
6771.6 499.0634978339076
6771.9 324.38722644001245
6772.2 297.19050589576364
6772.5 414.8558738939464
6772.8 205.63266298174858
6773.1 238.53564872778952
6773.4 383.43799517303705
6773.7 536.7682811692357
6774.0 530.5759239271283
6774.3 373.2818406075239
6774.6 487.28163808584213
6774.9 461.8702328298241
6775.2 431.11427910625935
6775.5 490.24073438346386
6775.8 456.8662652671337
6776.1 317.6190800834447
6776.4 569.0007684975863
6776.7 270.9227363616228
6777.0 212.1848676132504
6777.3 382.4116098051891
6777.6 75.61133069358766
6777.9 152.24714920576662
6778.2 56.04864276945591
6778.5 364.21429973095655
6778.8 133.16469744825736
6779.1 350.2570685148239
6779.4 699.1969206631184
6779.7 557.7436094135046
6780.0 587.2004848513752
6780.3 218.99346230830997
6780.6 423.68413485214114
6780.9 658.8745381850749
6781.2 247.6186343729496
6781.5 370.789669778198
6781.8 499.5514475107193
6782.1 288.84356114268303
6782.4 222.52669636905193
6782.7 637.2519570291042
6783.0 560.1604323759675
6783.3 539.3885592371225
6783.6 321.6066322848201
6783.9 430.722496321192
6784.2 160.51132593862712
6784.5 218.02112289890647
6784.8 93.54276099056005
6785.1 540.3365443199873
6785.4 644.017730448395
6785.7 26.68892905348912
6786.0 576.2072307802737
6786.3 341.19051514193416
6786.6 547.2250352017581
6786.9 376.4885657671839
6787.2 202.58808916527778
6787.5 344.27431247383356
6787.8 416.8858343064785
6788.1 480.76623990386724
6788.4 -6.931635782122612
6788.7 375.5969313569367
6789.0 421.1162403821945
6789.3 148.99055898189545
6789.6 501.47171172499657
6789.9 -236.70048562809825
6790.2 230.54808382689953
6790.5 511.70264203706756
6790.8 243.9074970324291
6791.1 229.0820142030716
6791.4 251.42631977796555
6791.7 398.97705839574337
6792.0 589.3577905209968
6792.3 474.08335211873055
6792.6 693.7096996754408
6792.9 197.94651528820395
6793.2 495.9866804673802
6793.5 358.08285142481327
6793.8 391.7371191717684
6794.1 -85.10482443496585
6794.4 -124.9589599557221
6794.7 292.01333898305893
6795.0 192.65746404975653
6795.3 -10.309442579746246
6795.6 449.8948719277978
6795.9 477.7624235600233
6796.2 199.38070007786155
6796.5 196.10912614036351
6796.8 719.2828175053
6797.1 494.8373464345932
6797.4 197.69297575950623
6797.7 500.7647336795926
6798.0 605.9729180242866
6798.3 462.19841608405113
6798.6 172.4934218544513
6798.9 153.88550721853971
6799.2 131.30770937912166
6799.5 169.6161708170548
6799.8 551.224946372211
6800.1 453.9078963333741
6800.4 104.46504055545665
6800.7 441.69208496436477
6801.0 656.2645854651928
6801.3 57.75669388473034
6801.6 427.74259431660175
6801.9 555.1758839935064
6802.2 -37.159344812855124
6802.5 276.62560947984457
6802.8 215.90090802311897
6803.1 713.75648073107
6803.4 744.2155638597906
6803.7 290.0499221900827
6804.0 328.8598238900304
6804.3 181.336740501225
6804.6 43.4378292709589
6804.9 362.01469339989126
6805.2 207.63265861943364
6805.5 -68.11290095746517
6805.8 20.04151227977127
6806.1 221.45327632129192
6806.4 320.34262913651764
6806.7 -56.73154843971133
6807.0 186.16479417681694
6807.3 609.1600715930108
6807.6 252.6536449715495
6807.9 214.69362902548164
6808.2 376.26527890050784
6808.5 262.9643610268831
6808.8 773.497530579567
6809.1 341.3249428793788
6809.4 -32.48181933071464
6809.7 229.38826348632574
6810.0 143.99012480676174
6810.3 30.22317826802464
6810.6 209.4051200374961
6810.9 582.4118212163448
6811.2 448.7674342766404
6811.5 806.1936533842236
6811.8 557.9213887061924
6812.1 550.5976027101278
6812.4 659.1138759134337
6812.7 572.8462563604116
6813.0 846.2338999584317
6813.3 478.29130663722754
6813.6 620.611886234954
6813.9 455.3537955097854
6814.2 449.2370396349579
6814.5 489.4626306174323
6814.8 850.0291872471571
6815.1 904.5577548891306
6815.4 755.9880141764879
6815.7 608.7979899141937
6816.0 588.7621493116021
6816.3 847.8085698690265
6816.6 963.1966111958027
6816.9 522.4052201323211
6817.2 1014.2786993086338
6817.5 763.3141616433859
6817.8 858.4981713689631
6818.1 882.6059848926961
6818.4 589.9127213470638
6818.7 339.23911625146866
6819.0 468.46651921235025
6819.3 426.07964089373127
6819.6 418.2598934355192
6819.9 263.863115982851
6820.2 18.58984799683094
6820.5 631.8699032962322
6820.8 779.7213560380042
6821.1 350.6250741556287
6821.4 257.1912323758006
6821.7 375.6227472499013
6822.0 313.5510539524257
6822.3 292.6472652051598
6822.6 146.57971083652228
6822.9 220.72325023822486
6823.2 236.424215933308
6823.5 494.8748303204775
6823.8 370.48715749476105
6824.1 354.4599727243185
6824.4 497.0138789303601
6824.7 262.093647480011
6825.0 377.5902432790026
6825.3 423.22697527334094
6825.6 652.8272863235325
6825.9 499.43736232817173
6826.2 502.8198612648994
6826.5 169.79531240463257
6826.8 1113.494146630168
6827.1 1428.897657379508
6827.4 392.5909631922841
6827.7 371.1589803099632
6828.0 1443.5084460750222
6828.3 559.991263284348
6828.6 768.7985075116158
6828.9 1549.7562573254108
6829.2 318.079682841897
6829.5 -548.0603668093681
6829.8 239.77894735336304
6830.1 561.1266772076488
6830.4 -78.1582388356328
6830.7 452.83821749314666
6831.0 573.2442753612995
6831.3 451.08562314510345
6831.6 629.7852554619312
6831.9 783.5489723645151
6832.2 654.4507596194744
6832.5 572.7822637856007
6832.8 1067.579620551318
6833.1 1494.5324248131365
6833.4 1041.202932242304
6833.7 1594.0012374490907
6834.0 716.3339724875987
6834.3 -654.748376250267
6834.6 -619.4153907848522
6834.9 835.0445594445337
6835.2 -834.1374669671059
6835.5 334.4344428293407
6835.8 334.48216508328915
6836.1 -93.83939042501152
6836.4 117.2089555640705
6836.7 125.1010016053915
6837.0 254.60493312682956
6837.3 300.0688025094569
6837.6 263.069886226207
6837.9 -33.62059248238802
6838.2 311.7221376746893
6838.5 596.8555832281709
6838.8 400.7177774310112
6839.1 246.75910052843392
6839.4 464.78487109718844
6839.7 323.0106493246276
6840.0 90.33317833370529
6840.3 5.375273019075394
6840.6 459.1699118409306
6840.9 546.9093373455107
6841.2 720.3288639103994
6841.5 732.0416899248958
6841.8 -99.04755528829992
6842.1 18.07945386879146
6842.4 488.15732807293534
6842.7 -235.1590046286583
6843.0 35.06017118692398
6843.3 243.23433198034763
6843.6 26.41904526948929
6843.9 271.6428281739354
6844.2 105.60040768794715
6844.5 743.9794148355722
6844.8 425.7571479342878
6845.1 1.391944546252489
6845.4 197.8452005982399
6845.7 596.8593039419502
6846.0 568.00366871804
6846.3 276.1087628379464
6846.6 400.2292325384915
6846.9 369.2069645356387
6847.2 297.15393221378326
6847.5 446.60055098310113
6847.8 413.59146610088646
6848.1 220.4022490978241
6848.4 49.089471865445375
6848.7 250.62097358703613
6849.0 57.56746894866228
6849.3 459.79335893690586
6849.6 456.14691507909447
6849.9 307.7517612911761
6850.2 537.5813613831997
6850.5 659.4456191211939
6850.8 404.83141124248505
6851.1 332.72399720549583
6851.4 501.8308088183403
6851.7 498.5918028354645
6852.0 602.1781000457704
6852.3 396.6615701839328
6852.6 606.8365338146687
6852.9 71.49345169961452
6853.2 232.18643750995398
6853.5 462.0229037255049
6853.8 386.7655538916588
6854.1 645.6941970363259
6854.4 253.4265095293522
6854.7 566.7505448237062
6855.0 206.25959623605013
6855.3 258.09409211575985
6855.6 250.4759029392153
6855.9 -78.72656840085983
6856.2 -114.27275070548058
6856.5 500.56274914741516
6856.8 362.8137711584568
6857.1 446.64602810516953
6857.4 610.0333470478654
6857.7 305.75750152021646
6858.0 265.5753487441689
6858.3 284.3265863135457
6858.6 340.5031829420477
6858.9 510.622874006629
6859.2 209.94426765292883
6859.5 104.07607769221067
6859.8 315.4930999937933
6860.1 -9.628550607711077
6860.4 512.460326090455
6860.7 759.0814784280956
6861.0 549.3129900842905
6861.3 237.6835207939148
6861.6 561.9376487210393
6861.9 668.8686446174979
6862.2 1606.7259790338576
6862.5 1702.5274607241154
6862.8 1704.2065733671188
6863.1 1953.537174999714
6863.4 4101.8226553201675
6863.7 18.247152093797922
6864.0 -2965.8327362835407
6864.3 643.1871064156294
6864.6 161.26370877027512
6864.9 -978.140953861177
6865.2 259.901863027364
6865.5 391.2213800698519
6865.8 -287.36311038420536
6866.1 431.0979626700282
6866.4 352.3158637881279
6866.7 118.24241115059704
6867.0 836.4387576365843
6867.3 702.7119717672467
6867.6 502.6065478809178
6867.9 808.0398808047175
6868.2 728.6743883863091
6868.5 490.5565269738436
6868.8 76.61109484545887
6869.1 173.93064358830452
6869.4 0.0
6869.7 0.0
