4662.0 0.0
4662.3 0.0
4662.6 0.0
4662.9 0.0
4663.2 0.0
4663.5 0.0
4663.8 0.0
4664.1 0.0
4664.4 0.0
4664.7 0.0
4665.0 0.0
4665.3 0.0
4665.6 0.0
4665.9 0.0
4666.2 0.0
4666.5 0.0
4666.8 0.0
4667.1 0.0
4667.4 0.0
4667.7 0.0
4668.0 0.0
4668.3 0.0
4668.6 0.0
4668.9 0.0
4669.2 0.0
4669.5 0.0
4669.8 0.0
4670.1 0.0
4670.4 0.0
4670.7 0.0
4671.0 0.0
4671.3 0.0
4671.6 0.0
4671.9 0.0
4672.2 0.0
4672.5 0.0
4672.8 0.0
4673.1 0.0
4673.4 0.0
4673.7 0.0
4674.0 0.0
4674.3 0.0
4674.6 0.0
4674.9 0.0
4675.2 0.0
4675.5 0.0
4675.8 35.276906967163086
4676.1 149.17337849736214
4676.4 -0.7635046541690826
4676.7 188.82431691884995
4677.0 37.581060245633125
4677.3 -84.0121061168611
4677.6 244.1374031305313
4677.9 210.5811795592308
4678.2 118.51156252622604
4678.5 375.15237951278687
4678.8 259.7037628889084
4679.1 -150.68879108130932
4679.4 295.3997967541218
4679.7 419.5491849184036
4680.0 -25.284719079732895
4680.3 -13.111671976745129
4680.6 222.09891931712627
4680.9 -11.517953272908926
4681.2 219.75918154418468
4681.5 655.5492351800203
4681.8 261.71125672757626
4682.1 405.77155804634094
4682.4 15.840831369161606
4682.7 450.6258536577225
4683.0 641.8340806216002
4683.3 354.4937761798501
4683.6 517.570182453841
4683.9 263.4644064977765
4684.2 822.4825825691223
4684.5 677.2189387381077
4684.8 365.8188616707921
4685.1 311.93309296667576
4685.4 204.54680157080293
4685.7 144.57850681245327
4686.0 159.4978928230703
4686.3 82.20332746952772
4686.6 99.68203758075833
4686.9 237.5851594612468
4687.2 332.3093196749687
4687.5 322.0290972441435
4687.8 399.51361533999443
4688.1 546.4977593719959
4688.4 279.425181850791
4688.7 451.57189626805484
4689.0 303.06659092754126
4689.3 307.3866253066808
4689.6 349.5431059896946
4689.9 289.65830105543137
4690.2 271.70745944976807
4690.5 143.06156117469072
4690.8 173.0434344112873
4691.1 46.605709329247475
4691.4 66.95512649230659
4691.7 248.83863070234656
4692.0 249.82945257984102
4692.3 533.6147117465734
4692.6 241.5002621645108
4692.9 130.23895075917244
4693.2 -94.68124378100038
4693.5 170.9200328849256
4693.8 403.6518804122461
4694.1 420.7851777896285
4694.4 322.50744923762977
4694.7 210.03996097831987
4695.0 304.5584694016725
4695.3 308.08729386748746
4695.6 167.56861909106374
4695.9 171.49097890779376
4696.2 329.76734390854836
4696.5 111.42161361128092
4696.8 -24.342594362795353
4697.1 255.3839381635189
4697.4 435.0456677339971
4697.7 437.63335962593555
4698.0 276.96388648916036
4698.3 294.4924294799566
4698.6 210.59456887841225
4698.9 276.62086030840874
4699.2 173.75942793488503
4699.5 232.56031635403633
4699.8 355.33160974644125
4700.1 388.33036782592535
4700.4 217.68598476052284
4700.7 98.31884943693876
4701.0 253.70665178447962
4701.3 322.9728022366762
4701.6 303.8299445938319
4701.9 405.96411506738514
4702.2 416.1097306869924
4702.5 405.40582363307476
4702.8 388.30068133212626
4703.1 147.99454782158136
4703.4 510.0412354171276
4703.7 403.26242031157017
4704.0 237.29240775108337
4704.3 314.3791573792696
4704.6 260.00741751492023
4704.9 43.030388213694096
4705.2 350.70756593346596
4705.5 342.75286015309393
4705.8 408.7991780489683
4706.1 375.9939237679355
4706.4 261.21158867143095
4706.7 295.0835125595331
4707.0 392.6687834560871
4707.3 211.54130705446005
4707.6 276.84508837759495
4707.9 311.34578505530953
4708.2 401.03805356565863
4708.5 288.5737940222025
4708.8 308.47918157838285
4709.1 368.2946898303926
4709.4 267.6720862314105
4709.7 335.85936998948455
4710.0 345.7460174970329
4710.3 355.3154486287385
4710.6 427.80328208208084
4710.9 317.0160198509693
4711.2 106.00665061827749
4711.5 208.2361221909523
4711.8 434.94577169418335
4712.1 266.25204491615295
4712.4 294.22350987792015
4712.7 438.86226392164826
4713.0 210.35885399580002
4713.3 115.79925396293402
4713.6 82.17745389044285
4713.9 352.6330496072769
4714.2 273.73297679424286
4714.5 440.92929562181234
4714.8 295.10099886357784
4715.1 148.9652668647468
4715.4 387.42973305657506
4715.7 255.48094115406275
4716.0 279.68986107409
4716.3 224.7391194179654
4716.6 286.5936745519284
4716.9 246.70865048561245
4717.2 466.736759275198
4717.5 587.7002572119236
4717.8 280.95503184199333
4718.1 332.7061976902187
4718.4 327.52204548567533
4718.7 125.94633408635855
4719.0 55.10274632461369
4719.3 191.83993577584624
4719.6 231.53475680947304
4719.9 355.01550588640384
4720.2 239.7377215102315
4720.5 322.84367945976555
4720.8 402.9024715386331
4721.1 497.90411100164056
4721.4 566.5405737385154
4721.7 331.37427305802703
4722.0 380.8004272580147
4722.3 368.7759235557169
4722.6 462.97258561849594
4722.9 267.8237107768655
4723.2 124.95694702863693
4723.5 357.8333293664473
4723.8 86.36660260567442
4724.1 105.46436727046967
4724.4 366.63014880008996
4724.7 46.725459568202496
4725.0 168.4638155354187
4725.3 126.47894509136677
4725.6 604.9321483932436
4725.9 187.17280485108495
4726.2 233.54855556041002
4726.5 170.61362808197737
4726.8 316.17485635727644
4727.1 339.9406814314425
4727.4 87.01370315998793
4727.7 406.5579291433096
4728.0 410.34452083706856
4728.3 195.47902005910873
4728.6 536.9380121827126
4728.9 245.39794079214334
4729.2 163.55733755230904
4729.5 192.18140473216772
4729.8 171.6264352221042
4730.1 117.00733058154583
4730.4 242.49819108843803
4730.7 480.6057045571506
4731.0 245.6621480435133
4731.3 267.60450313426554
4731.6 374.218871274963
4731.9 400.29580137878656
4732.2 482.22723290510476
4732.5 294.21033634245396
4732.8 136.643471904099
4733.1 373.95637932419777
4733.4 270.2904026657343
4733.7 283.39732108823955
4734.0 291.8275072425604
4734.3 260.58899687230587
4734.6 565.9533361494541
4734.9 409.5137702822685
4735.2 313.8904445618391
4735.5 408.43118818849325
4735.8 264.6899313479662
4736.1 533.9864908754826
4736.4 258.5530318617821
4736.7 347.03297690302134
4737.0 195.7707183510065
4737.3 507.00160253793
4737.6 504.0047613373026
4737.9 535.4546106532216
4738.2 189.6947386711836
4738.5 355.3003896176815
4738.8 394.58070583082736
4739.1 319.60849933326244
4739.4 388.8649115310982
4739.7 260.91885682567954
4740.0 220.1013826727867
4740.3 583.565070760902
4740.6 421.6325268894434
4740.9 130.22098620794713
4741.2 642.8304915130138
4741.5 524.7163270441815
4741.8 543.5956629067659
4742.1 350.07948523014784
4742.4 323.2494676783681
4742.7 579.0962792523205
4743.0 441.05311553994943
4743.3 63.952354189008474
4743.6 351.0900545855984
4743.9 258.7110110297799
4744.2 303.5667955086101
4744.5 278.61537981033325
4744.8 232.4434585571289
4745.1 251.86654748022556
4745.4 371.97802376002073
4745.7 364.45739644765854
4746.0 376.1996473968029
4746.3 241.93673799745739
4746.6 561.2892159968615
4746.9 496.4458063803613
4747.2 281.5076358988881
4747.5 385.64560229331255
4747.8 728.0599220395088
4748.1 478.9571602642536
4748.4 434.31107714027166
4748.7 318.84074702858925
4749.0 208.83515743911266
4749.3 423.54565355181694
4749.6 236.98321603238583
4749.9 401.1404248805484
4750.2 359.762407399714
4750.5 65.15331173315644
4750.8 163.49528768332675
4751.1 252.58158783242106
4751.4 342.8057589828968
4751.7 361.6694101318717
4752.0 507.44798408448696
4752.3 250.31674871779978
4752.6 118.22809138894081
4752.9 613.6669817715883
4753.2 76.3452520351857
4753.5 402.1808525919914
4753.8 631.25995272398
4754.1 290.7268958836794
4754.4 394.7946657240391
4754.7 329.06708743423223
4755.0 257.4583179280162
4755.3 457.3583888038993
4755.6 159.6878191716969
4755.9 138.87029805360362
4756.2 190.51510301232338
4756.5 115.40934895910323
4756.8 322.35481509566307
4757.1 290.9119511023164
4757.4 628.3349159061909
4757.7 497.0876817703247
4758.0 401.0173059105873
4758.3 237.43640553951263
4758.6 35.11168511211872
4758.9 147.79162764549255
4759.2 294.6342023834586
4759.5 250.9208004977554
4759.8 382.7230031043291
4760.1 523.6564767360687
4760.4 427.27627298329026
4760.7 515.8285637237132
4761.0 248.21031190361828
4761.3 263.5697288066149
4761.6 494.3454269319773
4761.9 324.9924206212163
4762.2 204.8126694522798
4762.5 368.1019237730652
4762.8 588.4638296924531
4763.1 336.2308768746443
4763.4 352.7969923168421
4763.7 357.35993210971355
4764.0 349.3815707731992
4764.3 398.5006957426667
4764.6 14.436543601506855
4764.9 -38.24686378240585
4765.2 264.4446210861206
4765.5 628.8017679303885
4765.8 613.925672352314
4766.1 475.9963827729225
4766.4 558.7510201260448
4766.7 426.9800176769495
4767.0 404.0100775063038
4767.3 458.0713109448552
4767.6 567.8134455680847
4767.9 187.17324298113817
4768.2 311.1134481318295
4768.5 467.9044165313244
4768.8 121.01007902622223
4769.1 346.44089291989803
4769.4 595.0387417674065
4769.7 425.6066522747278
4770.0 340.2128485739231
4770.3 446.7017580270767
4770.6 318.92775825969875
4770.9 354.16773207485676
4771.2 242.15643188543618
4771.5 295.37631461024284
4771.8 441.20079658180475
4772.1 241.68573144357651
4772.4 37.97490692138672
4772.7 364.14729533717036
4773.0 241.32472486048937
4773.3 363.6782857179642
4773.6 182.34647500514984
4773.9 293.4602888766676
4774.2 597.2408555150032
4774.5 394.6636111661792
4774.8 137.09088820777833
4775.1 461.11440617218614
4775.4 89.49975215271115
4775.7 521.2479007840157
4776.0 248.21039383905008
4776.3 369.01172840595245
4776.6 655.6137202307582
4776.9 388.5868108868599
4777.2 361.2647134065628
4777.5 468.4084712713957
4777.8 168.84528449177742
4778.1 374.08765894174576
4778.4 445.02888072282076
4778.7 434.5312014743686
4779.0 440.3527679981198
4779.3 348.2463665343821
4779.6 230.95202042907476
4779.9 402.7591861207038
4780.2 511.5055213868618
4780.5 221.40822812914848
4780.8 404.80278393626213
4781.1 314.7814620733261
4781.4 197.81915113329887
4781.7 219.90374118089676
4782.0 661.1095063574612
4782.3 328.71154350042343
4782.6 412.5702236946672
4782.9 185.92983467131853
4783.2 134.09225426614285
4783.5 533.6268460154533
4783.8 435.8857968375087
4784.1 69.65805749595165
4784.4 197.5786205381155
4784.7 168.5717901457101
4785.0 133.8246427513659
4785.3 13.4685018658638
4785.6 118.38187408819795
4785.9 19.62757023051381
4786.2 153.04084694571793
4786.5 286.65650698542595
4786.8 461.8928397297859
4787.1 221.679675899446
4787.4 353.89464735239744
4787.7 329.81122091179714
4788.0 70.67261984571815
4788.3 245.78763718158007
4788.6 22.941885583102703
4788.9 304.03944720327854
4789.2 274.64964254107326
4789.5 81.3863580673933
4789.8 30.79946357756853
4790.1 339.2635544417426
4790.4 356.76320801023394
4790.7 338.5735340770334
4791.0 370.8515364974737
4791.3 438.2660492658615
4791.6 222.01977823954076
4791.9 613.8442891761661
4792.2 559.5957499295473
4792.5 425.3886180073023
4792.8 244.70466955192387
4793.1 147.70761114358902
4793.4 182.47215282917023
4793.7 295.00547879189253
4794.0 188.02377497404814
4794.3 364.75200831890106
4794.6 315.0754197947681
4794.9 136.3159503787756
4795.2 199.04607767332345
4795.5 590.2252064347267
4795.8 151.6573986466974
4796.1 188.13556022942066
4796.4 428.334438148333
4796.7 6.5764577351510525
4797.0 107.26987175224349
4797.3 399.18874306976795
4797.6 350.3267749771476
4797.9 623.9432648271322
4798.2 597.144598543644
4798.5 205.75688503682613
4798.8 105.6195212341845
4799.1 544.5810339748859
4799.4 407.0768564194441
4799.7 212.6401508077979
4800.0 463.2499706149101
4800.3 312.8000469766557
4800.6 270.41347173508257
4800.9 265.74830648861825
4801.2 445.02469849586487
4801.5 229.75631388276815
4801.8 -20.688580192625523
4802.1 309.2668064124882
4802.4 315.0704072434455
4802.7 3.6689530462026596
4803.0 271.09395787119865
4803.3 42.008804414770566
4803.6 389.5653088539839
4803.9 309.3916295468807
4804.2 224.8977027758956
4804.5 398.58690500073135
4804.8 117.88432432338595
4805.1 323.0633395910263
4805.4 55.57567076385021
4805.7 325.1442068479955
4806.0 161.7647739048116
4806.3 359.5274901986122
4806.6 498.7048560976982
4806.9 160.29273398965597
4807.2 460.33541421592236
4807.5 304.73292975872755
4807.8 238.97564291814342
4808.1 205.59304612874985
4808.4 139.78250712901354
4808.7 115.64052271842957
4809.0 419.7081791292876
4809.3 179.4265601299703
4809.6 206.1550928503275
4809.9 381.3170490562916
4810.2 513.1029047816992
4810.5 385.89142410457134
4810.8 414.60637816786766
4811.1 203.43132674577646
4811.4 66.65028682071716
4811.7 308.20527628064156
4812.0 373.8606752343476
4812.3 197.1719966083765
4812.6 226.83419878594577
4812.9 456.66873444244266
4813.2 273.8067705333233
4813.5 381.87206298299134
4813.8 418.93820951133966
4814.1 331.64217099547386
4814.4 233.37445534020662
4814.7 138.62832452729344
4815.0 191.69853134453297
4815.3 332.439180072397
4815.6 258.7891323752701
4815.9 163.3432452082634
4816.2 500.5078542008996
4816.5 398.2008531149477
4816.8 144.53422820940614
4817.1 201.772410556674
4817.4 293.7322480902076
4817.7 414.96536257863045
4818.0 331.14273807406425
4818.3 165.95547151565552
4818.6 503.0654698908329
4818.9 411.27101108431816
4819.2 383.30646834895015
4819.5 477.1550909280777
4819.8 211.7704375758767
4820.1 183.14798189140856
4820.4 77.71223943121731
4820.7 351.4147529453039
4821.0 476.20633390173316
4821.3 455.93429335951805
4821.6 443.8901916742325
4821.9 396.0037791887298
4822.2 367.8898991718888
4822.5 319.43241649866104
4822.8 242.5230371458456
4823.1 253.45831136405468
4823.4 270.6611949726939
4823.7 639.7389416396618
4824.0 320.98582257982343
4824.3 283.4878368601203
4824.6 257.38707744143903
4824.9 400.8094434142113
4825.2 363.24437959492207
4825.5 529.5169637948275
4825.8 444.6694517880678
4826.1 487.15390071831644
4826.4 288.196683883667
4826.7 321.61113075353205
4827.0 257.11286920309067
4827.3 328.7812071442604
4827.6 495.231868237257
4827.9 517.3366738408804
4828.2 329.5971310958266
4828.5 105.99409070611
4828.8 323.3116177134216
4829.1 298.8585581444204
4829.4 201.71175052970648
4829.7 346.56324598938227
4830.0 346.26971599203534
4830.3 509.1682127267122
4830.6 359.5600853636861
4830.9 205.28223592042923
4831.2 -4.719888234511018
4831.5 415.24673038721085
4831.8 58.329187139868736
4832.1 125.65569895505905
4832.4 306.11883437633514
4832.7 184.6607665196061
4833.0 349.8013929016888
4833.3 461.3702354794368
4833.6 445.73966594412923
4833.9 396.05636547505856
4834.2 171.8464336283505
4834.5 604.0804018378258
4834.8 525.8757445663214
4835.1 510.4866605103016
4835.4 634.2289920588955
4835.7 528.0258601605892
4836.0 438.2740169465542
4836.3 384.6970813795924
4836.6 152.0540560428053
4836.9 238.94176379032433
4837.2 314.7646858394146
4837.5 246.83418786339462
4837.8 163.6709758725483
4838.1 278.2927681666333
4838.4 535.2580046616495
4838.7 352.1943974122405
4839.0 307.7356249988079
4839.3 106.10309282317758
4839.6 250.44404845684767
4839.9 327.87800953537226
4840.2 493.6111408562865
4840.5 448.5212033316493
4840.8 170.4742889776826
4841.1 200.02415585517883
4841.4 139.3714232975617
4841.7 144.54994936659932
4842.0 257.27586598694324
4842.3 227.8317170739174
4842.6 315.8893869481981
4842.9 245.43458969471976
4843.2 339.6693722382188
4843.5 369.69282571412623
4843.8 262.0329074561596
4844.1 202.123688980937
4844.4 163.3549374230206
4844.7 311.3090048879385
4845.0 200.12829449446872
4845.3 334.1014679055661
4845.6 352.0676257163286
4845.9 207.6264603883028
4846.2 322.37416142225266
4846.5 181.4408880919218
4846.8 323.37875217199326
4847.1 364.11472007259727
4847.4 238.15469639748335
4847.7 289.95411388389766
4848.0 103.03378813713789
4848.3 319.744919270277
4848.6 325.1685616225004
4848.9 347.9409362450242
4849.2 418.1572885364294
4849.5 189.34543846175075
4849.8 507.7823659181595
4850.1 129.96153846755624
4850.4 301.1299122516066
4850.7 155.523204267025
4851.0 289.3746105954051
4851.3 87.82514884602278
4851.6 187.7153020419646
4851.9 512.4728427752852
4852.2 406.1611686348915
4852.5 479.9052577614784
4852.8 406.1358619257808
4853.1 272.6687571015209
4853.4 157.3987792469561
4853.7 242.59329741541296
4854.0 151.11754235252738
4854.3 295.3839404210448
4854.6 141.85938633978367
4854.9 287.68428982049227
4855.2 234.14079312607646
4855.5 189.89096049964428
4855.8 322.47446417063475
4856.1 321.3730316031724
4856.4 274.32743099331856
4856.7 265.5208711028099
4857.0 401.53586245141923
4857.3 442.778178229928
4857.6 268.6020634844899
4857.9 292.89392674714327
4858.2 404.8281273092143
4858.5 209.9509884864092
4858.8 233.6179510112852
4859.1 78.86072191596031
4859.4 357.9200344774872
4859.7 489.21144759398885
4860.0 277.50948563218117
4860.3 64.19499951787293
4860.6 150.38860342651606
4860.9 312.8894418179989
4861.2 84.03020992130041
4861.5 160.44845028221607
4861.8 404.986538477242
4862.1 102.2660660147667
4862.4 108.23948680330068
4862.7 288.7137755192816
4863.0 236.05968373268843
4863.3 214.83281749859452
4863.6 506.58827644586563
4863.9 413.2827862165868
4864.2 162.6924314647913
4864.5 401.758711412549
4864.8 163.1350608021021
4865.1 63.18624741025269
4865.4 261.2432519197464
4865.7 376.07711640838534
4866.0 408.25551969558
4866.3 460.9270871281624
4866.6 490.04437041282654
4866.9 464.3536134660244
4867.2 36.23907784372568
4867.5 229.5371622890234
4867.8 306.29058303683996
4868.1 240.421728618443
4868.4 391.96533188968897
4868.7 520.3075132034719
4869.0 257.4284206032753
4869.3 366.4625156968832
4869.6 394.6180722238496
4869.9 372.02386183291674
4870.2 291.3436943506822
4870.5 311.4475740939379
4870.8 367.00818590819836
4871.1 257.77219188120216
4871.4 239.26023898273706
4871.7 338.1521385535598
4872.0 332.8778992940206
4872.3 183.93567344546318
4872.6 109.723020657897
4872.9 244.7188730359776
4873.2 300.4854721836746
4873.5 347.476306065917
4873.8 103.97090234607458
4874.1 230.39895733445883
4874.4 402.24475856125355
4874.7 303.7082094475627
4875.0 416.873970227316
4875.3 312.4780976623297
4875.6 368.8557699024677
4875.9 287.6474294401705
4876.2 313.89929760992527
4876.5 167.21570609509945
4876.8 164.86232486367226
4877.1 100.10554653406143
4877.4 61.92494072043337
4877.7 195.95890678465366
4878.0 199.82374510914087
4878.3 351.01226867735386
4878.6 311.80171470344067
4878.9 309.582542270422
4879.2 350.47315089404583
4879.5 345.6929595172405
4879.8 223.92819417640567
4880.1 109.44940880406648
4880.4 306.5477245301008
4880.7 411.24726597964764
4881.0 439.00009916722775
4881.3 418.47514689713717
4881.6 359.24773653782904
4881.9 498.66620260104537
4882.2 444.46240386366844
4882.5 471.0993944481015
4882.8 447.4014393091202
4883.1 342.7541243582964
4883.4 449.94000743329525
4883.7 392.77608574554324
4884.0 393.15503703802824
4884.3 331.63578045740724
4884.6 289.9166137559805
4884.9 271.0291236191988
4885.2 423.3322749035433
4885.5 78.876236140728
4885.8 114.28970708884299
4886.1 181.30710642784834
4886.4 290.7880553007126
4886.7 296.3911028653383
4887.0 169.2398474290967
4887.3 430.5722578763962
4887.6 566.3178114295006
4887.9 38.529875844717026
4888.2 205.47100707516074
4888.5 351.6192501485348
4888.8 339.14814964681864
4889.1 257.87888196110725
4889.4 122.45676724612713
4889.7 167.71615358442068
4890.0 168.00003261119127
4890.3 292.444696739316
4890.6 213.76670359820127
4890.9 456.1814174950123
4891.2 372.41686986386776
4891.5 316.41512406244874
4891.8 422.19696809351444
4892.1 222.1064423918724
4892.4 76.45162954926491
4892.7 547.1144067123532
4893.0 469.7154790312052
4893.3 387.3925226535648
4893.6 370.93737637624145
4893.9 413.12336443550885
4894.2 538.5835308432579
4894.5 455.54821878671646
4894.8 150.74404481053352
4895.1 276.59994058683515
4895.4 575.5617364346981
4895.7 285.4205346107483
4896.0 509.78786993026733
4896.3 425.7920480966568
4896.6 282.96221287176013
4896.9 175.90644180681556
4897.2 250.45464042201638
4897.5 144.07533566839993
4897.8 338.0421513598412
4898.1 303.2088132314384
4898.4 270.2140096575022
4898.7 178.23649684339762
4899.0 369.0483599156141
4899.3 365.061730645597
4899.6 338.1103316396475
4899.9 326.75452367961407
4900.2 289.56186447292566
4900.5 246.94087141752243
4900.8 637.0087465792894
4901.1 343.64837500452995
4901.4 540.5062429606915
4901.7 395.01698875427246
4902.0 201.77228494733572
4902.3 371.8288239338435
4902.6 259.74930768832564
4902.9 370.1090739145875
4903.2 393.52659904398024
4903.5 280.9345593228936
4903.8 34.34922584891319
4904.1 157.41515444219112
4904.4 447.04439198225737
4904.7 316.7484511844814
4905.0 373.46354576945305
4905.3 276.15108746290207
4905.6 136.94816461205482
4905.9 178.48330541700125
4906.2 -87.76261015236378
4906.5 186.05999850737862
4906.8 443.49778224527836
4907.1 144.86141036450863
4907.4 487.13423842191696
4907.7 348.53128154575825
4908.0 416.3777655027807
4908.3 498.25179386138916
4908.6 201.93970008194447
4908.9 170.42807167768478
4909.2 391.9517234861851
4909.5 239.8338278234005
4909.8 478.0220087468624
4910.1 508.48067589849234
4910.4 334.60146267712116
4910.7 190.56248884648085
4911.0 358.2789727896452
4911.3 325.7370883002877
4911.6 250.24220937490463
4911.9 230.90667209029198
4912.2 492.4851653650403
4912.5 281.1168089173734
4912.8 26.50647783279419
4913.1 256.4416726324707
4913.4 359.27217546571046
4913.7 262.7221006602049
4914.0 86.96756413578987
4914.3 332.71936546079814
4914.6 -5.228633254766464
4914.9 29.359691850841045
4915.2 336.8068568408489
4915.5 212.88773124851286
4915.8 431.5508516058326
4916.1 132.27580267190933
4916.4 292.5174423456192
4916.7 103.35796221345663
4917.0 458.43383100628853
4917.3 283.9625301291235
4917.6 174.62818130478263
4917.9 279.5885012028739
4918.2 235.48654353106394
4918.5 181.20234774053097
4918.8 116.63106491416693
4919.1 163.57374620065093
4919.4 -25.177268655970693
4919.7 207.90206661075354
4920.0 215.15575136244297
4920.3 379.3963303118944
4920.6 233.57443092390895
4920.9 361.18040934205055
4921.2 247.9814906269312
4921.5 355.7203729040921
4921.8 321.47915606200695
4922.1 315.32513532042503
4922.4 325.10424952208996
4922.7 308.26683124899864
4923.0 435.9184143766761
4923.3 518.3388611637056
4923.6 327.4070504428819
4923.9 123.76399499177933
4924.2 275.6943093687296
4924.5 624.8686392307281
4924.8 300.58370158076286
4925.1 153.3911741413176
4925.4 251.8795762360096
4925.7 621.4786907508969
4926.0 450.1161673590541
4926.3 125.79805823415518
4926.6 148.46944461017847
4926.9 401.55924563109875
4927.2 459.2726352661848
4927.5 337.94706189632416
4927.8 338.5725268609822
4928.1 348.64386452920735
4928.4 297.65432174503803
4928.7 276.81353532522917
4929.0 301.02366287249606
4929.3 296.68100264668465
4929.6 381.5467184330337
4929.9 312.9854906387627
4930.2 324.84284008666873
4930.5 177.10537583008409
4930.8 264.41625482821837
4931.1 361.1149523407221
4931.4 343.34228198230267
4931.7 341.0974220484495
4932.0 538.8985473494977
4932.3 401.45867098867893
4932.6 511.4777326211333
4932.9 601.2017368674278
4933.2 627.9118213653564
4933.5 419.1100933402777
4933.8 270.8886703401804
4934.1 343.1089341044426
4934.4 261.0832323208451
4934.7 407.03602650389075
4935.0 342.6717924028635
4935.3 366.69245360046625
4935.6 273.0790431399364
4935.9 255.27187488181517
4936.2 336.1016109287739
4936.5 229.32858561724424
4936.8 396.9947660341859
4937.1 257.4961401075125
4937.4 356.01681311428547
4937.7 214.91396084427834
4938.0 143.72240244597197
4938.3 311.15430454164743
4938.6 403.0586846768856
4938.9 434.16818906366825
4939.2 195.93969203718007
4939.5 151.47828640136868
4939.8 195.15013877302408
4940.1 154.6036032307893
4940.4 318.8855671659112
4940.7 302.4108735756017
4941.0 298.3704668208957
4941.3 273.22853296995163
4941.6 189.11340613663197
4941.9 460.586086191237
4942.2 432.9363101320341
4942.5 135.11638029292226
4942.8 191.5791128873825
4943.1 420.39928644895554
4943.4 109.24209749698639
4943.7 55.049096178263426
4944.0 406.07414254546165
4944.3 409.75503946840763
4944.6 258.5416362732649
4944.9 332.5311626791954
4945.2 459.7769201695919
4945.5 359.77690770849586
4945.8 149.1107916496694
4946.1 -41.47395166568458
4946.4 481.90686716884375
4946.7 280.4596854709089
4947.0 308.72234507859685
4947.3 388.87782982736826
4947.6 499.7202494740486
4947.9 458.7695719767362
4948.2 309.0063703209162
4948.5 343.69597075879574
4948.8 556.0042762160301
4949.1 500.31092512607574
4949.4 620.1329624317586
4949.7 469.72078935056925
4950.0 439.5991304870695
4950.3 289.7361410781741
4950.6 507.26798541098833
4950.9 475.4269940853119
4951.2 336.89247942343354
4951.5 300.5560942143202
4951.8 370.4612195659429
4952.1 132.19470157288015
4952.4 254.56360131502151
4952.7 482.2295965645462
4953.0 580.1990388855338
4953.3 498.1031195819378
4953.6 326.5240346044302
4953.9 404.2820346467197
4954.2 552.8438382148743
4954.5 454.33136939955875
4954.8 495.5816951729357
4955.1 497.4922914803028
4955.4 401.5090359002352
4955.7 357.5557926297188
4956.0 175.44420998170972
4956.3 252.59814569260925
4956.6 347.9579622298479
4956.9 104.62042573839426
4957.2 154.3612908348441
4957.5 432.96121031045914
4957.8 386.92539320141077
4958.1 274.69536571763456
4958.4 411.896330203861
4958.7 337.5096720159054
4959.0 310.7379095889628
4959.3 462.4588324204087
4959.6 370.7432504892349
4959.9 312.2409008219838
4960.2 521.6562294661999
4960.5 535.7408059835434
4960.8 566.2595076039433
4961.1 346.53599099069834
4961.4 402.73908400535583
4961.7 531.9358095377684
4962.0 243.45395888388157
4962.3 250.81471154559404
4962.6 149.6060730367899
4962.9 284.3707639873028
4963.2 386.546241030097
4963.5 288.193142414093
4963.8 294.81541603431106
4964.1 266.8543612062931
4964.4 198.49002338200808
4964.7 335.4714758619666
4965.0 283.78840603865683
4965.3 386.86580285429955
4965.6 241.74920548778027
4965.9 327.98455394618213
4966.2 276.6476893313229
4966.5 379.39684645459056
4966.8 223.39600560814142
4967.1 275.344797745347
4967.4 326.9202906936407
4967.7 348.5723694115877
4968.0 551.7860767319798
4968.3 305.84682063385844
4968.6 408.4951485414058
4968.9 459.16425251960754
4969.2 469.1625777333975
4969.5 594.9227062501013
4969.8 283.70129446685314
4970.1 364.668598418124
4970.4 383.36156257241964
4970.7 445.09117599669844
4971.0 485.2258887141943
4971.3 321.4775035381317
4971.6 418.80397748947144
4971.9 447.38144988939166
4972.2 335.6011191383004
4972.5 364.6511914730072
4972.8 425.4683971591294
4973.1 328.06111404299736
4973.4 289.0765403881669
4973.7 335.40920939389616
4974.0 231.79492117464542
4974.3 345.1933629633859
4974.6 342.39843127690256
4974.9 415.70327857043594
4975.2 333.92185720056295
4975.5 254.69489611685276
4975.8 464.19998336583376
4976.1 278.1926294192672
4976.4 321.1681010425091
4976.7 278.7545108050108
4977.0 328.7037201747298
4977.3 443.0526272878051
4977.6 202.7854185802862
4977.9 192.55463387072086
4978.2 360.3529045525938
4978.5 337.2019157707691
4978.8 280.3384760990739
4979.1 497.0155362896621
4979.4 503.4167808368802
4979.7 440.97374803572893
4980.0 721.231849655509
4980.3 608.1899814605713
4980.6 630.0171084403992
4980.9 336.23478526994586
4981.2 212.00654292106628
4981.5 313.83501814771444
4981.8 448.96369536593556
4982.1 329.3204313516617
4982.4 275.5282678306103
4982.7 195.55477126315236
4983.0 301.2988173365593
4983.3 414.2142685651779
4983.6 307.24545396119356
4983.9 190.15845661610365
4984.2 133.2267814129591
4984.5 232.2679463326931
4984.8 398.3803111612797
4985.1 517.2078606411815
4985.4 315.25737857818604
4985.7 312.00918997451663
4986.0 212.6173588000238
4986.3 439.17993160523474
4986.6 224.6388195863692
4986.9 125.96954284608364
4987.2 249.6407939195633
4987.5 344.7699005980976
4987.8 195.29297783225775
4988.1 302.21332751214504
4988.4 319.45896540314425
4988.7 461.2803057730198
4989.0 433.5254328250885
4989.3 370.06313492916524
4989.6 391.50401759147644
4989.9 371.42847174126655
4990.2 518.4026003219187
4990.5 234.6922976821661
4990.8 285.68171498179436
4991.1 415.0195907652378
4991.4 528.4945593588054
4991.7 600.7612031400204
4992.0 311.5202585924417
4992.3 296.0050187930465
4992.6 370.46515038609505
4992.9 394.17912919074297
4993.2 266.5649221017957
4993.5 297.8073349893093
4993.8 209.90169696509838
4994.1 225.17223630845547
4994.4 246.6391001418233
4994.7 161.91699308156967
4995.0 254.09303364530206
4995.3 284.85687930881977
4995.6 526.4491765797138
4995.9 487.5336437597871
4996.2 230.63134889304638
4996.5 442.34675023169257
4996.8 176.99072211235762
4997.1 164.92088230326772
4997.4 100.05197664350271
4997.7 116.86960345506668
4998.0 170.7574480669573
4998.3 423.71782360225916
4998.6 439.4025192023255
4998.9 337.3073636293411
4999.2 435.6345490575768
4999.5 400.5761550851166
4999.8 268.3373894318938
5000.1 436.0397300956538
5000.4 32.86789641529322
5000.7 180.18113046884537
5001.0 321.74444690719247
5001.3 424.6978989727795
5001.6 152.58411598950624
5001.9 441.6965276375413
5002.2 303.82627122476697
5002.5 455.7102844044566
5002.8 458.3634501490742
5003.1 156.65969197638333
5003.4 489.0892831981182
5003.7 583.9446453303099
5004.0 515.3474620804191
5004.3 300.5125693976879
5004.6 366.08412380144
5004.9 192.34493644163013
5005.2 411.10906361043453
5005.5 302.52762416005135
5005.8 484.4326014406979
5006.1 473.64456908404827
5006.4 255.6581805124879
5006.7 418.82596214674413
5007.0 312.6651962995529
5007.3 136.77767047286034
5007.6 438.0150428637862
5007.9 513.6187016572803
5008.2 487.51739379763603
5008.5 315.3181504756212
5008.8 381.26839504018426
5009.1 440.8442476019263
5009.4 341.1772905886173
5009.7 411.81552858650684
5010.0 443.2857533544302
5010.3 413.5629499424249
5010.6 344.33133913576603
5010.9 443.0859235972166
5011.2 266.286618988961
5011.5 359.12247836217284
5011.8 370.50811592291575
5012.1 500.43960481882095
5012.4 443.25728278560564
5012.7 212.5288945697248
5013.0 307.1902711316943
5013.3 478.2344022989273
5013.6 266.6806246340275
5013.9 503.10287825763226
5014.2 511.2542780265212
5014.5 682.6656365394592
5014.8 577.66124073416
5015.1 316.77625592052937
5015.4 355.04763599368744
5015.7 326.69891115650535
5016.0 454.69879857450724
5016.3 495.19067683815956
5016.6 441.8843749538064
5016.9 222.0855747461319
5017.2 249.62917459011078
5017.5 128.17272134684026
5017.8 205.83195221889764
5018.1 222.00789000559598
5018.4 336.06866919994354
5018.7 373.0044524669647
5019.0 396.67318492382765
5019.3 181.00874927360564
5019.6 505.33160331472754
5019.9 71.22713230736554
5020.2 284.23786548152566
5020.5 509.8540405407548
5020.8 352.8630405664444
5021.1 166.35332438349724
5021.4 117.46600582450628
5021.7 311.06027215719223
5022.0 301.93814022652805
5022.3 232.02462462102994
5022.6 384.9695054590702
5022.9 387.1280154953711
5023.2 171.81807124987245
5023.5 494.3534621372819
5023.8 399.4451329410076
5024.1 439.2827491015196
5024.4 115.97512219846249
5024.7 544.3341492470354
5025.0 386.34847926720977
5025.3 388.96816442906857
5025.6 398.245283216238
5025.9 350.57153542526066
5026.2 350.63567078113556
5026.5 220.53381703048944
5026.8 43.090829968452454
5027.1 142.9644176363945
5027.4 409.3365663141012
5027.7 272.4392254194245
5028.0 322.212397582829
5028.3 314.44535399693996
5028.6 416.33381251245737
5028.9 322.98121821321547
5029.2 289.40386591106653
5029.5 179.62956788763404
5029.8 89.2942168712616
5030.1 229.93760284036398
5030.4 612.6585868000984
5030.7 271.6047090739012
5031.0 366.9751868136227
5031.3 342.9353641420603
5031.6 368.58405804634094
5031.9 298.2018590569496
5032.2 289.62340611964464
5032.5 506.92974911630154
5032.8 365.24672431871295
5033.1 337.6588940639049
5033.4 310.19019189476967
5033.7 378.7437453567982
5034.0 318.1566796079278
5034.3 255.8984997421503
5034.6 478.6528109014034
5034.9 303.02412097901106
5035.2 389.2655267268419
5035.5 527.0030477885157
5035.8 277.16619169712067
5036.1 268.8639325015247
5036.4 127.29910480976105
5036.7 496.3375133275986
5037.0 512.0192465595901
5037.3 364.07998573035
5037.6 492.84537790343165
5037.9 603.0934640043415
5038.2 485.97676761448383
5038.5 295.03602569550276
5038.8 101.10256945341825
5039.1 136.25957783311605
5039.4 281.5218844935298
5039.7 281.3697871044278
5040.0 357.0727577954531
5040.3 345.71404598653316
5040.6 181.05502954125404
5040.9 200.0193548258394
5041.2 319.29828853160143
5041.5 267.31754297949374
5041.8 100.63904167711735
5042.1 317.7782989963889
5042.4 576.0069093704224
5042.7 315.36382299661636
5043.0 308.9203529814258
5043.3 259.60840030759573
5043.6 390.6620208360255
5043.9 639.9580815657973
5044.2 199.22722343355417
5044.5 411.4798386543989
5044.8 382.65479630976915
5045.1 470.4972372467164
5045.4 539.5452077533118
5045.7 255.0332096926868
5046.0 77.46146407909691
5046.3 363.7488730754703
5046.6 270.58757165819407
5046.9 358.046797176823
5047.2 271.67024728655815
5047.5 197.1711641550064
5047.8 294.9415419101715
5048.1 348.80803659930825
5048.4 38.74152381718159
5048.7 332.5054114051163
5049.0 309.9204492093995
5049.3 253.12179833790287
5049.6 443.3613384962082
5049.9 341.5526776909828
5050.2 216.6773647889495
5050.5 429.804995238781
5050.8 618.7935632765293
5051.1 463.6130402237177
5051.4 299.43874187767506
5051.7 365.28867929801345
5052.0 299.072162553668
5052.3 266.4773023799062
5052.6 264.7238568291068
5052.9 348.1403197348118
5053.2 447.1672517936677
5053.5 497.15947718173265
5053.8 461.99970315396786
5054.1 386.7209890335798
5054.4 277.58632449992
5054.7 287.24106343463063
5055.0 346.92600724101067
5055.3 447.80098310112953
5055.6 255.6175295022549
5055.9 446.36922416090965
5056.2 488.11558167263865
5056.5 474.5535752028227
5056.8 374.0323055535555
5057.1 264.76362439990044
5057.4 493.71896820515394
5057.7 222.04026956669986
5058.0 230.77987084537745
5058.3 397.09296929091215
5058.6 371.876368239522
5058.9 309.97355930507183
5059.2 372.9541812669486
5059.5 420.5176854021847
5059.8 111.47660292312503
5060.1 285.50717679038644
5060.4 518.7764270976186
5060.7 473.15866217017174
5061.0 419.5846607387066
5061.3 395.3772391602397
5061.6 191.62495201453567
5061.9 334.64032012596726
5062.2 338.6501106377691
5062.5 298.02400302141905
5062.8 271.97106168977916
5063.1 262.5471851527691
5063.4 383.75698617100716
5063.7 348.8469390645623
5064.0 239.87131332792342
5064.3 473.85381749272346
5064.6 443.6912015378475
5064.9 486.9413943067193
5065.2 352.9834485948086
5065.5 314.62801273167133
5065.8 365.6822861675173
5066.1 205.43361223489046
5066.4 174.55323197320104
5066.7 325.54011372476816
5067.0 481.2692383825779
5067.3 366.9809948951006
5067.6 149.88802859932184
5067.9 302.1503754258156
5068.2 395.3234004303813
5068.5 400.16278789937496
5068.8 488.729686986655
5069.1 380.1349881924689
5069.4 374.71039089467376
5069.7 345.67641603574157
5070.0 313.9531261995435
5070.3 481.08074544742703
5070.6 685.8540334105492
5070.9 427.90207436680794
5071.2 274.68984219431877
5071.5 605.8448683619499
5071.8 481.8939068168402
5072.1 374.7930912524462
5072.4 533.0637241750956
5072.7 440.69296971708536
5073.0 555.9879227951169
5073.3 367.23157124221325
5073.6 480.87044797837734
5073.9 465.45037085562944
5074.2 310.7575669437647
5074.5 236.12519850675017
5074.8 400.04788909107447
5075.1 331.91826908290386
5075.4 182.11301961541176
5075.7 217.95077046006918
5076.0 251.77929347008467
5076.3 493.48776273429394
5076.6 312.21661715209484
5076.9 374.17479147575796
5077.2 462.36984184384346
5077.5 242.4907241202891
5077.8 449.61736818403006
5078.1 532.5622632801533
5078.4 303.58401131629944
5078.7 445.286727309227
5079.0 57.79026161134243
5079.3 264.82485611364245
5079.6 272.47853112593293
5079.9 358.9833595547825
5080.2 306.5762893409701
5080.5 367.3394013941288
5080.8 351.21443939208984
5081.1 348.33509089052677
5081.4 315.8407434038818
5081.7 203.73265611194074
5082.0 482.51656817644835
5082.3 401.1405124552548
5082.6 507.7896846681833
5082.9 564.8862461149693
5083.2 614.0911250263453
5083.5 421.1977427303791
5083.8 392.1366881430149
5084.1 215.04687024652958
5084.4 204.2229720428586
5084.7 311.6583410203457
5085.0 448.34377370774746
5085.3 413.0150750987232
5085.6 394.6262020766735
5085.9 518.0503780394793
5086.2 609.6722647761926
5086.5 371.25261218100786
5086.8 273.4074492499931
5087.1 354.99748200923204
5087.4 357.7723660245538
5087.7 630.6064903885126
5088.0 460.3826798610389
5088.3 537.8895287066698
5088.6 383.05195352062583
5088.9 277.34797651320696
5089.2 362.64589872956276
5089.5 400.43169331575336
5089.8 417.21333633735776
5090.1 278.3809588700533
5090.4 283.3214885741472
5090.7 416.84818202257156
5091.0 326.091216981411
5091.3 389.3811502046883
5091.6 380.9391652867198
5091.9 451.39491202682257
5092.2 390.55563493072987
5092.5 558.9723456799984
5092.8 182.63824913278222
5093.1 259.3153592022136
5093.4 344.7276965454221
5093.7 387.07902482897043
5094.0 294.2278842460364
5094.3 491.78031694702804
5094.6 216.92189434170723
5094.9 394.4831239664927
5095.2 591.4148623496294
5095.5 364.4677427262068
5095.8 161.97961929440498
5096.1 393.8806253404473
5096.4 180.91360261291265
5096.7 365.01949404971674
5097.0 317.43340603634715
5097.3 424.1113094636239
5097.6 494.9239268563688
5097.9 430.0072053335607
5098.2 385.30787682905793
5098.5 386.49308525025845
5098.8 33.69662347435951
5099.1 269.458552707918
5099.4 351.7284074574709
5099.7 467.35940097272396
5100.0 461.91276701167226
5100.3 605.5135045200586
5100.6 338.8791656680405
5100.9 364.62466683238745
5101.2 377.0203896164894
5101.5 458.2647538483143
5101.8 340.64324668236077
5102.1 414.52502139657736
5102.4 519.0365639775991
5102.7 442.3184350281954
5103.0 631.4666761159897
5103.3 351.66120911575854
5103.6 269.5279683843255
5103.9 441.55952098965645
5104.2 284.9257656149566
5104.5 147.1388555802405
5104.8 252.19160456955433
5105.1 278.2163770124316
5105.4 422.3904743641615
5105.7 427.01529751956696
5106.0 448.32872998714447
5106.3 177.51673397049308
5106.6 599.6688668653369
5106.9 247.00754000246525
5107.2 486.37546544894576
5107.5 364.54151848331094
5107.8 449.6753013059497
5108.1 450.9609631896019
5108.4 198.60273928230163
5108.7 356.790541600436
5109.0 471.9896087087691
5109.3 294.60528495907784
5109.6 336.3135327473283
5109.9 298.4398836940527
5110.2 388.7027088701725
5110.5 700.4168958831578
5110.8 555.4708410948515
5111.1 636.3956338986754
5111.4 495.19802533462644
5111.7 533.6882821917534
5112.0 603.4697593599558
5112.3 355.7293902039528
5112.6 597.4518033564091
5112.9 562.379765484482
5113.2 308.7615969777107
5113.5 637.893074542284
5113.8 253.9237365424633
5114.1 7.035375401377678
5114.4 517.0315644443035
5114.7 387.15442597121
5115.0 289.30851052701473
5115.3 473.585183698684
5115.6 224.4911396354437
5115.9 263.0814620144665
5116.2 156.5968463420868
5116.5 241.92468094825745
5116.8 248.63421194255352
5117.1 326.6820892766118
5117.4 423.4131382778287
5117.7 414.39906245470047
5118.0 527.0763437151909
5118.3 484.61574975034455
5118.6 234.7233640998602
5118.9 438.52851760201156
5119.2 263.47547540813684
5119.5 104.32598273362964
5119.8 178.5962195545435
5120.1 316.74992836266756
5120.4 462.9636662006378
5120.7 595.1095374673605
5121.0 394.91693966276944
5121.3 311.342730730772
5121.6 445.2127532735467
5121.9 629.543289475143
5122.2 313.98495820350945
5122.5 629.8869666159153
5122.8 261.67224714159966
5123.1 471.8783757686615
5123.4 437.0677710790187
5123.7 380.6009611701593
5124.0 405.57135839760303
5124.3 386.0968693718314
5124.6 603.560553945601
5124.9 499.4487011805177
5125.2 372.90562020242214
5125.5 93.18619591370225
5125.8 340.5800818586722
5126.1 386.78191091679037
5126.4 424.09333616681397
5126.7 478.2892323555425
5127.0 651.8587215468287
5127.3 555.8318756446242
5127.6 418.8317653313279
5127.9 420.52598687261343
5128.2 512.3373537752777
5128.5 369.250198867172
5128.8 422.856765627861
5129.1 343.6370354294777
5129.4 198.27802852541208
5129.7 533.4028976410627
5130.0 269.2494768023025
5130.3 417.0065706707537
5130.6 393.8172821775079
5130.9 248.51586540043354
5131.2 339.3858275767416
5131.5 229.11445949971676
5131.8 553.5031163059175
5132.1 345.07077863253653
5132.4 498.6631018817425
5132.7 496.684344753623
5133.0 364.9026190340519
5133.3 268.348933391273
5133.6 340.62280274927616
5133.9 575.4406610401347
5134.2 386.59880501404405
5134.5 519.6086581423879
5134.8 763.0859254747629
5135.1 371.9557413831353
5135.4 555.9230804815888
5135.7 444.1677107959986
5136.0 431.50160356611013
5136.3 263.6048114732839
5136.6 416.518204793334
5136.9 263.41113471984863
5137.2 417.7339388355613
5137.5 319.1317739896476
5137.8 353.8394003510475
5138.1 408.3098530359566
5138.4 502.3634429965168
5138.7 144.9908583587967
5139.0 72.34753329493105
5139.3 425.76788217015564
5139.6 378.2003926932812
5139.9 566.1672221422195
5140.2 473.1086915433407
5140.5 234.5542344264686
5140.8 313.69636089354753
5141.1 246.26190724875778
5141.4 215.21735518798232
5141.7 265.6949362196028
5142.0 303.0718378983438
5142.3 289.27496318519115
5142.6 373.16437391284853
5142.9 167.755810841918
5143.2 266.2319925855845
5143.5 367.5128853544593
5143.8 488.88356979191303
5144.1 676.4332628399134
5144.4 273.8817062750459
5144.7 422.23347330093384
5145.0 54.1779213398695
5145.3 379.43014788627625
5145.6 326.558308893349
5145.9 499.4288376122713
5146.2 341.7879068106413
5146.5 335.35482132289326
5146.8 334.95771661400795
5147.1 243.85920006036758
5147.4 448.1762798950076
5147.7 311.7659168727696
5148.0 288.528194218874
5148.3 349.6298186071217
5148.6 396.44433926045895
5148.9 432.33267809450626
5149.2 374.5858670473099
5149.5 305.7833360992372
5149.8 520.1969682574272
5150.1 653.6106076277792
5150.4 414.5221776738763
5150.7 373.5850820168853
5151.0 554.4199146926403
5151.3 408.7018460929394
5151.6 632.2520964359865
5151.9 573.6194786056876
5152.2 251.21783449873328
5152.5 322.56415660865605
5152.8 469.6229484975338
5153.1 552.881211668253
5153.4 382.16144581884146
5153.7 238.1047920435667
5154.0 279.2057764510391
5154.3 666.3643471002579
5154.6 445.3631945475936
5154.9 258.97853280603886
5155.2 481.32582917250693
5155.5 505.5276662707329
5155.8 420.96792206168175
5156.1 550.9892254769802
5156.4 395.91782857850194
5156.7 430.22734039090574
5157.0 691.7077690958977
5157.3 209.4415702112019
5157.6 565.1139991283417
5157.9 567.6314324364066
5158.2 392.9832729753107
5158.5 167.77490282803774
5158.8 347.82490506768227
5159.1 287.2132879309356
5159.4 476.8784210726153
5159.7 414.9795989971608
5160.0 362.1472070738673
5160.3 311.43513701856136
5160.6 440.49067244678736
5160.9 277.5756235010922
5161.2 321.93495047837496
5161.5 341.3784601017833
5161.8 219.04368814080954
5162.1 412.45261442661285
5162.4 57.67807783186436
5162.7 252.05695459246635
5163.0 86.19402177631855
5163.3 310.94974237680435
5163.6 284.5574476458132
5163.9 621.9150637090206
5164.2 349.957885729149
5164.5 376.37829472869635
5164.8 233.50405335007235
5165.1 303.2517611468211
5165.4 164.59135540015996
5165.7 390.4943079533987
5166.0 89.51473846286535
5166.3 321.6440773475915
5166.6 362.6738119293004
5166.9 29.099143967032433
5167.2 377.61404068768024
5167.5 445.8115308433771
5167.8 377.17874208278954
5168.1 395.2399018108845
5168.4 398.8648900538683
5168.7 617.2102351784706
5169.0 346.64861803501844
5169.3 584.9067103015259
5169.6 194.59803570946679
5169.9 340.9866456538439
5170.2 319.6838341653347
5170.5 313.4160341024399
5170.8 549.620782956481
5171.1 137.76126746088266
5171.4 218.86855179071426
5171.7 153.24542540311813
5172.0 315.2906903401017
5172.3 205.4011695496738
5172.6 129.87809631228447
5172.9 399.97937592165545
5173.2 802.82458999753
5173.5 465.76862412691116
5173.8 455.81540422700346
5174.1 268.9707009643316
5174.4 392.61271223425865
5174.7 582.9512736797333
5175.0 229.99183486402035
5175.3 452.5788087360561
5175.6 573.3370879143476
5175.9 468.7368197403848
5176.2 271.9561743661761
5176.5 338.32981664687395
5176.8 440.40138976089656
5177.1 340.3344147987664
5177.4 316.5810818374157
5177.7 603.3413771688938
5178.0 520.9350862950087
5178.3 476.34304359555244
5178.6 239.02463752776384
5178.9 618.4218986257911
5179.2 607.2692761421204
5179.5 395.3877656124532
5179.8 524.1282465159893
5180.1 440.6614831443876
5180.4 667.5266640111804
5180.7 572.6812246069312
5181.0 541.8161136470735
5181.3 214.71181696280837
5181.6 457.6320094317198
5181.9 397.17272832244635
5182.2 444.6970262825489
5182.5 553.4622394442558
5182.8 361.0234885606915
5183.1 170.5947794187814
5183.4 175.29951444268227
5183.7 358.1279044635594
5184.0 399.6381284967065
5184.3 239.6170385852456
5184.6 375.95691289007664
5184.9 395.4827411919832
5185.2 590.8278044313192
5185.5 405.9252729965374
5185.8 621.7769661098719
5186.1 484.70541132986546
5186.4 427.15891322493553
5186.7 369.0867992043495
5187.0 498.161237642169
5187.3 519.3422444574535
5187.6 202.32669695466757
5187.9 304.5505758188665
5188.2 284.9880765527487
5188.5 525.7356892442331
5188.8 810.340515255928
5189.1 497.98660991340876
5189.4 519.6918524429202
5189.7 459.3670208789408
5190.0 550.8082884512842
5190.3 371.5453991293907
5190.6 292.5175444036722
5190.9 174.42029159516096
5191.2 150.12915813550353
5191.5 228.74880629777908
5191.8 137.75855019688606
5192.1 413.21178832277656
5192.4 359.3689408451319
5192.7 236.54645964503288
5193.0 577.298943862319
5193.3 361.980378895998
5193.6 382.796100795269
5193.9 301.10371124371886
5194.2 263.388045437634
5194.5 241.18584598600864
5194.8 797.7140227854252
5195.1 673.6703391075134
5195.4 691.860238686204
5195.7 445.8058341741562
5196.0 403.91218753531575
5196.3 285.7005778476596
5196.6 865.9169916287065
5196.9 567.1182181444019
5197.2 659.4649102725089
5197.5 897.5421885848045
5197.8 448.0016401335597
5198.1 573.1680901572108
5198.4 955.0596749484539
5198.7 508.4072916209698
5199.0 570.773835953325
5199.3 350.19718178361654
5199.6 775.3411917239428
5199.9 483.8248403891921
5200.2 457.59763392806053
5200.5 730.3504699803889
5200.8 1002.5471213161945
5201.1 539.2448407709599
5201.4 505.3378333300352
5201.7 198.16426564753056
5202.0 328.49626172333956
5202.3 669.5239928551018
5202.6 391.89845908246934
5202.9 345.05706115067005
5203.2 554.8292623087764
5203.5 322.21452374756336
5203.8 513.2395728304982
5204.1 369.7021954469383
5204.4 170.3871785402298
5204.7 355.3852025568485
5205.0 214.01531665027142
5205.3 403.2090863287449
5205.6 213.2784823095426
5205.9 342.7295008599758
5206.2 337.8308714777231
5206.5 410.43035055696964
5206.8 435.01397823542356
5207.1 394.81450259685516
5207.4 385.30012784153223
5207.7 343.68831008672714
5208.0 525.964490160346
5208.3 585.8682241244242
5208.6 587.1392756104469
5208.9 245.5541019104421
5209.2 278.00520060770214
5209.5 291.7698399014771
5209.8 448.05472019314766
5210.1 476.7188468873501
5210.4 402.08638775348663
5210.7 447.5649078823626
5211.0 507.6900847554207
5211.3 509.84170661866665
5211.6 277.933729827404
5211.9 354.6456007659435
5212.2 607.6122576370835
5212.5 381.5591185949743
5212.8 228.82068995386362
5213.1 589.0369549095631
5213.4 299.5053237825632
5213.7 650.5212724264711
5214.0 371.28632667660713
5214.3 315.220817103982
5214.6 310.9850389920175
5214.9 389.57699006795883
5215.2 233.78765632212162
5215.5 394.9362892601639
5215.8 470.3590568206273
5216.1 317.28577491641045
5216.4 286.41831714869477
5216.7 53.24647584557533
5217.0 625.8283771499991
5217.3 354.91433696448803
5217.6 388.81852080859244
5217.9 324.39794194698334
5218.2 99.4142490979284
5218.5 238.73498059809208
5218.8 479.15143182873726
5219.1 511.66396343521774
5219.4 249.16696237772703
5219.7 471.0939580351114
5220.0 456.2547538205981
5220.3 445.36606777459383
5220.6 404.6547307893634
5220.9 268.59822918474674
5221.2 174.14095523953438
5221.5 348.57284058630466
5221.8 366.87019269168377
5222.1 404.4349074065685
5222.4 457.2749345302582
5222.7 775.2929587103426
5223.0 451.9352941759862
5223.3 268.265909910202
5223.6 164.959044277668
5223.9 172.0215509980917
5224.2 321.6696155592799
5224.5 451.7532679513097
5224.8 203.74727537482977
5225.1 270.4352081315592
5225.4 397.904801832512
5225.7 375.02221466973424
5226.0 263.3259111940861
5226.3 262.3827243214473
5226.6 389.23615427315235
5226.9 401.6044567450881
5227.2 504.0389575511217
5227.5 548.6397575903684
5227.8 177.6687191426754
5228.1 511.0212111324072
5228.4 203.22103369608521
5228.7 302.05071069300175
5229.0 494.54815532267094
5229.3 137.74466750398278
5229.6 391.7331944555044
5229.9 403.11495914682746
5230.2 243.5819334425032
5230.5 370.73181703081354
5230.8 331.14578661322594
5231.1 250.7277543246746
5231.4 541.7285373732448
5231.7 610.1369881033897
5232.0 636.7037401115522
5232.3 334.48708276823163
5232.6 16.185575179755688
5232.9 125.47781029716134
5233.2 394.5858088210225
5233.5 375.0267361998558
5233.8 82.31491842865944
5234.1 339.49114923225716
5234.4 133.7494644317776
5234.7 372.7550797117874
5235.0 340.3588112182915
5235.3 531.9120448827744
5235.6 386.2133326381445
5235.9 319.5440701767802
5236.2 192.85282258689404
5236.5 458.95081866532564
5236.8 416.36771235987544
5237.1 311.0207655034028
5237.4 239.83541072905064
5237.7 439.9395175501704
5238.0 607.8192954212427
5238.3 487.35266914218664
5238.6 632.9283841722645
5238.9 329.2775889709592
5239.2 523.1775606311858
5239.5 546.5927712023258
5239.8 673.6413326188922
5240.1 390.2471937853843
5240.4 397.7567226998508
5240.7 461.4188801776618
5241.0 529.5297374874353
5241.3 676.8338587880135
5241.6 507.8601724207401
5241.9 670.4068247005343
5242.2 543.73877120018
5242.5 525.107766635716
5242.8 400.05275792628527
5243.1 334.8517607189715
5243.4 535.9699749592692
5243.7 435.3088869154453
5244.0 220.54817512445152
5244.3 226.52192624658346
5244.6 370.11279905959964
5244.9 522.8736596293747
5245.2 476.7234117053449
5245.5 333.89578261971474
5245.8 429.2261029779911
5246.1 565.9477123431861
5246.4 450.11539001762867
5246.7 555.6814383864403
5247.0 434.7402709685266
5247.3 510.6006470322609
5247.6 619.8655537962914
5247.9 528.9809962362051
5248.2 445.44392811506987
5248.5 488.198848515749
5248.8 729.9764180518687
5249.1 276.8153690621257
5249.4 356.58757055550814
5249.7 488.28714925050735
5250.0 699.1498797796667
5250.3 437.598244599998
5250.6 527.3874725103378
5250.9 407.74489736557007
5251.2 270.1802652142942
5251.5 580.4062767624855
5251.8 368.15029191970825
5252.1 234.85981588810682
5252.4 479.28494833409786
5252.7 500.58253040909767
5253.0 318.35796213150024
5253.3 253.01350631564856
5253.6 334.96795696765184
5253.9 421.79217053949833
5254.2 354.9054279215634
5254.5 588.3534899374936
5254.8 453.08619403094053
5255.1 402.48570158332586
5255.4 254.26472333073616
5255.7 458.887793648988
5256.0 381.4273576354608
5256.3 290.4947073459625
5256.6 177.5423808582127
5256.9 478.8432304561138
5257.2 590.4818199276924
5257.5 600.4988783597946
5257.8 697.1394565850496
5258.1 583.5973809882998
5258.4 439.78832990676165
5258.7 548.2558283656836
5259.0 703.7789625972509
5259.3 657.4298179745674
5259.6 226.6135590793565
5259.9 542.5467560738325
5260.2 465.12039940804243
5260.5 402.3310170173645
5260.8 464.9323947057128
5261.1 171.91276916861534
5261.4 371.1742788925767
5261.7 563.3047650977969
5262.0 522.7327184826136
5262.3 394.0939003378153
5262.6 382.8973478861153
5262.9 369.604893801501
5263.2 545.3837070167065
5263.5 391.8733894601464
5263.8 561.0087573379278
5264.1 387.30999463796616
5264.4 412.6046663224697
5264.7 452.78786224126816
5265.0 585.4691385030746
5265.3 261.0615004710853
5265.6 112.81045344471931
5265.9 277.4753902507946
5266.2 227.99468647688627
5266.5 347.4523647427559
5266.8 508.2140473537147
5267.1 299.3450144790113
5267.4 480.7310601323843
5267.7 548.8783046901226
5268.0 371.1097263689153
5268.3 410.59844195842743
5268.6 599.9490307122469
5268.9 475.0684213936329
5269.2 503.50182908866554
5269.5 26.660993814468384
5269.8 118.65138563886285
5270.1 248.52616638876498
5270.4 380.96154179796576
5270.7 534.2238962892443
5271.0 503.7610161677003
5271.3 749.8148713409901
5271.6 581.8345920443535
5271.9 365.8986829891801
5272.2 665.570696786046
5272.5 403.2047001719475
5272.8 498.47245965898037
5273.1 751.4766271710396
5273.4 563.5649823993444
5273.7 193.84907627105713
5274.0 426.8507236689329
5274.3 505.1545921266079
5274.6 701.2925709784031
5274.9 616.0133687108755
5275.2 368.48223431408405
5275.5 295.14445442706347
5275.8 453.35525591671467
5276.1 352.76168359816074
5276.4 549.3048758730292
5276.7 656.2734470744617
5277.0 593.317379757762
5277.3 434.2997332550585
5277.6 532.3571546673775
5277.9 339.309280488058
5278.2 546.7568075433373
5278.5 441.7990228161216
5278.8 89.233651638031
5279.1 244.77602721750736
5279.4 450.27164023555815
5279.7 368.9406538940966
5280.0 570.4339277818799
5280.3 411.6344510912895
5280.6 271.0380488485098
5280.9 703.9836991727352
5281.2 602.3080593664199
5281.5 338.0847320854664
5281.8 673.9594143480062
5282.1 652.3518531098962
5282.4 574.3298159837723
5282.7 388.4144482910633
5283.0 556.5377119928598
5283.3 391.67071084678173
5283.6 461.5169809930958
5283.9 137.53973694890738
5284.2 218.22973681805888
5284.5 652.7583976984024
5284.8 441.5866038277745
5285.1 429.7667098455131
5285.4 620.5635321736336
5285.7 405.3104542642832
5286.0 560.1938211098313
5286.3 476.8604937149212
5286.6 315.44382575154305
5286.9 710.8596606198698
5287.2 353.2929716501385
5287.5 316.8815630748868
5287.8 496.3102037757635
5288.1 333.64815314207226
5288.4 299.6228212080896
5288.7 674.0655393004417
5289.0 342.6374391785357
5289.3 425.162495136261
5289.6 185.06095850281417
5289.9 429.7669441625476
5290.2 366.27827932685614
5290.5 442.1916903555393
5290.8 273.8949492685497
5291.1 470.5643449872732
5291.4 593.3406224106438
5291.7 199.42245156876743
5292.0 367.7633997052908
5292.3 507.013426437974
5292.6 372.8992600515485
5292.9 416.1467624232173
5293.2 676.0379266217351
5293.5 521.1848079208285
5293.8 350.32066061347723
5294.1 371.97863072156906
5294.4 706.8243111381307
5294.7 724.4553227573633
5295.0 332.53181295096874
5295.3 601.8534056376666
5295.6 635.1582563370466
5295.9 498.1405348777771
5296.2 321.9506966173649
5296.5 143.9895700570196
5296.8 474.5135750621557
5297.1 417.49671959877014
5297.4 278.3268446177244
5297.7 562.6193338632584
5298.0 633.4358264273033
5298.3 430.98609694838524
5298.6 411.77340053766966
5298.9 332.68501963373274
5299.2 597.6592934727669
5299.5 573.6037300601602
5299.8 458.2444944055751
5300.1 759.8560602436773
5300.4 636.8197614699602
5300.7 424.91643887385726
5301.0 611.2653034701943
5301.3 608.9086840003729
5301.6 639.2385928332806
5301.9 432.3820968642831
5302.2 395.3338674902916
5302.5 641.499040146824
5302.8 294.7856487631798
5303.1 469.5082057453692
5303.4 282.1259156130254
5303.7 475.88038348034024
5304.0 462.0195560157299
5304.3 524.6767964046448
5304.6 423.9924471974373
5304.9 357.69004444405437
5305.2 490.1535229533911
5305.5 148.7016067430377
5305.8 251.47561521828175
5306.1 326.98347899504006
5306.4 392.54065941809677
5306.7 333.4986463151872
5307.0 487.2044176720083
5307.3 542.9301517340355
5307.6 472.7863910794258
5307.9 241.0715011060238
5308.2 445.4679149053991
5308.5 467.5143753066659
5308.8 713.0050455033779
5309.1 117.28937958180904
5309.4 501.37962202727795
5309.7 346.8941727876663
5310.0 326.57225824147463
5310.3 343.7348429375561
5310.6 414.92827022075653
5310.9 237.36565808206797
5311.2 286.4032460004091
5311.5 687.86888936162
5311.8 245.25524550676346
5312.1 561.6956250108778
5312.4 873.367058545351
5312.7 383.17920258641243
5313.0 171.67929864948383
5313.3 581.3357867598534
5313.6 133.8007617490366
5313.9 303.00518702715635
5314.2 225.18367712944746
5314.5 311.128750666976
5314.8 367.73333417624235
5315.1 148.67309981957078
5315.4 -31.454681744799018
5315.7 66.71536888182163
5316.0 222.19588937610388
5316.3 704.2989735007286
5316.6 -64.69521170854568
5316.9 -3.338850576430559
5317.2 397.31413879198954
5317.5 193.6796885356307
5317.8 341.44517274945974
5318.1 567.6064968705177
5318.4 446.31717063486576
5318.7 680.3171635717154
5319.0 292.1320464015007
5319.3 549.1853009015322
5319.6 132.37911738082767
5319.9 282.6369594335556
5320.2 544.2902504354715
5320.5 295.1502751111984
5320.8 70.50067789852619
5321.1 363.286794424057
5321.4 429.5216028690338
5321.7 -143.38330549001694
5322.0 58.016756892204285
5322.3 -109.6905135512352
5322.6 -87.32300662994385
5322.9 64.99456602334976
5323.2 74.43354082107544
5323.5 30.482186913490295
5323.8 -16.276775360107422
5324.1 0.0
5324.4 0.0
5324.7 0.0
5325.0 0.0
5325.3 0.0
5325.6 0.0
5325.9 0.0
5326.2 0.0
5326.5 0.0
5326.8 0.0
5327.1 0.0
5327.4 0.0
5327.7 0.0
5328.0 0.0
5328.3 0.0
5328.6 0.0
5328.9 0.0
5329.2 0.0
5329.5 0.0
5329.8 0.0
