6165.0 0.0
6165.3 0.0
6165.6 0.0
6165.9 0.0
6166.2 0.0
6166.5 0.0
6166.8 0.0
6167.1 0.0
6167.4 0.0
6167.7 0.0
6168.0 0.0
6168.3 0.0
6168.6 0.0
6168.9 0.0
6169.2 0.0
6169.5 0.0
6169.8 0.0
6170.1 0.0
6170.4 0.0
6170.7 0.0
6171.0 0.0
6171.3 0.0
6171.6 0.0
6171.9 0.0
6172.2 0.0
6172.5 0.0
6172.8 0.0
6173.1 0.0
6173.4 0.0
6173.7 0.0
6174.0 0.0
6174.3 0.0
6174.6 0.0
6174.9 0.0
6175.2 0.0
6175.5 0.0
6175.8 0.0
6176.1 0.0
6176.4 0.0
6176.7 0.0
6177.0 0.0
6177.3 0.0
6177.6 0.0
6177.9 0.0
6178.2 0.0
6178.5 0.0
6178.8 0.0
6179.1 0.0
6179.4 0.0
6179.7 0.0
6180.0 0.0
6180.3 0.0
6180.6 0.0
6180.9 0.0
6181.2 0.0
6181.5 0.0
6181.8 0.0
6182.1 14.740353345870972
6182.4 -132.12082934379578
6182.7 56.70094394683838
6183.0 70.2641191482544
6183.3 136.80158057808876
6183.6 38.33372402191162
6183.9 449.6521818637848
6184.2 48.48986477777362
6184.5 390.00606632232666
6184.8 41.05646848678589
6185.1 37.87659239768982
6185.4 230.06635120511055
6185.7 240.52477076649666
6186.0 271.095494389534
6186.3 165.98383140563965
6186.6 800.1168673038483
6186.9 625.5715172737837
6187.2 562.7038302859291
6187.5 204.28231761883944
6187.8 518.0926883220673
6188.1 342.8851228952408
6188.4 698.0654116868973
6188.7 601.0477015078068
6189.0 634.7959198057652
6189.3 639.6990544945002
6189.6 1142.1894060969353
6189.9 1128.2271639704704
6190.2 462.43213883042336
6190.5 64.89373615011573
6190.8 672.8413582965732
6191.1 715.1450054049492
6191.4 452.47192291915417
6191.7 650.4177843593061
6192.0 559.8787326663733
6192.3 857.2684558033943
6192.6 658.5983395949006
6192.9 965.2090070992708
6193.2 758.9061007797718
6193.5 547.09321808815
6193.8 304.9248567856848
6194.1 859.8421498835087
6194.4 935.9514689818025
6194.7 749.1944799125195
6195.0 1046.2558179497719
6195.3 530.6145559251308
6195.6 293.84337361715734
6195.9 782.0118496436626
6196.2 707.7011512592435
6196.5 613.9379437938333
6196.8 578.9727500379086
6197.1 524.7296422421932
6197.4 599.7632321715355
6197.7 551.5722113847733
6198.0 799.4986227154732
6198.3 617.8962273448706
6198.6 1002.3285967931151
6198.9 1089.8569133132696
6199.2 748.4830083101988
6199.5 509.19419449567795
6199.8 591.1513009145856
6200.1 824.2019554078579
6200.4 586.9927778989077
6200.7 610.580536024645
6201.0 476.12467907369137
6201.3 544.0959471613169
6201.6 676.7796882912517
6201.9 556.7930046319962
6202.2 341.45589365437627
6202.5 929.7695914134383
6202.8 769.7523254081607
6203.1 538.3114861249924
6203.4 690.1506731286645
6203.7 524.278201520443
6204.0 328.70420122519135
6204.3 365.24729999899864
6204.6 378.7099235653877
6204.9 638.4102942198515
6205.2 865.9859302639961
6205.5 924.7095599323511
6205.8 865.6653863787651
6206.1 883.9191953539848
6206.4 488.82279302179813
6206.7 725.5948946997523
6207.0 748.8185429275036
6207.3 561.5167355835438
6207.6 451.65604324638844
6207.9 913.4301895201206
6208.2 405.76110166311264
6208.5 410.79828080604784
6208.8 535.5616662353277
6209.1 621.8618140667677
6209.4 556.4420374631882
6209.7 754.074504762888
6210.0 600.8084893142805
6210.3 893.1085432078689
6210.6 280.3503247797489
6210.9 455.37074802815914
6211.2 196.5613274872303
6211.5 377.83663257956505
6211.8 666.1148804724216
6212.1 870.8943763226271
6212.4 826.0561506040394
6212.7 495.5625314079225
6213.0 323.506909891963
6213.3 668.1488085985184
6213.6 624.9980654418468
6213.9 680.7238586246967
6214.2 153.51095820963383
6214.5 115.7512823343277
6214.8 491.8295804336667
6215.1 658.5628407299519
6215.4 303.30065041035414
6215.7 535.9329214841127
6216.0 913.7436139583588
6216.3 501.1752096712589
6216.6 327.8044004663825
6216.9 154.16297808289528
6217.2 707.8753798305988
6217.5 -5.350996047258377
6217.8 649.2269726367667
6218.1 557.8226402997971
6218.4 588.5280434787273
6218.7 467.2715789526701
6219.0 493.5569677948952
6219.3 351.9324643909931
6219.6 446.9609314799309
6219.9 412.08781619090587
6220.2 805.0674521923065
6220.5 810.9267117679119
6220.8 833.9315044656396
6221.1 933.6614578664303
6221.4 1076.9627057015896
6221.7 759.1264149546623
6222.0 379.85685581713915
6222.3 472.63108786195517
6222.6 531.1252268366516
6222.9 344.834626480937
6223.2 553.5241928063333
6223.5 1007.7710424363613
6223.8 822.8985192142427
6224.1 427.15195938944817
6224.4 759.0099049881101
6224.7 323.17772813141346
6225.0 582.9603723287582
6225.3 587.7864279299974
6225.6 211.79773116111755
6225.9 504.24020597338676
6226.2 680.4626421704888
6226.5 585.8878149988304
6226.8 375.60737657546997
6227.1 283.63838447630405
6227.4 501.77575596421957
6227.7 821.63669231534
6228.0 713.6956985779107
6228.3 407.94502994418144
6228.6 602.2971318177879
6228.9 888.5152016952634
6229.2 569.9141010046005
6229.5 690.4462180435658
6229.8 632.0170714706182
6230.1 224.07361334562302
6230.4 339.63343608379364
6230.7 340.15501358546317
6231.0 553.8643516302109
6231.3 683.2116798758507
6231.6 514.6948797479272
6231.9 -93.06042208522558
6232.2 653.1559365019202
6232.5 604.6564085185528
6232.8 667.5606024116278
6233.1 558.340744227171
6233.4 966.4030008707196
6233.7 946.2879044786096
6234.0 805.3409130424261
6234.3 642.0574669614434
6234.6 692.0781463310122
6234.9 1309.159856081009
6235.2 669.8984616398811
6235.5 823.2717978954315
6235.8 1026.501931220293
6236.1 1066.8760388195515
6236.4 776.5581113398075
6236.7 855.930192835629
6237.0 631.9869741201401
6237.3 508.44901794195175
6237.6 -80.84336283802986
6237.9 434.2072120718658
6238.2 592.3165701925755
6238.5 298.82063540816307
6238.8 301.4033866971731
6239.1 494.6228170990944
6239.4 474.1184815764427
6239.7 604.9848634600639
6240.0 655.7246097698808
6240.3 162.70862478017807
6240.6 647.2830385863781
6240.9 653.5239867120981
6241.2 696.6741755604744
6241.5 524.3103790711612
6241.8 110.59262388944626
6242.1 572.0291929394007
6242.4 895.2794807851315
6242.7 507.2589892446995
6243.0 570.7477152645588
6243.3 548.02924349159
6243.6 584.5134916696697
6243.9 451.122919280082
6244.2 583.5465642334893
6244.5 495.79970403015614
6244.8 149.70942659676075
6245.1 547.0525490045547
6245.4 363.24344895780087
6245.7 626.8523445129395
6246.0 557.5803914293647
6246.3 718.1516779959202
6246.6 534.2721836566925
6246.9 433.3459750004113
6247.2 181.1419162079692
6247.5 299.88906260207295
6247.8 693.010965064168
6248.1 507.9376132346224
6248.4 558.022697687149
6248.7 407.84994554519653
6249.0 441.11744982004166
6249.3 403.53401044011116
6249.6 543.2165621891618
6249.9 280.2831896841526
6250.2 536.6892759390175
6250.5 327.8892016559839
6250.8 436.330675303936
6251.1 469.5836660787463
6251.4 451.8747346550226
6251.7 291.4616413637996
6252.0 107.99596492946148
6252.3 495.32555052638054
6252.6 454.61503710597754
6252.9 355.8649017624557
6253.2 453.57356156315655
6253.5 434.6657790914178
6253.8 762.2642403766513
6254.1 764.2538506984711
6254.4 207.18081477284431
6254.7 816.9456948935986
6255.0 929.7828028202057
6255.3 580.0871887803078
6255.6 805.764413267374
6255.9 509.49442298710346
6256.2 233.70857912302017
6256.5 984.6519453190267
6256.8 988.6689928472042
6257.1 531.9758279919624
6257.4 1146.2361026406288
6257.7 1219.1515508592129
6258.0 860.5598973110318
6258.3 1066.1508215367794
6258.6 1089.514640495181
6258.9 977.029325157404
6259.2 818.1766066402197
6259.5 631.8541171327233
6259.8 363.7576751410961
6260.1 379.9011293966323
6260.4 548.6932676211
6260.7 368.58998753875494
6261.0 337.6306527853012
6261.3 280.56305311620235
6261.6 839.9706815890968
6261.9 753.9847589582205
6262.2 605.0402918159962
6262.5 655.424558609724
6262.8 482.3813020735979
6263.1 780.5182117372751
6263.4 600.8625300824642
6263.7 389.1981893070042
6264.0 570.0637679174542
6264.3 686.9029849767685
6264.6 515.6268560336903
6264.9 939.0624107420444
6265.2 795.8478270769119
6265.5 709.3199120312929
6265.8 962.014536216855
6266.1 593.6035820394754
6266.4 305.3000519424677
6266.7 85.15227711200714
6267.0 261.3146637119353
6267.3 612.2641671821475
6267.6 473.3294889032841
6267.9 667.929033676628
6268.2 420.3456598520279
6268.5 580.495354115963
6268.8 734.6776790395379
6269.1 418.8564578173682
6269.4 304.159526091069
6269.7 523.1257492676377
6270.0 826.2249770499766
6270.3 304.67538226023316
6270.6 265.71651917696
6270.9 261.38114240020514
6271.2 295.23099130392075
6271.5 420.0981513261795
6271.8 433.0452770292759
6272.1 665.333673119545
6272.4 254.1600969042629
6272.7 412.7630110234022
6273.0 223.07683206207003
6273.3 85.61735390126705
6273.6 374.6922645829618
6273.9 348.08635637909174
6274.2 343.6158045932243
6274.5 540.1759080812335
6274.8 320.85166004672647
6275.1 401.9124991632998
6275.4 702.481914177537
6275.7 949.6530960798264
6276.0 632.0542053580284
6276.3 399.8779803114012
6276.6 189.28860663995147
6276.9 590.7388634681702
6277.2 416.9581484571099
6277.5 270.2398828919977
6277.8 437.29902197420597
6278.1 137.656241344288
6278.4 347.45178523659706
6278.7 127.81317773461342
6279.0 522.762390255928
6279.3 640.0782724618912
6279.6 413.61992159485817
6279.9 255.05509832501411
6280.2 535.9338626861572
6280.5 583.5267257243395
6280.8 504.44386741518974
6281.1 533.9617276913486
6281.4 350.76103261113167
6281.7 -49.638318344950676
6282.0 520.0909047368914
6282.3 501.1875910619274
6282.6 312.365080781281
6282.9 210.5705643198453
6283.2 450.0951118255034
6283.5 318.83838303387165
6283.8 629.8486968791112
6284.1 648.6979590952396
6284.4 153.67832902818918
6284.7 124.07864527590573
6285.0 188.89194038510323
6285.3 467.34327921271324
6285.6 257.9152801036835
6285.9 522.6502943634987
6286.2 594.1982254572213
6286.5 944.6664097309113
6286.8 974.4934715628624
6287.1 958.2603296283633
6287.4 760.9570806920528
6287.7 366.0846369564533
6288.0 607.4911663383245
6288.3 441.0794135518372
6288.6 597.4594333618879
6288.9 330.2955702506006
6289.2 536.9659878313541
6289.5 522.9313252568245
6289.8 524.5438247416168
6290.1 398.77546213567257
6290.4 139.64967639744282
6290.7 22.66419057548046
6291.0 109.28530548512936
6291.3 531.5315000116825
6291.6 729.830736964941
6291.9 473.751629720442
6292.2 698.6899346113205
6292.5 664.71141949296
6292.8 222.59913542866707
6293.1 343.1883872579783
6293.4 270.9438295736909
6293.7 451.4163281917572
6294.0 614.4391006603837
6294.3 291.19036415219307
6294.6 195.3483933713287
6294.9 416.3129124492407
6295.2 534.966352192685
6295.5 310.26241290569305
6295.8 550.8225349187851
6296.1 861.7452390789986
6296.4 410.38601979613304
6296.7 76.95524336397648
6297.0 280.76229156553745
6297.3 727.0874782055616
6297.6 618.4975109398365
6297.9 235.6570224761963
6298.2 683.2514563798904
6298.5 41.95157033205032
6298.8 2804.3551231622696
6299.1 6568.087463855743
6299.4 2306.836477637291
6299.7 7551.652016162872
6300.0 14421.62386894226
6300.3 7122.5465488135815
6300.6 2528.972648501396
6300.9 4409.7872215509415
6301.2 1423.1483495682478
6301.5 506.3170995116234
6301.8 564.2811273881234
6302.1 467.32540567964315
6302.4 312.2869741022587
6302.7 542.6872117966413
6303.0 358.6537655815482
6303.3 446.60354661755264
6303.6 414.62570881843567
6303.9 412.8568382486701
6304.2 327.6074862778187
6304.5 930.3953277468681
6304.8 999.5977379083633
6305.1 907.0624760091305
6305.4 734.4300767891109
6305.7 860.5133496895432
6306.0 483.01512301154435
6306.3 965.591221600771
6306.6 1178.6177339106798
6306.9 622.0226119458675
6307.2 286.65470710396767
6307.5 469.7752121090889
6307.8 337.35614087432623
6308.1 104.06129444949329
6308.4 409.1798101067543
6308.7 277.0083820782602
6309.0 256.8964451700449
6309.3 404.520900066942
6309.6 557.3366806237027
6309.9 440.58111689798534
6310.2 499.6883138269186
6310.5 -44.80806381255388
6310.8 119.01803500950336
6311.1 485.2578939497471
6311.4 542.6128970424179
6311.7 562.3530148267746
6312.0 485.9216976403259
6312.3 148.02108098566532
6312.6 470.6182674691081
6312.9 539.7953944131732
6313.2 316.5541307926178
6313.5 275.28322852775455
6313.8 571.4984941780567
6314.1 285.3963421732187
6314.4 295.035109937191
6314.7 357.22955307061784
6315.0 47.18564113974571
6315.3 226.93875968456268
6315.6 449.1417451649904
6315.9 808.3407433331013
6316.2 443.3830116093159
6316.5 -35.637186132371426
6316.8 358.404123224318
6317.1 605.3149398863316
6317.4 505.78263709694147
6317.7 681.5605004578829
6318.0 502.7137564048171
6318.3 478.8302846280858
6318.6 584.1276803351939
6318.9 391.02234030142426
6319.2 366.76103581674397
6319.5 367.8562528694456
6319.8 677.2094855979085
6320.1 525.6498671099544
6320.4 506.00553357601166
6320.7 291.8863244354725
6321.0 418.27147153392434
6321.3 686.9299484491348
6321.6 745.9083442762494
6321.9 333.767901070416
6322.2 103.74770467728376
6322.5 318.9702260834165
6322.8 197.76158973574638
6323.1 198.1728459596634
6323.4 471.07423132658005
6323.7 512.8243236253038
6324.0 206.34107732772827
6324.3 482.9033563584089
6324.6 351.0963433049619
6324.9 241.63554552942514
6325.2 109.88989701867104
6325.5 515.5990374423563
6325.8 623.6685026586056
6326.1 325.0960167013109
6326.4 704.5052521042526
6326.7 149.66842971742153
6327.0 440.68997809290886
6327.3 733.4000194109976
6327.6 19.795808540657163
6327.9 629.166171580553
6328.2 290.8542882800102
6328.5 511.40934993326664
6328.8 823.6842333562672
6329.1 548.0834904611111
6329.4 1322.3304027915
6329.7 977.5457719787955
6330.0 649.4455110728741
6330.3 449.76418939232826
6330.6 607.1602436304092
6330.9 697.9231578707695
6331.2 265.40547704696655
6331.5 397.6833792254329
6331.8 394.1330496966839
6332.1 337.150038741529
6332.4 137.16622396931052
6332.7 322.30728262476623
6333.0 444.6836141496897
6333.3 196.51045336574316
6333.6 510.2692889366299
6333.9 325.69108609482646
6334.2 317.57491832226515
6334.5 396.075876057148
6334.8 585.0413618683815
6335.1 575.7548495829105
6335.4 225.5887250006199
6335.7 391.8045412003994
6336.0 250.37642788887024
6336.3 551.0852121636271
6336.6 404.34822679683566
6336.9 397.04604007303715
6337.2 236.2766357548535
6337.5 182.70129228383303
6337.8 443.73576300032437
6338.1 542.2031209170818
6338.4 555.8933625556529
6338.7 174.5635821633041
6339.0 299.97590248286724
6339.3 308.12104696035385
6339.6 209.86688381433487
6339.9 373.0555783249438
6340.2 357.8716233409941
6340.5 376.9426500983536
6340.8 208.6097009703517
6341.1 39.031351178884506
6341.4 35.60334202647209
6341.7 579.9732983708382
6342.0 323.22325214743614
6342.3 144.18011251837015
6342.6 337.30011731386185
6342.9 246.96314115822315
6343.2 148.55665320158005
6343.5 348.7444992810488
6343.8 418.6889074742794
6344.1 364.068236079067
6344.4 185.34895608201623
6344.7 410.29481207206845
6345.0 431.6410536468029
6345.3 522.0528209805489
6345.6 255.46529994904995
6345.9 241.9411226613447
6346.2 678.3748349770904
6346.5 555.2398346662521
6346.8 338.932690680027
6347.1 287.7199063450098
6347.4 196.9802540242672
6347.7 241.6170355696231
6348.0 295.88476801430807
6348.3 545.281449874863
6348.6 359.49970914423466
6348.9 125.93685434758663
6349.2 456.0196141176857
6349.5 533.8487382903695
6349.8 253.71315797232091
6350.1 446.73228980600834
6350.4 409.66438603401184
6350.7 474.3714168667793
6351.0 333.7630645558238
6351.3 163.52494582533836
6351.6 146.93010035157204
6351.9 404.62931717932224
6352.2 574.7047062367201
6352.5 388.4024589508772
6352.8 448.5661402400583
6353.1 226.1304733455181
6353.4 339.6552753672004
6353.7 290.4973437823355
6354.0 343.6692768614739
6354.3 263.0225160121918
6354.6 271.9073767885566
6354.9 330.2139377743006
6355.2 499.31717669963837
6355.5 482.37552985548973
6355.8 823.7878735363483
6356.1 674.1989298909903
6356.4 894.3688522875309
6356.7 590.4091198444366
6357.0 874.0966325327754
6357.3 693.4305836781859
6357.6 516.3354613576084
6357.9 535.9774022996426
6358.2 423.2691299058497
6358.5 430.96291829645634
6358.8 606.5890438854694
6359.1 397.15836250782013
6359.4 495.27412996441126
6359.7 234.2139981687069
6360.0 36.89761312305927
6360.3 72.06370258331299
6360.6 319.64694251678884
6360.9 41.23389571905136
6361.2 -13.25780325382948
6361.5 361.58071807026863
6361.8 819.8746056556702
6362.1 663.2154105566442
6362.4 1828.5370347239077
6362.7 2025.292796909809
6363.0 1513.5980536937714
6363.3 3578.9725564196706
6363.6 2665.777647614479
6363.9 644.0086391121149
6364.2 1179.8361507952213
6364.5 1107.0840601325035
6364.8 466.8977863639593
6365.1 324.1377628520131
6365.4 41.2408581674099
6365.7 551.5476628015749
6366.0 589.7923421263695
6366.3 180.65931916609406
6366.6 441.49325339496136
6366.9 426.07784870266914
6367.2 310.68734407424927
6367.5 261.0918685570359
6367.8 320.2991833873093
6368.1 270.17055690288544
6368.4 167.08853671699762
6368.7 192.38227607309818
6369.0 543.4339714795351
6369.3 237.86166287213564
6369.6 193.96246465854347
6369.9 278.4960268139839
6370.2 300.885872349143
6370.5 426.7222163975239
6370.8 443.84924498945475
6371.1 449.45629091653973
6371.4 98.94901255518198
6371.7 -44.403343480080366
6372.0 587.4208374023438
6372.3 789.6165970489383
6372.6 413.4278042167425
6372.9 496.26075272262096
6373.2 494.8743080794811
6373.5 6.0848964508622885
6373.8 263.17081170063466
6374.1 491.8967068493366
6374.4 749.2966428101063
6374.7 340.1713554263115
6375.0 385.3331916630268
6375.3 209.78450295329094
6375.6 518.9630880355835
6375.9 348.2856797305867
6376.2 331.37080980092287
6376.5 260.53973565716296
6376.8 319.24269181489944
6377.1 338.50559351593256
6377.4 314.7100088894367
6377.7 368.38143538311124
6378.0 418.126236975193
6378.3 479.61763529479504
6378.6 487.97580502927303
6378.9 392.31645599007607
6379.2 353.8962620161474
6379.5 -101.29117569327354
6379.8 352.22495924681425
6380.1 344.56712804734707
6380.4 286.88994896411896
6380.7 244.72760954499245
6381.0 339.07053143903613
6381.3 455.0867189466953
6381.6 254.29284813255072
6381.9 -17.511908292770386
6382.2 385.247926261276
6382.5 370.83735951781273
6382.8 180.0664264820516
6383.1 640.6934209167957
6383.4 374.0605096369982
6383.7 429.66270543448627
6384.0 227.2719508484006
6384.3 -72.52087779715657
6384.6 -65.68167538940907
6384.9 58.42430650442839
6385.2 228.29985673725605
6385.5 136.5994271300733
6385.8 504.6781966164708
6386.1 197.30971666850382
6386.4 385.17400347534567
6386.7 264.06019046902657
6387.0 -38.57558267377317
6387.3 531.2454866170883
6387.6 321.91262680571526
6387.9 150.51982476748526
6388.2 277.68428736925125
6388.5 252.08180244080722
6388.8 305.7889798451215
6389.1 293.9923878463451
6389.4 613.4410897940397
6389.7 232.57149315695278
6390.0 263.18083803355694
6390.3 477.23614370822906
6390.6 353.601733841002
6390.9 616.4039553031325
6391.2 376.91362169384956
6391.5 319.07284051179886
6391.8 596.7940581440926
6392.1 449.57025671750307
6392.4 514.6013122946024
6392.7 422.1788906753063
6393.0 166.9226669073105
6393.3 484.36457273364067
6393.6 492.52809573709965
6393.9 208.5849733352661
6394.2 278.4211350232363
6394.5 95.45372380316257
6394.8 208.13149749394506
6395.1 442.10337987577077
6395.4 328.42415222525597
6395.7 413.5870200356585
6396.0 289.4503298550844
6396.3 168.92717046290636
6396.6 308.82340213656425
6396.9 -17.464022040367126
6397.2 372.4024303779006
6397.5 371.1743053048849
6397.8 99.2515778997913
6398.1 210.21907292306423
6398.4 653.684035718441
6398.7 234.781158298254
6399.0 268.2178791463375
6399.3 456.4537798278034
6399.6 360.12667667865753
6399.9 -48.287333086133
6400.2 125.99098075926304
6400.5 -32.55366187542677
6400.8 53.275248147547245
6401.1 229.0794653892517
6401.4 83.66885659471154
6401.7 177.44818237423897
6402.0 73.97730692103505
6402.3 233.8074402809143
6402.6 292.0392136462033
6402.9 581.7150925956666
6403.2 290.5515442714095
6403.5 391.55774600664154
6403.8 186.87102967500687
6404.1 147.45826680213213
6404.4 321.1191797107458
6404.7 127.16852494329214
6405.0 419.4722737967968
6405.3 322.7074290290475
6405.6 164.9236321891658
6405.9 343.36397202312946
6406.2 406.7048799805343
6406.5 172.0855561196804
6406.8 283.595356721431
6407.1 239.1544410251081
6407.4 381.03300416469574
6407.7 265.21152134239674
6408.0 -38.62274758517742
6408.3 137.6196311675012
6408.6 405.62924308585934
6408.9 160.1534731015563
6409.2 237.52517817169428
6409.5 316.7921387627721
6409.8 227.83356606960297
6410.1 33.05367507785559
6410.4 -40.18474544584751
6410.7 140.42972239851952
6411.0 196.3230913132429
6411.3 273.053539019078
6411.6 106.99626407027245
6411.9 260.7462037205696
6412.2 97.00596536695957
6412.5 169.00956971943378
6412.8 471.6217588149011
6413.1 383.47821546249907
6413.4 317.6066588461399
6413.7 139.9195771291852
6414.0 -124.48944713175297
6414.3 411.9722776710987
6414.6 294.42067150678486
6414.9 318.2566799670458
6415.2 91.92960718087852
6415.5 36.75371754169464
6415.8 302.11520513892174
6416.1 384.50644513964653
6416.4 359.56179274618626
6416.7 206.03893038630486
6417.0 -1.351965319365263
6417.3 175.1765480041504
6417.6 267.14053815975785
6417.9 -171.79265949130058
6418.2 178.74129599146545
6418.5 308.1681894659996
6418.8 638.671657204628
6419.1 469.38840152323246
6419.4 188.30707135982811
6419.7 179.31563761085272
6420.0 235.91201017051935
6420.3 193.67137682286557
6420.6 285.6186660081148
6420.9 330.52155876904726
6421.2 192.9062054939568
6421.5 449.3202084302902
6421.8 240.82213374972343
6422.1 356.33749928325415
6422.4 423.6406997218728
6422.7 173.70164139196277
6423.0 296.74810499767773
6423.3 97.25131114572287
6423.6 224.6773273050785
6423.9 607.8878572285175
6424.2 539.7667930480093
6424.5 469.77310130000114
6424.8 55.87011216580868
6425.1 210.06230890750885
6425.4 -181.34798076748848
6425.7 -66.52775996923447
6426.0 -176.11009776592255
6426.3 296.55374659597874
6426.6 133.8189844377339
6426.9 576.0446536168456
6427.2 767.7031425833702
6427.5 60.33822613954544
6427.8 303.77623400837183
6428.1 302.6239294502884
6428.4 186.5426032692194
6428.7 381.81208188831806
6429.0 469.1612894013524
6429.3 105.5850350856781
6429.6 289.93854507803917
6429.9 400.03382763266563
6430.2 243.53627192601562
6430.5 136.15151292737573
6430.8 125.47587288543582
6431.1 101.30031856521964
6431.4 316.0189647078514
6431.7 331.4912388846278
6432.0 38.140727361664176
6432.3 257.06169037520885
6432.6 155.28817389905453
6432.9 126.78773134946823
6433.2 516.5460103824735
6433.5 541.4279191493988
6433.8 100.6905495673418
6434.1 231.68862787634134
6434.4 271.22080601751804
6434.7 59.46127038449049
6435.0 20.397974282503128
6435.3 294.0190450102091
6435.6 372.9039382338524
6435.9 253.17210829257965
6436.2 141.23621002584696
6436.5 141.74556079134345
6436.8 333.93621787428856
6437.1 259.7582774832845
6437.4 143.2992209047079
6437.7 260.8733458146453
6438.0 81.13737390586175
6438.3 -74.17523597553372
6438.6 248.25000807642937
6438.9 173.9324368238449
6439.2 -84.65592551231384
6439.5 209.6473165396601
6439.8 400.40911892522126
6440.1 324.8506419509649
6440.4 323.75983983278275
6440.7 305.26335640251637
6441.0 115.92227586172521
6441.3 -96.93654716014862
6441.6 169.32686826586723
6441.9 159.81487438082695
6442.2 174.913589656353
6442.5 -11.388786390423775
6442.8 71.06063495576382
6443.1 -93.91734835505486
6443.4 32.51398213766515
6443.7 -52.65946286916733
6444.0 209.680475756526
6444.3 132.26633287221193
6444.6 79.92065170407295
6444.9 3.696469724178314
6445.2 279.01258481573313
6445.5 299.23505571484566
6445.8 179.3744340762496
6446.1 534.8839444323676
6446.4 193.27559918165207
6446.7 620.2730891406536
6447.0 482.1792404651642
6447.3 114.21372121572495
6447.6 -56.8344617113471
6447.9 146.39524656906724
6448.2 214.80605015158653
6448.5 406.1440914198756
6448.8 426.3852883428335
6449.1 449.401437073946
6449.4 403.8994819968939
6449.7 84.95660234242678
6450.0 429.8318309187889
6450.3 293.08719596266747
6450.6 192.3465773910284
6450.9 -135.99474363587797
6451.2 -82.64854816067964
6451.5 34.13808720558882
6451.8 248.52989326417446
6452.1 167.34102699905634
6452.4 -23.502340231090784
6452.7 477.26771349832416
6453.0 173.57816906832159
6453.3 313.30600084364414
6453.6 310.6377604268491
6453.9 241.22323284298182
6454.2 146.87198974005878
6454.5 359.1230398193002
6454.8 426.45391888171434
6455.1 232.8841943424195
6455.4 141.73043501377106
6455.7 122.16595780104399
6456.0 363.1543938294053
6456.3 390.3063173741102
6456.6 185.19680592417717
6456.9 127.20370201766491
6457.2 233.1988099962473
6457.5 175.42324705794454
6457.8 295.7482516951859
6458.1 104.175578804221
6458.4 328.6627728044987
6458.7 240.16795551404357
6459.0 344.217691719532
6459.3 447.2986623495817
6459.6 176.68155954778194
6459.9 135.26403237879276
6460.2 475.8135341722518
6460.5 439.91141820698977
6460.8 305.99188835173845
6461.1 142.979434074834
6461.4 -117.38904068619013
6461.7 99.11714342236519
6462.0 136.21805919706821
6462.3 66.19145537377335
6462.6 211.19707390666008
6462.9 565.8422890603542
6463.2 188.43657404184341
6463.5 351.4418078958988
6463.8 197.6327492427081
6464.1 126.96357872337103
6464.4 57.09925955533981
6464.7 -95.25503346323967
6465.0 135.65732312202454
6465.3 428.2609392404556
6465.6 692.7387019693851
6465.9 69.40600275993347
6466.2 39.38313390314579
6466.5 294.4974909387529
6466.8 334.4685824327171
6467.1 261.93628961313516
6467.4 -77.63340865075588
6467.7 197.56500999629498
6468.0 183.3468541353941
6468.3 83.96591963991523
6468.6 -44.1808793656528
6468.9 144.81407504156232
6469.2 -430.9346168898046
6469.5 98.12280350923538
6469.8 94.94460935890675
6470.1 -136.39893763838336
6470.4 7.057224017800763
6470.7 -8.317570075392723
6471.0 -248.86636863648891
6471.3 -162.58477219939232
6471.6 178.11137022916228
6471.9 107.26295912545174
6472.2 16.67331854160875
6472.5 82.1310087069869
6472.8 75.26978510990739
6473.1 171.70589488372207
6473.4 2.6843281923793256
6473.7 -142.89500665664673
6474.0 8.863448878750205
6474.3 -117.98918875306845
6474.6 30.178723961114883
6474.9 566.9114692024887
6475.2 246.43375377729535
6475.5 123.85108691360801
6475.8 219.84431105852127
6476.1 260.16689363121986
6476.4 -67.7464697919786
6476.7 184.31797448545694
6477.0 106.87238225340843
6477.3 240.48081988841295
6477.6 529.9956801235676
6477.9 297.7945005297661
6478.2 290.0344829261303
6478.5 71.67330279946327
6478.8 312.43201871961355
6479.1 49.80786545574665
6479.4 -279.14582808315754
6479.7 -53.239589743316174
6480.0 124.35540567338467
6480.3 121.1356729567051
6480.6 387.26106425374746
6480.9 168.31846172362566
6481.2 162.60304977744818
6481.5 345.02419216930866
6481.8 543.4762944281101
6482.1 278.8700711578131
6482.4 8.773237911984324
6482.7 418.0026126652956
6483.0 348.19126957654953
6483.3 219.4295579046011
6483.6 171.2105439901352
6483.9 311.55154825747013
6484.2 428.4118825959158
6484.5 311.0938978642225
6484.8 497.25437930226326
6485.1 77.13727679848671
6485.4 -48.24082822725177
6485.7 125.4782615955919
6486.0 -64.71387670189142
6486.3 72.28895741701126
6486.6 252.69721480971202
6486.9 144.76151986792684
6487.2 116.1234304793179
6487.5 322.243744045496
6487.8 108.33517738431692
6488.1 -26.52745244652033
6488.4 443.7042036354542
6488.7 245.45881627500057
6489.0 125.31524175405502
6489.3 325.8841894865036
6489.6 129.06585869099945
6489.9 315.128637984395
6490.2 420.31839314103127
6490.5 390.60244354233146
6490.8 344.64418431557715
6491.1 280.97970070689917
6491.4 9.493974104523659
6491.7 272.5520661622286
6492.0 231.04285114072263
6492.3 178.21333560347557
6492.6 365.35275207459927
6492.9 245.06231325864792
6493.2 369.85139894485474
6493.5 161.49203165248036
6493.8 123.92134922742844
6494.1 199.75129478424788
6494.4 167.9968101158738
6494.7 316.36343502625823
6495.0 253.59708520770073
6495.3 69.86038341373205
6495.6 -62.72747230529785
6495.9 169.2653241782682
6496.2 83.04601763840765
6496.5 168.027825307101
6496.8 256.16479589417577
6497.1 301.0276791602373
6497.4 504.5643679499626
6497.7 -24.964848667383194
6498.0 331.96819556038827
6498.3 571.0085848942399
6498.6 -7.6592869237065315
6498.9 -86.8910465836525
6499.2 555.7226661890745
6499.5 147.95990013331175
6499.8 374.1142774820328
6500.1 384.4886116832495
6500.4 243.9521973580122
6500.7 101.10581936314702
6501.0 89.23971326649189
6501.3 73.29550534673035
6501.6 193.73953387141228
6501.9 28.785324037075043
6502.2 143.2701093107462
6502.5 244.42501758784056
6502.8 3.405704770993907
6503.1 -161.26176580041647
6503.4 291.1985100014135
6503.7 313.98814468085766
6504.0 145.38000383600593
6504.3 300.66668627411127
6504.6 378.12952840328217
6504.9 -207.00899700820446
6505.2 -19.35372042004019
6505.5 120.48290602862835
6505.8 281.10006549954414
6506.1 293.43379270657897
6506.4 279.42418014630675
6506.7 13.690569549798965
6507.0 -262.8901445772499
6507.3 93.88472926616669
6507.6 -59.95119880139828
6507.9 114.63692380487919
6508.2 252.37912048399448
6508.5 404.7970720715821
6508.8 468.9847356416285
6509.1 309.39031326821714
6509.4 206.8579827696085
6509.7 161.79966615885496
6510.0 -44.2113895714283
6510.3 249.05213602632284
6510.6 429.6299521252513
6510.9 324.3356552571058
6511.2 180.23129427433014
6511.5 -55.66099524497986
6511.8 192.8065202832222
6512.1 15.103068374097347
6512.4 20.618532108142972
6512.7 -77.14268931746483
6513.0 151.148934263736
6513.3 -78.61316530464683
6513.6 182.88895382359624
6513.9 541.3305261377245
6514.2 250.31553402543068
6514.5 29.23100906610489
6514.8 -125.19318705797195
6515.1 91.06261722743511
6515.4 86.7277469187975
6515.7 -52.4242634549737
6516.0 -56.00912967720069
6516.3 157.83741255104542
6516.6 232.5847781151533
6516.9 259.17930379509926
6517.2 170.5619793534279
6517.5 9.214345715939999
6517.8 49.02131033688784
6518.1 16.424285008572042
6518.4 -209.09757797420025
6518.7 40.74486083164811
6519.0 50.92967524006963
6519.3 -5.7176279947161674
6519.6 22.141425129026175
6519.9 224.54285414516926
6520.2 262.6998389940709
6520.5 103.88128735497594
6520.8 207.085737362504
6521.1 57.66366595029831
6521.4 -28.033181726932526
6521.7 -116.02374909073114
6522.0 360.1567756086588
6522.3 36.866384863853455
6522.6 -86.26207372546196
6522.9 28.9398158560507
6523.2 30.12398635596037
6523.5 182.41711136698723
6523.8 158.27318684384227
6524.1 257.53198594227433
6524.4 55.819289177656174
6524.7 457.7549875229597
6525.0 112.90901273488998
6525.3 36.82429101318121
6525.6 288.06248676776886
6525.9 174.79893082682975
6526.2 7.336776435375214
6526.5 105.65225224196911
6526.8 302.5513072311878
6527.1 39.75005294010043
6527.4 127.95227757841349
6527.7 -99.56518288329244
6528.0 56.27108181267977
6528.3 188.23191483318806
6528.6 199.0973806232214
6528.9 114.13227041065693
6529.2 157.75475342571735
6529.5 -153.05434653908014
6529.8 80.11480285972357
6530.1 200.68376173079014
6530.4 326.5659917294979
6530.7 52.637482307851315
6531.0 -107.48770625144243
6531.3 -295.5871462523937
6531.6 -115.99779857695103
6531.9 244.33121080696583
6532.2 205.03331618010998
6532.5 457.81717962771654
6532.8 -33.10446811467409
6533.1 -121.20401173830032
6533.4 227.2675789296627
6533.7 227.1888230331242
6534.0 246.20077591389418
6534.3 495.34174299798906
6534.6 282.5115218311548
6534.9 146.1896674335003
6535.2 150.56248253583908
6535.5 -81.06743666902184
6535.8 -23.140698671340942
6536.1 -29.440619027242064
6536.4 275.8470974639058
6536.7 327.5078394683078
6537.0 99.98645586892962
6537.3 381.09838201105595
6537.6 305.6354124881327
6537.9 -6.45013188640587
6538.2 -3.9118674993515015
6538.5 128.8158082589507
6538.8 21.489550963044167
6539.1 178.66280464082956
6539.4 94.24517868459225
6539.7 243.40042901039124
6540.0 -24.785684280097485
6540.3 -81.6945016309619
6540.6 97.2318186480552
6540.9 263.73675870895386
6541.2 54.79718814790249
6541.5 -64.83573919534683
6541.8 69.4196794256568
6542.1 292.7451120018959
6542.4 289.9860489304847
6542.7 246.71240115910769
6543.0 306.1775067038834
6543.3 144.8669012337923
6543.6 113.47777788713574
6543.9 142.9961887281388
6544.2 90.38354152441025
6544.5 437.9578566402197
6544.8 232.97385354153812
6545.1 73.8509960770607
6545.4 -60.77201810851693
6545.7 -52.32412154972553
6546.0 126.81796555966139
6546.3 455.9460848029703
6546.6 377.1211824417114
6546.9 319.82522463798523
6547.2 300.4126433171332
6547.5 53.76316840481013
6547.8 31.78841636609286
6548.1 153.54148133844137
6548.4 157.64773693680763
6548.7 -120.51488143578172
6549.0 100.09441057872027
6549.3 -116.41153754293919
6549.6 29.962580367922783
6549.9 3.729345152154565
6550.2 -46.66136114299297
6550.5 168.36265704780817
6550.8 307.05924248695374
6551.1 -169.12445761289564
6551.4 101.52970536379144
6551.7 -49.54019594565034
6552.0 148.62040918739513
6552.3 -34.008689537644386
6552.6 -144.67872357740998
6552.9 410.7732541374862
6553.2 136.61439633741975
6553.5 -56.2376874089241
6553.8 212.9161218609661
6554.1 171.05675775930285
6554.4 328.0487365759909
6554.7 330.975399306044
6555.0 132.5310481339693
6555.3 394.45242964476347
6555.6 388.73117831349373
6555.9 148.98169401288033
6556.2 264.27768874168396
6556.5 -77.87472856044769
6556.8 -0.7465276271104813
6557.1 134.87335132155567
6557.4 163.89573788642883
6557.7 49.074361369013786
6558.0 187.44429451227188
6558.3 -11.879934184253216
6558.6 313.75860673189163
6558.9 259.4596620723605
6559.2 282.4416795382276
6559.5 -37.654427751898766
6559.8 129.27375606447458
6560.1 96.02486941963434
6560.4 469.82397174835205
6560.7 -63.44102472066879
6561.0 119.24846510961652
6561.3 196.28689485043287
6561.6 -25.509881511330605
6561.9 -90.43325364310294
6562.2 312.4102955684066
6562.5 -187.5256622415036
6562.8 -202.66266041249037
6563.1 300.78202901780605
6563.4 53.56485239416361
6563.7 51.0769176594913
6564.0 176.83528286591172
6564.3 -12.963720239698887
6564.6 -54.27157202363014
6564.9 32.75665436126292
6565.2 -87.81828732043505
6565.5 155.02982698380947
6565.8 -129.02626498043537
6566.1 -105.81694541871548
6566.4 21.006185963749886
6566.7 283.9569936096668
6567.0 416.69089859724045
6567.3 47.486663810908794
6567.6 -136.11944580450654
6567.9 5.891639731824398
6568.2 -151.30339843034744
6568.5 221.3529313877225
6568.8 -137.41634333506227
6569.1 163.53486310783774
6569.4 378.4601333066821
6569.7 266.0886278823018
6570.0 214.71975082159042
6570.3 22.412520471960306
6570.6 -128.09474062919617
6570.9 4.6184654869139194
6571.2 -101.4428945556283
6571.5 -110.56477330625057
6571.8 -12.251039013266563
6572.1 -80.5281612277031
6572.4 -267.8299776315689
6572.7 119.58746901154518
6573.0 37.02852528356016
6573.3 190.8959881812334
6573.6 93.83304918557405
6573.9 -2.538092490285635
6574.2 75.11644288431853
6574.5 -201.36854156851768
6574.8 -116.22453183680773
6575.1 -256.5331323593855
6575.4 -286.7437641173601
6575.7 -183.12959259934723
6576.0 -378.7978404862806
6576.3 -324.1455348134041
6576.6 158.9124936480075
6576.9 423.4926817789674
6577.2 -461.95977373979986
6577.5 -346.76856277510524
6577.8 152.62321264855564
6578.1 145.04926380662437
6578.4 191.78176813572645
6578.7 129.58982329443097
6579.0 -234.35727560147643
6579.3 -83.93248045444489
6579.6 185.05301706120372
6579.9 119.05433854460716
6580.2 182.85468528792262
6580.5 245.292880050838
6580.8 206.59194366633892
6581.1 237.75334238633513
6581.4 -59.115928469225764
6581.7 -149.98006806522608
6582.0 79.14331061393023
6582.3 13.470041213324293
6582.6 104.6853738129139
6582.9 290.82066494598985
6583.2 -95.60592392459512
6583.5 118.30744951963425
6583.8 -91.25325264292769
6584.1 -47.051794193685055
6584.4 174.10931111872196
6584.7 105.31996710598469
6585.0 301.31715148314834
6585.3 298.4711944446899
6585.6 302.3100647479296
6585.9 449.1774312928319
6586.2 235.64782059937716
6586.5 194.9748396780342
6586.8 30.89046397805214
6587.1 -191.88086949288845
6587.4 60.69378368649632
6587.7 19.51466572098434
6588.0 159.25684099644423
6588.3 242.44827902317047
6588.6 2.612873896956444
6588.9 21.698802884668112
6589.2 128.49861144460738
6589.5 251.2948445007205
6589.8 52.8985511213541
6590.1 -244.33120763860643
6590.4 273.8040957227349
6590.7 97.45846138894558
6591.0 23.2696573426947
6591.3 -76.12545454502106
6591.6 123.5412141866982
6591.9 181.06221287697554
6592.2 141.26575128734112
6592.5 11.897822296246886
6592.8 -55.017835221253335
6593.1 224.96180605888367
6593.4 230.57495200727135
6593.7 156.23895551264286
6594.0 -54.373326510190964
6594.3 146.3207379207015
6594.6 5.40801240503788
6594.9 168.8654979839921
6595.2 100.4327180236578
6595.5 31.98693659901619
6595.8 38.19217520579696
6596.1 414.3824329599738
6596.4 -114.54375992715359
6596.7 -80.7652330971323
6597.0 -77.15437288209796
6597.3 111.46646926552057
6597.6 -43.46875914931297
6597.9 136.44760348740965
6598.2 181.60675264149904
6598.5 -55.53301968798041
6598.8 296.30991546227597
6599.1 322.76517041027546
6599.4 -73.56242467649281
6599.7 -2.0722479186952114
6600.0 2.0663187950849533
6600.3 3.7240879256278276
6600.6 48.829332074616104
6600.9 153.9265981502831
6601.2 93.91124275512993
6601.5 351.23700772225857
6601.8 294.18511318415403
6602.1 -99.47704899124801
6602.4 21.79000554420054
6602.7 -214.0153058320284
6603.0 -212.22967904806137
6603.3 -188.49798668920994
6603.6 -195.240958198905
6603.9 -146.43942769244313
6604.2 -161.1456932798028
6604.5 81.22052658721805
6604.8 -37.81767695210874
6605.1 139.84213761985302
6605.4 165.96264215558767
6605.7 -106.1849289983511
6606.0 -11.153171679005027
6606.3 360.34303660690784
6606.6 360.0319527387619
6606.9 -16.42639810219407
6607.2 48.12903153151274
6607.5 56.14838067814708
6607.8 -102.13214532285929
6608.1 -31.924842834472656
6608.4 -131.61246243864298
6608.7 101.40297441184521
6609.0 34.447427690029144
6609.3 -108.06405706703663
6609.6 127.28649059683084
6609.9 67.76424241065979
6610.2 4.983658858574927
6610.5 73.16912060976028
6610.8 124.26148723065853
6611.1 9.08942275121808
6611.4 141.19757096469402
6611.7 191.21661134064198
6612.0 45.57253612950444
6612.3 -58.22968089208007
6612.6 -25.579781502485275
6612.9 32.87789748609066
6613.2 345.94443678855896
6613.5 195.20396801829338
6613.8 115.34800282865763
6614.1 94.07828813046217
6614.4 196.62585175037384
6614.7 -34.06037053465843
6615.0 -29.157589554786682
6615.3 98.96743933111429
6615.6 193.96272405050695
6615.9 310.1882737535052
6616.2 -63.661290653049946
6616.5 71.24206191301346
6616.8 -1.2098837327212095
6617.1 -268.8490747360411
6617.4 113.08118975162506
6617.7 137.6832401752472
6618.0 159.192808046937
6618.3 244.36764944158494
6618.6 97.55339322984219
6618.9 101.65752455033362
6619.2 7.088173545897007
6619.5 -119.99888855218887
6619.8 140.51159447431564
6620.1 371.5735264644027
6620.4 69.73107362911105
6620.7 -292.0451218225062
6621.0 -6.69578891992569
6621.3 76.4877941571176
6621.6 76.85559140890837
6621.9 180.46399484574795
6622.2 44.36054274858907
6622.5 -153.30003833025694
6622.8 194.58450438108412
6623.1 -90.59180443547666
6623.4 -49.0057028234005
6623.7 310.0937941893935
6624.0 252.373871833086
6624.3 -78.54268079437315
6624.6 -141.33534165821038
6624.9 20.215643943753093
6625.2 206.62240625545382
6625.5 221.6530700623989
6625.8 107.20568766258657
6626.1 -3.820868283510208
6626.4 -99.09906338527799
6626.7 -13.647623032331467
6627.0 48.80092793703079
6627.3 142.74379944056273
6627.6 190.87727178633213
6627.9 -24.386854521930218
6628.2 177.34768894314766
6628.5 -124.5739170089364
6628.8 -127.10180567204952
6629.1 265.0060588568449
6629.4 87.44698949158192
6629.7 -44.870822347700596
6630.0 5.486561149358749
6630.3 83.625762373209
6630.6 118.4985475577414
6630.9 167.28844724223018
6631.2 197.02314566075802
6631.5 108.44541700184345
6631.8 148.89895422756672
6632.1 -109.58438684139401
6632.4 67.67316434159875
6632.7 10.992604926228523
6633.0 -42.52696241438389
6633.3 281.1043704338372
6633.6 72.77333369012922
6633.9 -25.45807028748095
6634.2 36.69581280648708
6634.5 112.733179602772
6634.8 -3.110819134861231
6635.1 98.9744136929512
6635.4 -85.89674793928862
6635.7 -8.592022868804634
6636.0 211.3378657340072
6636.3 171.20779508445412
6636.6 -90.2074789647013
6636.9 -3.3399938344955444
6637.2 115.39295727014542
6637.5 155.03637423086911
6637.8 447.78960713371634
6638.1 -233.44211591780186
6638.4 -216.09456425905228
6638.7 96.12673652172089
6639.0 58.82575456239283
6639.3 117.32545927539468
6639.6 155.8950595781207
6639.9 -114.64988924562931
6640.2 75.53249768912792
6640.5 83.09821833483875
6640.8 350.7183427512646
6641.1 171.78951793909073
6641.4 131.1008619517088
6641.7 -65.42228133790195
6642.0 -276.65625605359674
6642.3 -175.18642877042294
6642.6 156.00583235919476
6642.9 169.52394401095808
6643.2 259.529238991905
6643.5 50.67653310438618
6643.8 249.1321742683649
6644.1 197.44741909205914
6644.4 10.93415978550911
6644.7 -66.13170632719994
6645.0 -40.57327602058649
6645.3 116.6677949540317
6645.6 -37.29385015927255
6645.9 -250.19434014707804
6646.2 -18.52213943284005
6646.5 -21.07032136619091
6646.8 -213.4482634916203
6647.1 -60.61483270674944
6647.4 158.32391331344843
6647.7 -243.6000468172133
6648.0 75.05956348218024
6648.3 283.7643525823951
6648.6 -139.4277027756907
6648.9 138.87760768830776
6649.2 -114.17678301036358
6649.5 -124.13678174512461
6649.8 93.07896232232451
6650.1 85.99205543845892
6650.4 271.64770151721314
6650.7 -55.50229965150356
6651.0 -94.48208227753639
6651.3 380.4160253852606
6651.6 477.58983962237835
6651.9 138.13704338669777
6652.2 172.9673623368144
6652.5 282.39961522072554
6652.8 116.6569216628559
6653.1 -94.82738743722439
6653.4 53.082741275429726
6653.7 16.886297956109047
6654.0 264.2822893112898
6654.3 -8.085495959036052
6654.6 136.96687773615122
6654.9 41.531218096613884
6655.2 -322.5243095681071
6655.5 -56.17277035117149
6655.8 -88.15499945729971
6656.1 -54.96914901584387
6656.4 4.101549095474184
6656.7 -418.7180216535926
6657.0 34.52945529669523
6657.3 -118.72990614175797
6657.6 -112.87262708693743
6657.9 24.678571961820126
6658.2 447.7377117201686
6658.5 569.146988093853
6658.8 789.9235605224967
6659.1 631.4706118181348
6659.4 751.6777227558196
6659.7 648.6925376709551
6660.0 359.78482903540134
6660.3 235.55593967437744
6660.6 -266.72826202213764
6660.9 -169.74743996560574
6661.2 -33.76720664650202
6661.5 22.659943774342537
6661.8 40.07016238570213
6662.1 -106.30670741572976
6662.4 25.067889347672462
6662.7 3.7269735522568226
6663.0 80.60116552188993
6663.3 259.7732746300753
6663.6 153.0332932472229
6663.9 30.283310815575533
6664.2 -68.93753246963024
6664.5 -5.276888661086559
6664.8 10.18834363669157
6665.1 166.86370114050806
6665.4 98.10694824531674
6665.7 -34.69745942950249
6666.0 -250.10658953338861
6666.3 -20.99767821189016
6666.6 -222.07450646162033
6666.9 -172.83431819826365
6667.2 40.68743330612779
6667.5 171.64782392978668
6667.8 -123.96527364850044
6668.1 17.494038961827755
6668.4 115.85313073545694
6668.7 32.52100770175457
6669.0 -8.762661576271057
6669.3 -39.79720427840948
6669.6 -45.76270876824856
6669.9 125.40484189242125
6670.2 197.88472175598145
6670.5 -168.06556433439255
6670.8 189.99459047988057
6671.1 -177.99326687306166
6671.4 -133.44806918129325
6671.7 92.94354086369276
6672.0 161.17673261463642
6672.3 126.4590803552419
6672.6 58.84816022962332
6672.9 -1.506405308842659
6673.2 -82.29920087847859
6673.5 -182.46526689082384
6673.8 -85.6928743198514
6674.1 -56.93707072734833
6674.4 17.65405690157786
6674.7 433.3444367349148
6675.0 66.0002204310149
6675.3 60.732666021212935
6675.6 84.65259779244661
6675.9 -27.47475543571636
6676.2 76.65912394225597
6676.5 190.82408276200294
6676.8 58.236591927707195
6677.1 -144.0398971438408
6677.4 -4.969709146767855
6677.7 158.28644660115242
6678.0 92.30418868362904
6678.3 -55.09944388922304
6678.6 -289.15943905711174
6678.9 -6.9076214749366045
6679.2 164.96994709968567
6679.5 343.969386190176
6679.8 524.9665466267616
6680.1 480.632947916165
6680.4 720.6939141135663
6680.7 183.90014992654324
6681.0 125.14828339219093
6681.3 224.43097064457834
6681.6 51.995283871889114
6681.9 -141.9615508466959
6682.2 83.3504367172718
6682.5 191.15478060767055
6682.8 93.91780060529709
6683.1 -140.1406258493662
6683.4 -16.772004928439856
6683.7 -222.09400701150298
6684.0 48.55938632786274
6684.3 149.03487947583199
6684.6 336.1254263566807
6684.9 71.68661142885685
6685.2 -13.532554227858782
6685.5 44.86743937153369
6685.8 -193.22965183854103
6686.1 167.8874372858554
6686.4 29.271324668079615
6686.7 -115.09544395282865
6687.0 -51.33215415198356
6687.3 59.28257556632161
6687.6 91.19361504446715
6687.9 256.5139529258013
6688.2 228.04806177329738
6688.5 192.3974269926548
6688.8 135.8772958656773
6689.1 50.38215744495392
6689.4 -58.04530616104603
6689.7 -288.0169614851475
6690.0 37.62467288970947
6690.3 -13.670627556741238
6690.6 -138.74775537848473
6690.9 -355.29951149970293
6691.2 140.94484256207943
6691.5 -140.09433037880808
6691.8 -16.385846642311662
6692.1 32.035006262362
6692.4 146.99014876782894
6692.7 200.35317391902208
6693.0 8.847295746207237
6693.3 -99.30936588346958
6693.6 -62.80127948895097
6693.9 -124.77023001015186
6694.2 24.676949247717857
6694.5 173.55221662856638
6694.8 188.32569873332977
6695.1 -195.34893383458257
6695.4 150.05022552981973
6695.7 140.28088911203668
6696.0 -56.226020745933056
6696.3 124.38364335894585
6696.6 -207.10200599581003
6696.9 -98.1920485086739
6697.2 147.21662889420986
6697.5 -126.71358399838209
6697.8 -30.41779461503029
6698.1 88.33124624192715
6698.4 56.539482317864895
6698.7 151.75835551600903
6699.0 -13.985478703863919
6699.3 191.29541313648224
6699.6 179.75908029451966
6699.9 76.00126030575484
6700.2 143.2615094166249
6700.5 20.5528075248003
6700.8 118.62967910058796
6701.1 20.456155017018318
6701.4 79.06158643960953
6701.7 76.13508469611406
6702.0 -13.381713822484016
6702.3 -0.48102760314941406
6702.6 74.93347871303558
6702.9 -119.73825864493847
6703.2 76.99054354429245
6703.5 36.453877160325646
6703.8 -94.59317520260811
6704.1 74.70441523194313
6704.4 -90.03064829111099
6704.7 -85.04574510455132
6705.0 244.65461993589997
6705.3 101.75723479688168
6705.6 -32.0247045904398
6705.9 270.82779970765114
6706.2 37.53187741339207
6706.5 -26.440451204776764
6706.8 -22.167386590968817
6707.1 -72.86582915484905
6707.4 -95.81346961855888
6707.7 125.70888823270798
6708.0 -192.5063403584063
6708.3 -319.81097400188446
6708.6 -3.896128199994564
6708.9 128.4113884799881
6709.2 53.50622011721134
6709.5 71.55858528614044
6709.8 22.154055846855044
6710.1 -149.58809818327427
6710.4 39.605149356648326
6710.7 330.3129939287901
6711.0 210.2563134431839
6711.3 83.12768575549126
6711.6 -181.64233966171741
6711.9 -92.83795836567879
6712.2 72.3583117350936
6712.5 7.443516785744578
6712.8 146.20118474960327
6713.1 -235.67545203119516
6713.4 34.625089570879936
6713.7 -13.930138915777206
6714.0 61.969942310184706
6714.3 387.9840728789568
6714.6 -30.89048983901739
6714.9 49.910348020493984
6715.2 119.70262695848942
6715.5 22.91384368482977
6715.8 151.11361067835242
6716.1 234.74593563750386
6716.4 39.566807601600885
6716.7 349.9723617732525
6717.0 340.4010417377576
6717.3 -105.25528855901212
6717.6 100.15058015054092
6717.9 68.39375250414014
6718.2 -19.01161009259522
6718.5 -55.392797131091356
6718.8 -78.60964109003544
6719.1 186.18705536425114
6719.4 160.0907819083659
6719.7 43.18359397351742
6720.0 -182.79274842049927
6720.3 -194.4738268852234
6720.6 114.85263794660568
6720.9 -9.596251979470253
6721.2 307.68360036611557
6721.5 19.716003268957138
6721.8 159.23122289776802
6722.1 -63.3219690322876
6722.4 -85.84644885361195
6722.7 -123.6698237489909
6723.0 234.8134500104934
6723.3 -4.839710384607315
6723.6 -170.607126660645
6723.9 -64.72178428992629
6724.2 -312.0062295049429
6724.5 97.1325346454978
6724.8 205.32807870209217
6725.1 -53.43990481644869
6725.4 -128.93255557119846
6725.7 52.00756007805467
6726.0 -88.38297885749489
6726.3 -35.151175767183304
6726.6 95.80462808720767
6726.9 -186.4824961423874
6727.2 -113.3630019108532
6727.5 27.635893926024437
6727.8 20.239658500999212
6728.1 21.04731847345829
6728.4 -59.370485581457615
6728.7 1.7774378275498748
6729.0 -155.7454599775374
6729.3 -141.19318087399006
6729.6 191.54157304763794
6729.9 -58.2225174382329
6730.2 -128.88322605472058
6730.5 -119.9070377536118
6730.8 41.03942793607712
6731.1 23.955407172441483
6731.4 -33.831462655216455
6731.7 -56.73915286362171
6732.0 46.805553413927555
6732.3 -23.406488820910454
6732.6 -213.15631912648678
6732.9 252.46802048571408
6733.2 107.76799656858202
6733.5 49.782058764249086
6733.8 69.1604136750102
6734.1 133.34297723229975
6734.4 5.861611589789391
6734.7 79.26609975844622
6735.0 -65.85197801887989
6735.3 22.961809272877872
6735.6 81.124565474689
6735.9 177.9875160753727
6736.2 -103.0302599966526
6736.5 8.396260389126837
6736.8 95.17430964112282
6737.1 -141.99294792115688
6737.4 -49.702329874038696
6737.7 174.793328050524
6738.0 -55.786713406443596
6738.3 -103.69512617588043
6738.6 298.67459208215587
6738.9 91.4588590413332
6739.2 -145.8220397150144
6739.5 207.70858403295279
6739.8 157.28317568451166
6740.1 81.33045390248299
6740.4 147.14062157273293
6740.7 72.68864203989506
6741.0 315.399961842224
6741.3 35.310167871415615
6741.6 -160.54102759808302
6741.9 210.9467107951641
6742.2 84.83300863951445
6742.5 208.79692535102367
6742.8 26.602089310996234
6743.1 -247.8308290988207
6743.4 -136.41138099133968
6743.7 301.86623641848564
6744.0 68.24055468058214
6744.3 -43.83991663902998
6744.6 25.52580894716084
6744.9 12.084512770175934
6745.2 -138.46283838152885
6745.5 -106.19910876452923
6745.8 53.38015973567963
6746.1 -11.121356904506683
6746.4 123.28423313051462
6746.7 180.86403760593385
6747.0 -118.29382295161486
6747.3 373.88529332727194
6747.6 91.30824512988329
6747.9 -96.55574386194348
6748.2 -111.79476444795728
6748.5 137.93344128876925
6748.8 104.61748765595257
6749.1 -69.77853481471539
6749.4 156.25111513212323
6749.7 45.10132751241326
6750.0 146.72407679632306
6750.3 -69.48242527898401
6750.6 177.64139804244041
6750.9 88.23866379261017
6751.2 100.17945736274123
6751.5 199.067670494318
6751.8 -3.917426126077771
6752.1 -119.47008652985096
6752.4 -71.07693189475685
6752.7 -210.88859985768795
6753.0 -132.62115336954594
6753.3 -43.84222059510648
6753.6 104.84912955760956
6753.9 48.61277228593826
6754.2 41.054677441716194
6754.5 -159.3227518480271
6754.8 -175.23564614355564
6755.1 99.69199035316706
6755.4 -23.159815737279132
6755.7 35.32449608063325
6756.0 -197.5132725983858
6756.3 52.651324436068535
6756.6 -27.395201221108437
6756.9 -36.827370285987854
6757.2 -7.599753454327583
6757.5 -46.02428725361824
6757.8 -20.08105606213212
6758.1 -31.104273688048124
6758.4 -13.67920851521194
6758.7 -16.94165314733982
6759.0 48.85925567895174
6759.3 12.443556084297597
6759.6 73.26448942907155
6759.9 173.21396562457085
6760.2 58.58349521458149
6760.5 -157.2872125580907
6760.8 70.28794494550675
6761.1 -87.53962853574194
6761.4 32.23457798548043
6761.7 -185.90812724921852
6762.0 55.22842489182949
6762.3 -503.75999056827277
6762.6 -247.39995773136616
6762.9 -292.7567740082741
6763.2 -64.03295142948627
6763.5 216.11730569973588
6763.8 -142.86315481364727
6764.1 282.31479716300964
6764.4 259.0300414543599
6764.7 -62.01208467036486
6765.0 -18.244658164680004
6765.3 -281.6370839215815
6765.6 -170.82086430490017
6765.9 86.67977863550186
6766.2 -202.6327551677823
6766.5 76.09294470027089
6766.8 63.11201476305723
6767.1 -52.190638065338135
6767.4 181.72996041178703
6767.7 42.63116707652807
6768.0 66.15650624036789
6768.3 -41.8186244610697
6768.6 -21.795623421669006
6768.9 5.0284083262085915
6769.2 -232.59152887761593
6769.5 156.96339454129338
6769.8 85.69572480022907
6770.1 244.33765201852657
6770.4 10.933660842478275
6770.7 40.39546786248684
6771.0 64.6603818833828
6771.3 170.64994713664055
6771.6 310.33278093021363
6771.9 299.7097888365388
6772.2 189.46476446837187
6772.5 -176.36972549557686
6772.8 -52.402845337986946
6773.1 83.39293192885816
6773.4 133.79637804627419
6773.7 32.48300080932677
6774.0 -132.72712770104408
6774.3 227.55508137494326
6774.6 -88.4128817692399
6774.9 20.36454646382481
6775.2 15.918440364301205
6775.5 146.45778683573008
6775.8 160.2047600997612
6776.1 -13.718146696686745
6776.4 378.56082098931074
6776.7 -135.08285888889804
6777.0 -1.1664919555187225
6777.3 67.97445614263415
6777.6 158.28979539126158
6777.9 159.43575723678805
6778.2 -299.94492477178574
6778.5 22.523536540567875
6778.8 -171.11792699992657
6779.1 -92.11048150062561
6779.4 -27.568737521767616
6779.7 -72.97166247665882
6780.0 98.81847592815757
6780.3 56.083719935268164
6780.6 2.2165041118860245
6780.9 -282.94075141102076
6781.2 -114.92074744030833
6781.5 -168.36565540730953
6781.8 143.87158398656175
6782.1 -113.85903507098556
6782.4 117.85911594517529
6782.7 -226.09472893178463
6783.0 -16.685734376311302
6783.3 -68.54587018676102
6783.6 -142.11523582041264
6783.9 99.1284089423716
6784.2 -21.363464158028364
6784.5 -15.748108848929405
6784.8 -87.99185283854604
6785.1 18.863427011296153
6785.4 222.19596973061562
6785.7 -70.08994730561972
6786.0 72.53661435842514
6786.3 158.8445595614612
6786.6 103.37036287784576
6786.9 74.58850989490747
6787.2 7.432756662368774
6787.5 91.05927157402039
6787.8 289.96691442653537
6788.1 -2.1785001009702682
6788.4 93.98245329409838
6788.7 40.82447910308838
6789.0 127.38430887460709
6789.3 61.70567823946476
6789.6 14.350984647870064
6789.9 380.1690033227205
6790.2 -123.96110238134861
6790.5 -46.831612937152386
6790.8 -115.74286617338657
6791.1 -137.79560104757547
6791.4 8.252684876322746
6791.7 44.575589871034026
6792.0 57.501726880669594
6792.3 -12.996500611305237
6792.6 260.41724295914173
6792.9 -36.38517466187477
6793.2 -229.9647620767355
6793.5 231.71435832604766
6793.8 151.44399550557137
6794.1 162.99502052366734
6794.4 -266.88552391529083
6794.7 -7.361924320459366
6795.0 204.1837875181809
6795.3 -25.767861226573586
6795.6 420.8040077984333
6795.9 146.63512495160103
6796.2 56.487971641123295
6796.5 -126.34487045556307
6796.8 -55.2101984936744
6797.1 196.971015188843
6797.4 -113.04954098165035
6797.7 38.937316223978996
6798.0 320.71317790448666
6798.3 98.93797263503075
6798.6 32.001178566366434
6798.9 -217.3446359783411
6799.2 -8.57291366532445
6799.5 305.81146063655615
6799.8 37.15986651182175
6800.1 20.357346579432487
6800.4 65.43818278051913
6800.7 98.41072028875351
6801.0 250.14753207564354
6801.3 -8.389288699254394
6801.6 -80.256741553545
6801.9 -9.10876677930355
6802.2 -8.223472744226456
6802.5 -228.82003715634346
6802.8 -139.26080160215497
6803.1 122.62933162972331
6803.4 216.74398976564407
6803.7 124.19756559468806
6804.0 103.42350010573864
6804.3 68.31287919729948
6804.6 54.052748046815395
6804.9 -111.50308232568204
6805.2 184.94767889380455
6805.5 -19.674794405698776
6805.8 -51.722070038318634
6806.1 -196.01022932399064
6806.4 -171.57878898084164
6806.7 -44.35314232110977
6807.0 71.70772403478622
6807.3 -30.080543061718345
6807.6 126.99779168888927
6807.9 122.77807952091098
6808.2 -310.0541794039309
6808.5 48.97327772527933
6808.8 6.206700041890144
6809.1 36.96434547379613
6809.4 143.36215215921402
6809.7 16.305662415921688
6810.0 -271.44504772126675
6810.3 -147.85261979699135
6810.6 119.03472130559385
6810.9 99.39139038324356
6811.2 407.3981686383486
6811.5 402.23397919535637
6811.8 50.14061942696571
6812.1 -105.49486619234085
6812.4 210.54448778927326
6812.7 -178.65300850570202
6813.0 -246.2186572626233
6813.3 -308.72677632793784
6813.6 -12.311189770698547
6813.9 376.2362550795078
6814.2 152.04830870777369
6814.5 35.277805745601654
6814.8 246.2943020761013
6815.1 -11.670289032161236
6815.4 213.85293145477772
6815.7 156.18096526502632
6816.0 250.5796646606177
6816.3 217.36249868571758
6816.6 -83.60008081793785
6816.9 242.76316898316145
6817.2 228.66412633657455
6817.5 155.9067234247923
6817.8 -16.2472333163023
6818.1 97.96566148102283
6818.4 -38.20814683288336
6818.7 55.06102831661701
6819.0 186.36536887288094
6819.3 4.9446889366954565
6819.6 50.83060348033905
6819.9 99.13862451538444
6820.2 32.082557424902916
6820.5 -45.708986569195986
6820.8 -337.4540596306324
6821.1 -69.02789623383433
6821.4 -66.94698420912027
6821.7 102.54332188330591
6822.0 84.17715688049793
6822.3 373.9995247274637
6822.6 304.14797872304916
6822.9 378.0266845524311
6823.2 37.251419335603714
6823.5 -141.51130335777998
6823.8 -163.86854554340243
6824.1 -165.6938206255436
6824.4 154.850068166852
6824.7 55.62175114057027
6825.0 2.4486988242715597
6825.3 205.5850971341133
6825.6 237.85509987175465
6825.9 386.22215999662876
6826.2 464.56581023335457
6826.5 21.74597397632897
6826.8 -155.21186573803425
6827.1 446.7513243407011
6827.4 -243.03357525914907
6827.7 -269.1098427027464
6828.0 351.881701387465
6828.3 190.63072544522583
6828.6 -120.05326440930367
6828.9 711.7576409578323
6829.2 418.17333759367466
6829.5 -795.2629590332508
6829.8 -543.642852589488
6830.1 -468.0455712676048
6830.4 -439.4632979333401
6830.7 -201.50101932883263
6831.0 -38.69345584511757
6831.3 284.92669300734997
6831.6 -124.96778680384159
6831.9 8.071804791688919
6832.2 138.96419621258974
6832.5 347.032569244504
6832.8 576.1013368964195
6833.1 319.0268467445858
6833.4 240.10137662291527
6833.7 669.7048931196332
6834.0 662.6679053902626
6834.3 -590.1556335091591
6834.6 -859.0537565425038
6834.9 -614.9279185533524
6835.2 -569.3561012148857
6835.5 -442.6716374158859
6835.8 84.8137362152338
6836.1 -100.03025584667921
6836.4 69.65108605474234
6836.7 -152.2748976945877
6837.0 -135.33533931686543
6837.3 -34.25825336948037
6837.6 25.223854595795274
6837.9 -149.1307067386806
6838.2 144.24108869582415
6838.5 170.578545242548
6838.8 -47.00862578675151
6839.1 -122.13722139596939
6839.4 112.77870090305805
6839.7 182.7316948324442
6840.0 -5.18177576456219
6840.3 49.770856365561485
6840.6 209.60453013982624
6840.9 125.35474597406574
6841.2 -114.69217921048403
6841.5 121.51483153924346
6841.8 188.57844346761703
6842.1 -432.5522551834583
6842.4 -252.9962910786271
6842.7 -285.91788016818464
6843.0 -150.2596686538309
6843.3 -176.82622105628252
6843.6 86.2346930205822
6843.9 -81.4819155819714
6844.2 0.18743138015270233
6844.5 -138.45341113954782
6844.8 -186.60824505239725
6845.1 59.88818445801735
6845.4 167.11327312886715
6845.7 28.29908610880375
6846.0 127.8036539554596
6846.3 -130.1351649723947
6846.6 -161.45350977033377
6846.9 -166.98959873989224
6847.2 -98.84525117278099
6847.5 -124.97187665104866
6847.8 -151.80719454213977
6848.1 50.834256179630756
6848.4 5.886159181594849
6848.7 -76.77581053599715
6849.0 46.224411725997925
6849.3 -236.97368666529655
6849.6 133.1735214004293
6849.9 -24.11214452981949
6850.2 347.4035417586565
6850.5 308.7243054062128
6850.8 130.35778269171715
6851.1 -170.5319521650672
6851.4 -234.9365193247795
6851.7 -235.26573353772983
6852.0 -77.50525636970997
6852.3 161.99902046471834
6852.6 86.32895579189062
6852.9 -161.74898740649223
6853.2 66.24076817929745
6853.5 249.5497620254755
6853.8 -76.63489985908382
6854.1 -227.60203051567078
6854.4 -205.15896478202194
6854.7 -68.23258563876152
6855.0 -236.4851841777563
6855.3 -174.5846407264471
6855.6 68.21959650889039
6855.9 384.5544529929757
6856.2 -109.50909043103456
6856.5 21.62842072919011
6856.8 -157.18564414978027
6857.1 -2.393016980960965
6857.4 98.99162654206157
6857.7 128.9976664185524
6858.0 -94.49114284850657
6858.3 50.31491321325302
6858.6 131.760040178895
6858.9 -73.76404711604118
6859.2 27.91660026460886
6859.5 -165.2258287742734
6859.8 34.35789419710636
6860.1 -46.0542560108006
6860.4 -252.40775077790022
6860.7 429.55202820152044
6861.0 141.09505899751093
6861.3 -51.20939493179321
6861.6 18.97909665107727
6861.9 -73.82216712087393
6862.2 256.7839898932725
6862.5 533.1782866716385
6862.8 96.8077328922227
6863.1 100.9817361831665
6863.4 -1917.0518707036972
6863.7 -38.747423350811005
6864.0 -589.6703007221222
6864.3 1013.6354691982269
6864.6 1938.4846935272217
6864.9 680.0815291404724
6865.2 570.9723588228226
6865.5 247.94626396894455
6865.8 -54.83945329487324
6866.1 47.42352914810181
6866.4 52.80899441242218
6866.7 6.327295780181885
6867.0 32.494261741638184
6867.3 28.506496369838715
6867.6 -25.274377822875977
6867.9 51.07178258895874
6868.2 0.0
6868.5 0.0
6868.8 0.0
6869.1 0.0
6869.4 0.0
6869.7 0.0
