6165.0 0.0
6165.3 0.0
6165.6 0.0
6165.9 0.0
6166.2 0.0
6166.5 0.0
6166.8 0.0
6167.1 0.0
6167.4 0.0
6167.7 0.0
6168.0 0.0
6168.3 0.0
6168.6 0.0
6168.9 0.0
6169.2 0.0
6169.5 0.0
6169.8 0.0
6170.1 0.0
6170.4 0.0
6170.7 0.0
6171.0 0.0
6171.3 0.0
6171.6 0.0
6171.9 0.0
6172.2 0.0
6172.5 0.0
6172.8 0.0
6173.1 0.0
6173.4 0.0
6173.7 0.0
6174.0 0.0
6174.3 0.0
6174.6 0.0
6174.9 0.0
6175.2 0.0
6175.5 0.0
6175.8 0.0
6176.1 0.0
6176.4 0.0
6176.7 0.0
6177.0 0.0
6177.3 0.0
6177.6 0.0
6177.9 0.0
6178.2 0.0
6178.5 0.0
6178.8 0.0
6179.1 0.0
6179.4 0.0
6179.7 0.0
6180.0 0.0
6180.3 0.0
6180.6 0.0
6180.9 0.0
6181.2 0.0
6181.5 0.0
6181.8 0.0
6182.1 0.0
6182.4 0.0
6182.7 0.0
6183.0 0.0
6183.3 0.0
6183.6 0.0
6183.9 0.0
6184.2 0.0
6184.5 0.0
6184.8 0.0
6185.1 83.86300563812256
6185.4 184.1814432144165
6185.7 66.74305629730225
6186.0 125.37360382080078
6186.3 143.84461212158203
6186.6 160.4184980392456
6186.9 198.5571689605713
6187.2 180.0260181427002
6187.5 164.39163208007812
6187.8 181.01980781555176
6188.1 142.14978229999542
6188.4 672.7970600128174
6188.7 1739.4007720947266
6189.0 1709.4083290100098
6189.3 1923.3353157043457
6189.6 1748.5177993774414
6189.9 1625.069190979004
6190.2 1592.9141426086426
6190.5 1858.0556564331055
6190.8 1876.683090209961
6191.1 2129.3453369140625
6191.4 2004.506893157959
6191.7 1952.5209770202637
6192.0 2220.586769104004
6192.3 2238.150146484375
6192.6 2190.080467224121
6192.9 2306.3537673950195
6193.2 1952.7658424377441
6193.5 1994.018756866455
6193.8 2084.803756713867
6194.1 1970.0272598266602
6194.4 2030.5947570800781
6194.7 2252.9081115722656
6195.0 2214.0967330932617
6195.3 1977.8662490844727
6195.6 2243.4897689819336
6195.9 2157.325973510742
6196.2 2201.575584411621
6196.5 2000.1537322998047
6196.8 2007.4475746154785
6197.1 1978.3945655822754
6197.4 2137.1422691345215
6197.7 2258.6082153320312
6198.0 1950.0372581481934
6198.3 1873.2778053283691
6198.6 1932.626708984375
6198.9 2080.4024810791016
6199.2 2180.947494506836
6199.5 2133.913387298584
6199.8 1884.0184288024902
6200.1 2049.151237487793
6200.4 2134.7873764038086
6200.7 2011.509048461914
6201.0 2074.361526489258
6201.3 2029.7707328796387
6201.6 2265.992561340332
6201.9 2413.0931091308594
6202.2 2264.3727645874023
6202.5 2325.5798110961914
6202.8 2356.612892150879
6203.1 2258.165412902832
6203.4 2320.210678100586
6203.7 2078.781551361084
6204.0 2058.7479209899902
6204.3 2156.676338195801
6204.6 2148.7257919311523
6204.9 2062.869071960449
6205.2 2112.997024536133
6205.5 2265.479690551758
6205.8 2353.557689666748
6206.1 2248.1988067626953
6206.4 2237.8481369018555
6206.7 2124.005241394043
6207.0 2154.9255294799805
6207.3 2173.1878662109375
6207.6 2114.611701965332
6207.9 2129.188663482666
6208.2 1914.3926849365234
6208.5 2026.1952209472656
6208.8 2147.7867736816406
6209.1 2088.4231338500977
6209.4 2029.9879417419434
6209.7 2039.688289642334
6210.0 2010.706211090088
6210.3 2221.0869674682617
6210.6 2229.6800231933594
6210.9 2094.074131011963
6211.2 1977.5368537902832
6211.5 2072.54940032959
6211.8 2140.9857330322266
6212.1 2139.9495964050293
6212.4 2066.754325866699
6212.7 2114.794822692871
6213.0 2184.518939971924
6213.3 2074.9947776794434
6213.6 2015.7007446289062
6213.9 1984.4255180358887
6214.2 2112.116767883301
6214.5 2010.272647857666
6214.8 2020.9085235595703
6215.1 2084.990436553955
6215.4 2153.4852142333984
6215.7 2256.3592071533203
6216.0 2047.339023590088
6216.3 1927.948886871338
6216.6 1914.1726341247559
6216.9 1879.9817733764648
6217.2 2081.0683212280273
6217.5 2030.9700355529785
6217.8 1985.2825775146484
6218.1 1970.5651054382324
6218.4 1999.0425300598145
6218.7 2036.79398727417
6219.0 1979.0285148620605
6219.3 2099.145107269287
6219.6 2142.3088569641113
6219.9 2125.020092010498
6220.2 2228.7631187438965
6220.5 2311.9782791137695
6220.8 2150.2206649780273
6221.1 2197.030632019043
6221.4 2296.434310913086
6221.7 2309.8655853271484
6222.0 2285.5493202209473
6222.3 2090.376792907715
6222.6 2028.607852935791
6222.9 1954.028335571289
6223.2 1926.356273651123
6223.5 2100.815601348877
6223.8 2025.0832405090332
6224.1 2052.197063446045
6224.4 2066.6692428588867
6224.7 2063.3249435424805
6225.0 2165.6216430664062
6225.3 2073.3416442871094
6225.6 2031.7337760925293
6225.9 2012.2496604919434
6226.2 1956.26171875
6226.5 2143.147762298584
6226.8 2144.128173828125
6227.1 1945.8740730285645
6227.4 1890.300277709961
6227.7 2030.2334938049316
6228.0 1876.2013397216797
6228.3 1924.0682792663574
6228.6 1959.719841003418
6228.9 1818.028163909912
6229.2 1882.0210075378418
6229.5 1952.8228912353516
6229.8 1931.3173217773438
6230.1 1967.9277877807617
6230.4 1930.3146171569824
6230.7 1969.352710723877
6231.0 1938.3702239990234
6231.3 1839.9793167114258
6231.6 1803.0494689941406
6231.9 1766.0237770080566
6232.2 1913.7175979614258
6232.5 1967.2842636108398
6232.8 1916.7452850341797
6233.1 2044.2203826904297
6233.4 2139.9988403320312
6233.7 2035.0294227600098
6234.0 1990.048053741455
6234.3 2257.8969116210938
6234.6 2319.495475769043
6234.9 2474.2277755737305
6235.2 2635.096305847168
6235.5 2377.7093925476074
6235.8 2545.1279067993164
6236.1 2473.1012268066406
6236.4 2486.2441787719727
6236.7 2448.2000885009766
6237.0 2335.494239807129
6237.3 2247.6560592651367
6237.6 2026.2272338867188
6237.9 1928.015956878662
6238.2 1999.8369903564453
6238.5 2184.6489868164062
6238.8 2251.777244567871
6239.1 2125.5770416259766
6239.4 2099.0141563415527
6239.7 2109.347499847412
6240.0 1958.2168426513672
6240.3 2064.530300140381
6240.6 2132.1429710388184
6240.9 2234.8408584594727
6241.2 2287.786964416504
6241.5 2203.478958129883
6241.8 2156.348907470703
6242.1 2057.8104553222656
6242.4 2092.3845138549805
6242.7 2044.850959777832
6243.0 2154.093536376953
6243.3 2119.507484436035
6243.6 2060.1849784851074
6243.9 2122.124298095703
6244.2 1856.9701461791992
6244.5 1820.6606330871582
6244.8 1908.6332626342773
6245.1 2023.63236618042
6245.4 2013.39448928833
6245.7 1913.9632148742676
6246.0 1989.9574089050293
6246.3 2020.3127403259277
6246.6 1905.546043395996
6246.9 2138.5433197021484
6247.2 2028.6131134033203
6247.5 1964.664463043213
6247.8 1990.9735832214355
6248.1 2127.6678924560547
6248.4 2022.1933364868164
6248.7 1847.0347518920898
6249.0 1930.8809661865234
6249.3 1810.1732330322266
6249.6 2007.271095275879
6249.9 2143.164924621582
6250.2 2075.9704055786133
6250.5 2022.1531028747559
6250.8 2055.0134887695312
6251.1 2047.1451683044434
6251.4 1932.2267417907715
6251.7 1906.2504348754883
6252.0 1953.2038116455078
6252.3 2117.434337615967
6252.6 1952.2855682373047
6252.9 1932.1755142211914
6253.2 1944.1566200256348
6253.5 1938.8725318908691
6253.8 1882.8088111877441
6254.1 1891.9581718444824
6254.4 1935.7652778625488
6254.7 1761.8943824768066
6255.0 1759.5118789672852
6255.3 1748.435001373291
6255.6 1795.6571655273438
6255.9 1927.4126586914062
6256.2 2045.0835418701172
6256.5 1894.422477722168
6256.8 2047.4582977294922
6257.1 2494.520736694336
6257.4 2491.7968368530273
6257.7 2288.1761360168457
6258.0 2226.259834289551
6258.3 1917.0409049987793
6258.6 1914.6535949707031
6258.9 1997.3211517333984
6259.2 1883.7850227355957
6259.5 1884.7131729125977
6259.8 1964.8665504455566
6260.1 1935.186882019043
6260.4 1964.3495712280273
6260.7 1991.9790420532227
6261.0 1975.8700141906738
6261.3 2024.6384048461914
6261.6 1917.6202545166016
6261.9 1951.2047882080078
6262.2 2016.9992179870605
6262.5 1888.7543411254883
6262.8 1877.5277557373047
6263.1 1876.3591537475586
6263.4 1967.0052108764648
6263.7 1952.8195724487305
6264.0 1913.0820121765137
6264.3 2078.2695388793945
6264.6 2093.1997718811035
6264.9 2015.0467834472656
6265.2 1970.0239639282227
6265.5 1935.2959022521973
6265.8 1914.4841079711914
6266.1 2046.8537712097168
6266.4 2089.3486938476562
6266.7 1802.4441184997559
6267.0 2055.7730560302734
6267.3 2061.1460304260254
6267.6 1890.1023254394531
6267.9 1852.6620864868164
6268.2 2124.096336364746
6268.5 1971.0877799987793
6268.8 1918.1280632019043
6269.1 1971.8464965820312
6269.4 1932.6865119934082
6269.7 1876.7632141113281
6270.0 1808.2765197753906
6270.3 1858.8162727355957
6270.6 1778.3688316345215
6270.9 1944.545021057129
6271.2 1976.9879989624023
6271.5 1951.1301460266113
6271.8 2035.9991149902344
6272.1 2093.1469955444336
6272.4 1874.419116973877
6272.7 1886.5599174499512
6273.0 1866.2229232788086
6273.3 1987.194019317627
6273.6 2045.7521438598633
6273.9 2078.987564086914
6274.2 1956.8916244506836
6274.5 1916.603157043457
6274.8 2068.092658996582
6275.1 2006.7288627624512
6275.4 1949.2994537353516
6275.7 1956.8409538269043
6276.0 1807.0531387329102
6276.3 1688.2380676269531
6276.6 1692.7909355163574
6276.9 1795.1183395385742
6277.2 1630.0434761047363
6277.5 1670.8507461547852
6277.8 1868.3456993103027
6278.1 1969.994255065918
6278.4 1890.4025993347168
6278.7 1835.975284576416
6279.0 1760.0032844543457
6279.3 1808.8212547302246
6279.6 1799.5390167236328
6279.9 1821.473834991455
6280.2 1770.1399955749512
6280.5 1792.4578170776367
6280.8 1643.8845138549805
6281.1 1783.69868850708
6281.4 1961.2827453613281
6281.7 1841.8083724975586
6282.0 1764.585735321045
6282.3 1827.5691680908203
6282.6 1937.106315612793
6282.9 1813.2415809631348
6283.2 1584.736557006836
6283.5 1606.9305114746094
6283.8 1708.4860649108887
6284.1 1727.8808517456055
6284.4 1787.192569732666
6284.7 1898.3821830749512
6285.0 1704.6111526489258
6285.3 1883.0059623718262
6285.6 1977.1767196655273
6285.9 1977.7473907470703
6286.2 1997.3607559204102
6286.5 2145.0173263549805
6286.8 2218.583511352539
6287.1 2119.474784851074
6287.4 2178.4240951538086
6287.7 2099.0478897094727
6288.0 2048.019519805908
6288.3 1906.0994873046875
6288.6 2035.0538597106934
6288.9 1953.8139152526855
6289.2 2000.121395111084
6289.5 2075.9462127685547
6289.8 1924.7939109802246
6290.1 1850.9787406921387
6290.4 1837.5521812438965
6290.7 1801.1405906677246
6291.0 1965.601707458496
6291.3 2038.9819717407227
6291.6 1909.1701049804688
6291.9 1866.4619522094727
6292.2 1909.8802070617676
6292.5 1823.7190589904785
6292.8 1718.6810836791992
6293.1 1920.107967376709
6293.4 1917.4229011535645
6293.7 1857.917308807373
6294.0 1865.44388961792
6294.3 1836.0505599975586
6294.6 1792.4191589355469
6294.9 1745.450668334961
6295.2 1706.0651054382324
6295.5 1776.5222663879395
6295.8 1892.0037994384766
6296.1 1826.9659118652344
6296.4 1781.2234840393066
6296.7 1973.4945983886719
6297.0 2009.664695739746
6297.3 2207.3759231567383
6297.6 1794.9664878845215
6297.9 1783.6631965637207
6298.2 1924.478515625
6298.5 2266.7181968688965
6298.8 2460.152786254883
6299.1 6649.931823730469
6299.4 12055.65737915039
6299.7 7060.53963470459
6300.0 6853.379104614258
6300.3 11561.766571044922
6300.6 7727.0982666015625
6300.9 2775.253372192383
6301.2 2186.015640258789
6301.5 1876.9903373718262
6301.8 1845.9284439086914
6302.1 1988.8723449707031
6302.4 1983.795799255371
6302.7 1908.3164901733398
6303.0 1882.5108795166016
6303.3 1808.9930229187012
6303.6 1709.7413368225098
6303.9 1987.2605361938477
6304.2 1904.75931930542
6304.5 1963.8657341003418
6304.8 1855.806484222412
6305.1 1835.5148239135742
6305.4 1717.0277061462402
6305.7 1819.8134002685547
6306.0 2216.2506942749023
6306.3 2111.4064559936523
6306.6 2263.0423583984375
6306.9 2227.7714347839355
6307.2 2009.5923042297363
6307.5 1798.8332252502441
6307.8 1689.4035377502441
6308.1 1773.7573165893555
6308.4 1802.507713317871
6308.7 1887.5706825256348
6309.0 1660.6836700439453
6309.3 1710.776050567627
6309.6 1891.896987915039
6309.9 1803.1919059753418
6310.2 1857.474006652832
6310.5 1978.105152130127
6310.8 1904.5183334350586
6311.1 1951.5950355529785
6311.4 1980.4990234375
6311.7 1947.8252639770508
6312.0 1853.2430572509766
6312.3 1793.1546669006348
6312.6 1834.6855926513672
6312.9 1782.6936683654785
6313.2 1796.1371269226074
6313.5 1758.6946296691895
6313.8 1914.708438873291
6314.1 1815.07666015625
6314.4 1856.5960693359375
6314.7 1808.2536354064941
6315.0 1857.678840637207
6315.3 1762.1731224060059
6315.6 1804.4785804748535
6315.9 1906.5025672912598
6316.2 1745.251449584961
6316.5 1963.456916809082
6316.8 2141.3112182617188
6317.1 1894.4421882629395
6317.4 1848.9895553588867
6317.7 1942.794635772705
6318.0 1897.7342834472656
6318.3 1629.1334075927734
6318.6 1698.4206848144531
6318.9 1761.9724159240723
6319.2 1652.9664688110352
6319.5 1810.728630065918
6319.8 1790.8859367370605
6320.1 1927.4790840148926
6320.4 1963.3901557922363
6320.7 2136.285343170166
6321.0 2255.727180480957
6321.3 2055.686363220215
6321.6 1852.2804718017578
6321.9 1859.170669555664
6322.2 1790.6047706604004
6322.5 1765.5844192504883
6322.8 1834.0771560668945
6323.1 1879.1831016540527
6323.4 1902.674819946289
6323.7 1807.5113983154297
6324.0 1721.0047798156738
6324.3 1699.787281036377
6324.6 1881.5168495178223
6324.9 1818.7274742126465
6325.2 1900.9813766479492
6325.5 1818.9775314331055
6325.8 1776.7420234680176
6326.1 1999.4130401611328
6326.4 1807.2221641540527
6326.7 1860.9170570373535
6327.0 1672.5332336425781
6327.3 1671.5710678100586
6327.6 1657.5280227661133
6327.9 2019.2543716430664
6328.2 1933.4205627441406
6328.5 1909.178810119629
6328.8 2317.108757019043
6329.1 2341.9827270507812
6329.4 2036.9912948608398
6329.7 2308.583999633789
6330.0 2194.3009033203125
6330.3 2023.2091217041016
6330.6 2011.2648620605469
6330.9 1797.8606491088867
6331.2 1802.3692474365234
6331.5 1926.413673400879
6331.8 2007.449104309082
6332.1 2041.591869354248
6332.4 1975.0734977722168
6332.7 1845.2813110351562
6333.0 1713.1693496704102
6333.3 1628.3334159851074
6333.6 1745.9233055114746
6333.9 1706.3038597106934
6334.2 1834.7893028259277
6334.5 1881.4294204711914
6334.8 1783.6149444580078
6335.1 1728.2107963562012
6335.4 1636.932876586914
6335.7 1750.234848022461
6336.0 1834.0996208190918
6336.3 1855.0363464355469
6336.6 1712.6618118286133
6336.9 1756.7919921875
6337.2 1781.409725189209
6337.5 1808.1973342895508
6337.8 1839.5858726501465
6338.1 1859.8855667114258
6338.4 1748.108310699463
6338.7 1740.016258239746
6339.0 1785.5742721557617
6339.3 1837.3915786743164
6339.6 1677.1142768859863
6339.9 1691.2941246032715
6340.2 1956.034122467041
6340.5 1828.6243896484375
6340.8 1804.2295455932617
6341.1 1864.2643013000488
6341.4 1950.4817504882812
6341.7 1822.4838943481445
6342.0 1781.9614791870117
6342.3 1800.8423881530762
6342.6 1947.1421737670898
6342.9 1906.9726600646973
6343.2 1825.0271072387695
6343.5 1708.0774574279785
6343.8 1885.3866920471191
6344.1 1864.0223007202148
6344.4 1729.3886795043945
6344.7 1848.386817932129
6345.0 1808.4167823791504
6345.3 1987.999439239502
6345.6 1809.8559799194336
6345.9 1790.9667625427246
6346.2 1809.6981315612793
6346.5 1879.7949867248535
6346.8 1749.1122665405273
6347.1 1731.3470764160156
6347.4 1918.402187347412
6347.7 1898.9983406066895
6348.0 1851.5531463623047
6348.3 1801.1720924377441
6348.6 1890.207363128662
6348.9 1743.7665214538574
6349.2 1585.9473991394043
6349.5 1741.432216644287
6349.8 1816.9372177124023
6350.1 1873.3961944580078
6350.4 1766.413387298584
6350.7 1761.2001037597656
6351.0 1716.8961944580078
6351.3 1671.9560813903809
6351.6 1678.4370918273926
6351.9 1819.3127937316895
6352.2 1749.3420486450195
6352.5 1814.0365829467773
6352.8 1782.890796661377
6353.1 1715.4217071533203
6353.4 1798.3124961853027
6353.7 1900.969627380371
6354.0 1771.196662902832
6354.3 1855.8207740783691
6354.6 1766.33540725708
6354.9 1699.3361320495605
6355.2 1802.530288696289
6355.5 1995.1837272644043
6355.8 1908.102840423584
6356.1 1944.1695556640625
6356.4 1990.9539222717285
6356.7 1719.3341178894043
6357.0 1836.9088859558105
6357.3 1945.8749504089355
6357.6 1761.9033966064453
6357.9 1724.5856399536133
6358.2 1831.285800933838
6358.5 1764.5256958007812
6358.8 1659.5326309204102
6359.1 1699.9541511535645
6359.4 1773.5367965698242
6359.7 1990.7402992248535
6360.0 1894.622817993164
6360.3 1752.310146331787
6360.6 1811.9326820373535
6360.9 1911.6032943725586
6361.2 1858.1917991638184
6361.5 1898.5450401306152
6361.8 1887.150966644287
6362.1 1924.2051239013672
6362.4 2175.958595275879
6362.7 3715.7061080932617
6363.0 4077.596160888672
6363.3 2505.366258621216
6363.6 3656.2963256835938
6363.9 4385.659690856934
6364.2 2291.951705932617
6364.5 1951.398780822754
6364.8 1812.690444946289
6365.1 1741.0997047424316
6365.4 1883.686538696289
6365.7 1982.0476036071777
6366.0 1894.1601676940918
6366.3 1808.2217903137207
6366.6 1801.9643783569336
6366.9 1742.7007865905762
6367.2 1866.3821487426758
6367.5 1878.429485321045
6367.8 1685.361904144287
6368.1 1724.0801963806152
6368.4 1782.934440612793
6368.7 1822.2899169921875
6369.0 1829.4341430664062
6369.3 1818.0916709899902
6369.6 1828.218433380127
6369.9 1929.2285232543945
6370.2 1954.2311210632324
6370.5 1934.0396003723145
6370.8 1802.7158813476562
6371.1 1767.1410446166992
6371.4 1761.1977500915527
6371.7 1725.6597900390625
6372.0 1808.476634979248
6372.3 1889.1894721984863
6372.6 1769.9368858337402
6372.9 1843.662239074707
6373.2 1700.8100624084473
6373.5 1785.4647064208984
6373.8 1793.6198043823242
6374.1 1689.3265342712402
6374.4 1695.789077758789
6374.7 1730.3277626037598
6375.0 1671.8455963134766
6375.3 1689.357521057129
6375.6 1754.812744140625
6375.9 1821.4334449768066
6376.2 1894.9960632324219
6376.5 1869.5642395019531
6376.8 1634.9515800476074
6377.1 1733.0711097717285
6377.4 1833.0437202453613
6377.7 1762.56787109375
6378.0 1638.4535465240479
6378.3 1645.8737754821777
6378.6 1825.160083770752
6378.9 1826.7846336364746
6379.2 1958.0338706970215
6379.5 1673.2510070800781
6379.8 1661.428409576416
6380.1 1718.7547874450684
6380.4 1772.0210075378418
6380.7 1728.258560180664
6381.0 1810.1716232299805
6381.3 1737.9948272705078
6381.6 1747.770565032959
6381.9 1726.6160583496094
6382.2 1726.053596496582
6382.5 1889.3718070983887
6382.8 1809.9922103881836
6383.1 1891.149314880371
6383.4 1838.798439025879
6383.7 1845.6707191467285
6384.0 1988.7652130126953
6384.3 1826.623893737793
6384.6 1802.4765434265137
6384.9 1868.7601356506348
6385.2 1834.9220695495605
6385.5 2019.2081871032715
6385.8 1912.9344367980957
6386.1 1867.306655883789
6386.4 1900.5433158874512
6386.7 1815.9634323120117
6387.0 1800.7925567626953
6387.3 1925.9309997558594
6387.6 1856.4380149841309
6387.9 1797.2244491577148
6388.2 1923.0642280578613
6388.5 1846.1996765136719
6388.8 1820.3287086486816
6389.1 1833.043743133545
6389.4 1839.718246459961
6389.7 1671.2750358581543
6390.0 1893.4722518920898
6390.3 2010.1189308166504
6390.6 1997.52689743042
6390.9 1831.2042617797852
6391.2 1875.0576858520508
6391.5 1901.7446060180664
6391.8 1966.3895454406738
6392.1 1973.0219650268555
6392.4 1911.8031883239746
6392.7 2048.782569885254
6393.0 1813.2590522766113
6393.3 1913.227783203125
6393.6 2032.0316276550293
6393.9 2021.008716583252
6394.2 1978.9655227661133
6394.5 1760.009880065918
6394.8 1784.2692642211914
6395.1 1873.3908653259277
6395.4 1802.3178367614746
6395.7 1861.483112335205
6396.0 1846.1826705932617
6396.3 1779.7015533447266
6396.6 1826.060646057129
6396.9 1883.8232955932617
6397.2 1796.577579498291
6397.5 1835.9367790222168
6397.8 1889.3781623840332
6398.1 1809.2087936401367
6398.4 1842.7113494873047
6398.7 1857.5060119628906
6399.0 1777.9943542480469
6399.3 1800.9953918457031
6399.6 1746.4543190002441
6399.9 1767.4726943969727
6400.2 1824.0759353637695
6400.5 1860.0739097595215
6400.8 1906.4478759765625
6401.1 1864.1515884399414
6401.4 1897.1841354370117
6401.7 1887.8849563598633
6402.0 1900.1408386230469
6402.3 1644.009563446045
6402.6 1855.2451972961426
6402.9 1879.538257598877
6403.2 1838.780834197998
6403.5 1784.2584037780762
6403.8 1830.0920524597168
6404.1 1822.5202102661133
6404.4 1921.586498260498
6404.7 1837.7374801635742
6405.0 1831.5124168395996
6405.3 1771.0533409118652
6405.6 1767.4353675842285
6405.9 1816.093116760254
6406.2 1807.921028137207
6406.5 1802.886459350586
6406.8 1845.0052375793457
6407.1 1812.5192642211914
6407.4 1769.2857398986816
6407.7 1598.7890090942383
6408.0 1698.7660903930664
6408.3 1820.2745056152344
6408.6 1803.764072418213
6408.9 1812.7852249145508
6409.2 1779.0620765686035
6409.5 1780.9177360534668
6409.8 1698.1111373901367
6410.1 1791.6382484436035
6410.4 1708.7381057739258
6410.7 1644.4238967895508
6411.0 1708.7119636535645
6411.3 1714.0387878417969
6411.6 1688.190227508545
6411.9 1928.969825744629
6412.2 1824.1953315734863
6412.5 1789.6445198059082
6412.8 1922.8177909851074
6413.1 1809.065444946289
6413.4 1723.511074066162
6413.7 1711.575023651123
6414.0 1728.638027191162
6414.3 1694.2022399902344
6414.6 1581.7907428741455
6414.9 1608.687240600586
6415.2 1596.9221954345703
6415.5 1695.2987785339355
6415.8 1786.3534965515137
6416.1 1780.3795433044434
6416.4 1755.3880882263184
6416.7 1684.2880821228027
6417.0 1584.3950691223145
6417.3 1785.2713317871094
6417.6 1780.5859260559082
6417.9 1734.5933380126953
6418.2 1804.3329277038574
6418.5 1933.6629066467285
6418.8 1793.979663848877
6419.1 1651.9411315917969
6419.4 1870.1745338439941
6419.7 1858.0937118530273
6420.0 1682.5174140930176
6420.3 1776.4248962402344
6420.6 1852.3882179260254
6420.9 1829.1793594360352
6421.2 1827.128791809082
6421.5 1832.0311470031738
6421.8 1864.241714477539
6422.1 1662.1518669128418
6422.4 1637.3242721557617
6422.7 1787.011344909668
6423.0 1868.5074462890625
6423.3 1906.366870880127
6423.6 1865.6525802612305
6423.9 1827.4407768249512
6424.2 1771.1631088256836
6424.5 1700.3164596557617
6424.8 1915.312915802002
6425.1 1753.2560119628906
6425.4 1700.3189506530762
6425.7 1768.8302154541016
6426.0 1721.2584609985352
6426.3 1725.7348098754883
6426.6 1860.8362083435059
6426.9 1714.8392639160156
6427.2 1568.6269054412842
6427.5 1873.3494567871094
6427.8 1736.7126960754395
6428.1 1795.8397102355957
6428.4 1910.0936851501465
6428.7 1827.521827697754
6429.0 1903.8820915222168
6429.3 1767.917121887207
6429.6 1887.0175399780273
6429.9 1899.1527252197266
6430.2 1703.4298286437988
6430.5 1744.9139862060547
6430.8 1736.235855102539
6431.1 1673.9531211853027
6431.4 1662.809658050537
6431.7 1744.8643074035645
6432.0 1720.6360244750977
6432.3 1662.6102027893066
6432.6 1760.470012664795
6432.9 1762.4370460510254
6433.2 1777.599250793457
6433.5 1836.2521743774414
6433.8 1820.0016403198242
6434.1 1679.7639503479004
6434.4 1755.3357276916504
6434.7 1839.1048736572266
6435.0 1606.241138458252
6435.3 1677.2853698730469
6435.6 1755.4083824157715
6435.9 1763.0070991516113
6436.2 1785.0409927368164
6436.5 1834.7911643981934
6436.8 1803.1809272766113
6437.1 1819.3247718811035
6437.4 1614.8931579589844
6437.7 1921.3199920654297
6438.0 1859.3743171691895
6438.3 1772.5809364318848
6438.6 1791.054531097412
6438.9 1775.3197898864746
6439.2 1877.2477531433105
6439.5 1734.429672241211
6439.8 1830.144271850586
6440.1 1807.3595962524414
6440.4 1720.6192016601562
6440.7 1642.0508575439453
6441.0 1785.1886901855469
6441.3 1737.549819946289
6441.6 1700.292568206787
6441.9 1808.8051376342773
6442.2 1771.849494934082
6442.5 1711.646884918213
6442.8 1636.1201820373535
6443.1 1808.2724418640137
6443.4 1789.5244102478027
6443.7 1711.2644081115723
6444.0 1754.8649864196777
6444.3 1855.5768508911133
6444.6 1790.0008506774902
6444.9 1791.5467491149902
6445.2 1725.4880485534668
6445.5 1680.1830787658691
6445.8 1755.0333404541016
6446.1 1698.9375267028809
6446.4 1646.418685913086
6446.7 1647.8830261230469
6447.0 1695.244529724121
6447.3 1754.6064376831055
6447.6 1736.1384201049805
6447.9 1810.3496551513672
6448.2 1831.0808372497559
6448.5 1657.0943450927734
6448.8 1722.974594116211
6449.1 1810.9663467407227
6449.4 1813.8070030212402
6449.7 1701.0477867126465
6450.0 1759.3346519470215
6450.3 1866.3793144226074
6450.6 1725.900276184082
6450.9 1769.4957313537598
6451.2 1714.3234939575195
6451.5 1889.9233474731445
6451.8 1744.569049835205
6452.1 1613.5540733337402
6452.4 1633.9307441711426
6452.7 1597.1766471862793
6453.0 1638.125129699707
6453.3 1762.771598815918
6453.6 1707.6295356750488
6453.9 1653.2962608337402
6454.2 1863.9209098815918
6454.5 1782.224708557129
6454.8 1649.2921676635742
6455.1 1627.2483100891113
6455.4 1626.6712532043457
6455.7 1757.016616821289
6456.0 1775.1160583496094
6456.3 1643.052734375
6456.6 1588.7672843933105
6456.9 1815.3698196411133
6457.2 1705.7837867736816
6457.5 1700.4256134033203
6457.8 1619.085792541504
6458.1 1504.6210250854492
6458.4 1603.05326461792
6458.7 1675.3957786560059
6459.0 1705.486068725586
6459.3 1745.687427520752
6459.6 1657.3868789672852
6459.9 1633.5932731628418
6460.2 1714.4851837158203
6460.5 1752.7031059265137
6460.8 1866.430362701416
6461.1 1841.4268608093262
6461.4 1806.8031921386719
6461.7 1829.91939163208
6462.0 1833.1792030334473
6462.3 1695.3766632080078
6462.6 1760.113437652588
6462.9 1847.5663146972656
6463.2 1862.683017730713
6463.5 1785.6689071655273
6463.8 1783.4644584655762
6464.1 1737.2483253479004
6464.4 1810.6002082824707
6464.7 1816.3201141357422
6465.0 1844.7661590576172
6465.3 1700.3384819030762
6465.6 1691.293685913086
6465.9 1846.9768409729004
6466.2 1786.9497756958008
6466.5 1799.1529502868652
6466.8 1777.183006286621
6467.1 1696.3967247009277
6467.4 1768.56978225708
6467.7 1913.2953147888184
6468.0 1899.0683250427246
6468.3 1897.213134765625
6468.6 1750.6755828857422
6468.9 1498.5256423950195
6469.2 1707.8812618255615
6469.5 1699.8076820373535
6469.8 1852.6635513305664
6470.1 1880.104736328125
6470.4 1824.7794303894043
6470.7 1751.1929740905762
6471.0 1761.4550323486328
6471.3 1760.6559829711914
6471.6 1784.0683708190918
6471.9 1865.295654296875
6472.2 1820.603256225586
6472.5 1780.5564727783203
6472.8 1771.025821685791
6473.1 1887.4946746826172
6473.4 1819.2231559753418
6473.7 1700.9664497375488
6474.0 1580.6716537475586
6474.3 1612.0705833435059
6474.6 1666.222671508789
6474.9 1632.231243133545
6475.2 1661.765007019043
6475.5 1677.6067810058594
6475.8 1636.094009399414
6476.1 1649.110439300537
6476.4 1689.3166122436523
6476.7 1678.6233596801758
6477.0 1661.9019737243652
6477.3 1733.2026062011719
6477.6 1720.2084503173828
6477.9 1733.419116973877
6478.2 1776.2576217651367
6478.5 1774.905387878418
6478.8 1723.9189567565918
6479.1 1658.8025245666504
6479.4 1770.3668327331543
6479.7 1928.0733489990234
6480.0 1699.8163261413574
6480.3 1761.0436096191406
6480.6 1806.5774002075195
6480.9 1745.3094863891602
6481.2 1777.6593856811523
6481.5 1658.8279609680176
6481.8 1740.3017349243164
6482.1 1746.4308052062988
6482.4 1760.3837432861328
6482.7 1886.08695602417
6483.0 1660.7726936340332
6483.3 1729.5549545288086
6483.6 1660.1168785095215
6483.9 1751.8970184326172
6484.2 1840.1297874450684
6484.5 1795.9736213684082
6484.8 1715.2108840942383
6485.1 1734.1954383850098
6485.4 1798.0126037597656
6485.7 1724.9275131225586
6486.0 1733.280258178711
6486.3 1682.9258499145508
6486.6 1704.651210784912
6486.9 1758.5420150756836
6487.2 1859.5999946594238
6487.5 1723.656566619873
6487.8 1764.266372680664
6488.1 1795.8507194519043
6488.4 1586.9230270385742
6488.7 1610.9698371887207
6489.0 1736.2522506713867
6489.3 1744.5277824401855
6489.6 1788.7831001281738
6489.9 1737.4225769042969
6490.2 1699.2705993652344
6490.5 1665.7377243041992
6490.8 1583.5522079467773
6491.1 1742.6216659545898
6491.4 1638.6601638793945
6491.7 1651.3964233398438
6492.0 1857.259365081787
6492.3 1848.8653755187988
6492.6 1793.3530235290527
6492.9 1769.821060180664
6493.2 1664.8231735229492
6493.5 1699.378318786621
6493.8 1661.148796081543
6494.1 1540.4406242370605
6494.4 1489.3803024291992
6494.7 1595.5898094177246
6495.0 1643.0209884643555
6495.3 1602.4551887512207
6495.6 1666.9846115112305
6495.9 1728.4654006958008
6496.2 1635.0943222045898
6496.5 1708.601661682129
6496.8 1848.4010314941406
6497.1 1830.4780731201172
6497.4 1694.5322952270508
6497.7 1838.6799240112305
6498.0 1702.1559257507324
6498.3 1638.7294235229492
6498.6 1868.0402641296387
6498.9 1767.9534645080566
6499.2 1575.7094650268555
6499.5 1677.1636009216309
6499.8 1736.4196815490723
6500.1 1684.558334350586
6500.4 1709.2922744750977
6500.7 1775.6169319152832
6501.0 1683.4123764038086
6501.3 1785.3745803833008
6501.6 1844.286148071289
6501.9 1853.6169395446777
6502.2 1743.8340759277344
6502.5 1550.4642238616943
6502.8 1712.5015182495117
6503.1 1812.877758026123
6503.4 1785.9477005004883
6503.7 1714.4267578125
6504.0 1732.5401306152344
6504.3 1702.0780143737793
6504.6 1751.408706665039
6504.9 1904.256175994873
6505.2 1867.1218452453613
6505.5 1746.2158470153809
6505.8 1765.0555953979492
6506.1 1707.396068572998
6506.4 1559.456241607666
6506.7 1768.0959587097168
6507.0 1809.6325378417969
6507.3 1790.7851371765137
6507.6 1634.8478736877441
6507.9 1669.724594116211
6508.2 1757.9503631591797
6508.5 1824.9834823608398
6508.8 1771.3439636230469
6509.1 1795.0073013305664
6509.4 1739.4220085144043
6509.7 1734.73978805542
6510.0 1713.9931526184082
6510.3 1608.981029510498
6510.6 1649.4129810333252
6510.9 1569.1495819091797
6511.2 1597.9486465454102
6511.5 1597.398292541504
6511.8 1596.1343269348145
6512.1 1723.9903297424316
6512.4 1665.0274810791016
6512.7 1690.7512016296387
6513.0 1692.8126964569092
6513.3 1662.3832969665527
6513.6 1761.1150207519531
6513.9 1787.148048400879
6514.2 1755.9896202087402
6514.5 1712.3750286102295
6514.8 1658.0322570800781
6515.1 1638.6010284423828
6515.4 1572.4506359100342
6515.7 1664.6332931518555
6516.0 1729.1736106872559
6516.3 1519.4685516357422
6516.6 1490.6067905426025
6516.9 1607.919277191162
6517.2 1516.0537033081055
6517.5 1541.0084915161133
6517.8 1674.4096870422363
6518.1 1612.8288879394531
6518.4 1693.6098823547363
6518.7 1794.8863830566406
6519.0 1665.210988998413
6519.3 1726.98921585083
6519.6 1795.17924118042
6519.9 1719.0897178649902
6520.2 1745.224666595459
6520.5 1706.5590171813965
6520.8 1736.4808902740479
6521.1 1748.2931098937988
6521.4 1713.1717224121094
6521.7 1743.543254852295
6522.0 1797.6796684265137
6522.3 1821.0761184692383
6522.6 1735.9217109680176
6522.9 1853.936321258545
6523.2 1633.180019378662
6523.5 1649.8437995910645
6523.8 1764.589391708374
6524.1 1911.8631134033203
6524.4 1666.7097473144531
6524.7 1776.512809753418
6525.0 1660.6450119018555
6525.3 1565.31787109375
6525.6 1581.8915214538574
6525.9 1676.2213325500488
6526.2 1536.5423374176025
6526.5 1730.9212951660156
6526.8 1820.7782173156738
6527.1 1590.9074935913086
6527.4 1653.2300758361816
6527.7 1537.7276725769043
6528.0 1664.668872833252
6528.3 1612.5015888214111
6528.6 1640.5164947509766
6528.9 1606.4428787231445
6529.2 1524.8622703552246
6529.5 1595.9337348937988
6529.8 1651.6433639526367
6530.1 1627.5183601379395
6530.4 1595.9477462768555
6530.7 1578.5251922607422
6531.0 1671.12308883667
6531.3 1634.8714485168457
6531.6 1584.554401397705
6531.9 1755.9511108398438
6532.2 1726.4191207885742
6532.5 1587.8643951416016
6532.8 1697.7869987487793
6533.1 1801.678539276123
6533.4 1641.8641242980957
6533.7 1625.8880882263184
6534.0 1568.9604835510254
6534.3 1491.3539352416992
6534.6 1569.2828178405762
6534.9 1730.5538635253906
6535.2 1735.49751663208
6535.5 1673.4196014404297
6535.8 1569.279182434082
6536.1 1688.4326648712158
6536.4 1815.6433563232422
6536.7 1690.4242477416992
6537.0 1672.3769454956055
6537.3 1671.1906394958496
6537.6 1649.0245113372803
6537.9 1784.2399940490723
6538.2 1684.1769828796387
6538.5 1596.1780853271484
6538.8 1619.4472351074219
6539.1 1754.4868621826172
6539.4 1671.059097290039
6539.7 1727.4633903503418
6540.0 1708.936414718628
6540.3 1623.325294494629
6540.6 1587.7069244384766
6540.9 1676.0982093811035
6541.2 1722.5599327087402
6541.5 1623.1245231628418
6541.8 1663.5638122558594
6542.1 1765.159439086914
6542.4 1792.075361251831
6542.7 1667.5598697662354
6543.0 1707.4946327209473
6543.3 1664.9887046813965
6543.6 1527.1960792541504
6543.9 1730.173625946045
6544.2 1721.4593086242676
6544.5 1571.551944732666
6544.8 1579.608543395996
6545.1 1604.5871810913086
6545.4 1704.5778350830078
6545.7 1594.322696685791
6546.0 1504.1623840332031
6546.3 1560.6440620422363
6546.6 1635.3684158325195
6546.9 1586.2945404052734
6547.2 1520.5822200775146
6547.5 1647.39497756958
6547.8 1691.2173080444336
6548.1 1722.551124572754
6548.4 1584.2976551055908
6548.7 1669.1526069641113
6549.0 1651.1021614074707
6549.3 1580.7291221618652
6549.6 1602.4383964538574
6549.9 1559.6585731506348
6550.2 1610.6638412475586
6550.5 1717.5733680725098
6550.8 1706.5585975646973
6551.1 1648.1641426086426
6551.4 1616.6584091186523
6551.7 1563.1095657348633
6552.0 1549.3561191558838
6552.3 1592.8450164794922
6552.6 1663.774356842041
6552.9 1503.7431106567383
6553.2 1455.8900136947632
6553.5 1615.1184253692627
6553.8 1616.4545154571533
6554.1 1519.2694206237793
6554.4 1707.007625579834
6554.7 1615.9888916015625
6555.0 1528.2101783752441
6555.3 1710.534372329712
6555.6 1613.1947898864746
6555.9 1730.2287788391113
6556.2 1567.9767837524414
6556.5 1678.7068252563477
6556.8 1776.8750267028809
6557.1 1862.377140045166
6557.4 1765.8398780822754
6557.7 1600.819911956787
6558.0 1629.1665382385254
6558.3 1644.0341262817383
6558.6 1614.998592376709
6558.9 1666.2607765197754
6559.2 1483.6436100006104
6559.5 1506.9728469848633
6559.8 1608.7176475524902
6560.1 1575.9700469970703
6560.4 1524.4742279052734
6560.7 1661.1934509277344
6561.0 1587.8711700439453
6561.3 1598.5519218444824
6561.6 1745.8194007873535
6561.9 1660.4111137390137
6562.2 1604.9501304626465
6562.5 1575.7121543884277
6562.8 1683.4000778198242
6563.1 1577.7429237365723
6563.4 1619.7596111297607
6563.7 1666.5238571166992
6564.0 1548.3083992004395
6564.3 1549.9719352722168
6564.6 1699.4905891418457
6564.9 1701.1901550292969
6565.2 1678.2464752197266
6565.5 1746.983190536499
6565.8 1637.7243919372559
6566.1 1641.199306488037
6566.4 1584.5729637145996
6566.7 1643.669589996338
6567.0 1824.807716369629
6567.3 1676.8336791992188
6567.6 1638.475637435913
6567.9 1554.5750999450684
6568.2 1532.04439163208
6568.5 1545.9015293121338
6568.8 1763.7184829711914
6569.1 1606.8810234069824
6569.4 1644.622797012329
6569.7 1716.5250091552734
6570.0 1730.7816696166992
6570.3 1660.603183746338
6570.6 1631.715488433838
6570.9 1538.642225265503
6571.2 1596.932373046875
6571.5 1630.338638305664
6571.8 1612.2235412597656
6572.1 1693.6102256774902
6572.4 1645.828899383545
6572.7 1680.4433403015137
6573.0 1719.4605178833008
6573.3 1710.1932983398438
6573.6 1651.1186332702637
6573.9 1610.2690773010254
6574.2 1598.8054656982422
6574.5 1661.8814811706543
6574.8 1691.7269287109375
6575.1 1521.3624649047852
6575.4 1753.153060913086
6575.7 1590.396842956543
6576.0 1703.8416061401367
6576.3 1776.4566955566406
6576.6 1652.628215789795
6576.9 1474.9277801513672
6577.2 1549.415964126587
6577.5 1480.6230068206787
6577.8 1466.9381217956543
6578.1 1689.1259651184082
6578.4 1601.4471321105957
6578.7 1630.9486694335938
6579.0 1747.5764350891113
6579.3 1604.9324321746826
6579.6 1586.6334114074707
6579.9 1583.9121913909912
6580.2 1673.788475036621
6580.5 1578.1853408813477
6580.8 1596.1207809448242
6581.1 1631.3103332519531
6581.4 1657.8574905395508
6581.7 1632.7936897277832
6582.0 1607.5587921142578
6582.3 1665.4266357421875
6582.6 1575.3417377471924
6582.9 1599.8908729553223
6583.2 1682.7309837341309
6583.5 1747.9070892333984
6583.8 1785.8045654296875
6584.1 1647.9620323181152
6584.4 1524.5406036376953
6584.7 1562.8683166503906
6585.0 1615.333797454834
6585.3 1643.361328125
6585.6 1669.5355949401855
6585.9 1620.2031707763672
6586.2 1643.5545921325684
6586.5 1536.435157775879
6586.8 1621.2909507751465
6587.1 1686.9833221435547
6587.4 1661.3692512512207
6587.7 1612.3697719573975
6588.0 1637.364055633545
6588.3 1613.5625915527344
6588.6 1598.1024951934814
6588.9 1594.3611888885498
6589.2 1551.833324432373
6589.5 1446.1724548339844
6589.8 1599.9950218200684
6590.1 1592.4946937561035
6590.4 1484.3420658111572
6590.7 1517.582405090332
6591.0 1478.2795848846436
6591.3 1517.4325714111328
6591.6 1516.4144554138184
6591.9 1510.2333145141602
6592.2 1493.795207977295
6592.5 1470.8130798339844
6592.8 1477.5702018737793
6593.1 1405.272539138794
6593.4 1441.7033958435059
6593.7 1597.5134887695312
6594.0 1554.3131713867188
6594.3 1418.2077331542969
6594.6 1561.3665161132812
6594.9 1560.3291015625
6595.2 1519.64772605896
6595.5 1571.085319519043
6595.8 1550.4699363708496
6596.1 1523.815263748169
6596.4 1600.4315299987793
6596.7 1681.0123558044434
6597.0 1388.427391052246
6597.3 1382.4380359649658
6597.6 1586.3166999816895
6597.9 1483.673740386963
6598.2 1536.579990386963
6598.5 1519.1273651123047
6598.8 1459.4132022857666
6599.1 1519.8924713134766
6599.4 1594.055248260498
6599.7 1574.315502166748
6600.0 1561.174861907959
6600.3 1707.3546714782715
6600.6 1526.1433296203613
6600.9 1677.8290367126465
6601.2 1649.4826850891113
6601.5 1528.9765625
6601.8 1518.5537948608398
6602.1 1707.3295764923096
6602.4 1692.9046478271484
6602.7 1698.8095397949219
6603.0 1655.1977272033691
6603.3 1558.234317779541
6603.6 1488.5073318481445
6603.9 1612.443130493164
6604.2 1673.8822059631348
6604.5 1549.1590576171875
6604.8 1729.6796951293945
6605.1 1543.51930809021
6605.4 1609.5455436706543
6605.7 1638.7297534942627
6606.0 1636.5235900878906
6606.3 1617.5777740478516
6606.6 1656.6983528137207
6606.9 1717.6466903686523
6607.2 1732.610927581787
6607.5 1554.4217929840088
6607.8 1672.1919975280762
6608.1 1609.6649284362793
6608.4 1608.215763092041
6608.7 1628.0587577819824
6609.0 1625.9555053710938
6609.3 1739.5144844055176
6609.6 1695.3397369384766
6609.9 1636.581829071045
6610.2 1679.811767578125
6610.5 1648.4576606750488
6610.8 1628.1232948303223
6611.1 1568.1568984985352
6611.4 1624.8045921325684
6611.7 1562.2143211364746
6612.0 1647.0407218933105
6612.3 1657.1430549621582
6612.6 1637.70947265625
6612.9 1534.5194854736328
6613.2 1638.7267990112305
6613.5 1629.3946647644043
6613.8 1596.5595321655273
6614.1 1579.926414489746
6614.4 1649.2943382263184
6614.7 1671.4503555297852
6615.0 1573.702507019043
6615.3 1498.7285404205322
6615.6 1518.1948356628418
6615.9 1517.9517402648926
6616.2 1585.741123199463
6616.5 1605.8443183898926
6616.8 1623.9074058532715
6617.1 1600.9659957885742
6617.4 1533.607904434204
6617.7 1610.8613815307617
6618.0 1692.8130645751953
6618.3 1675.2903099060059
6618.6 1601.479335784912
6618.9 1574.9483642578125
6619.2 1584.5724964141846
6619.5 1609.701675415039
6619.8 1676.9387702941895
6620.1 1688.3102054595947
6620.4 1540.2220706939697
6620.7 1645.583002090454
6621.0 1593.7194786071777
6621.3 1531.6161766052246
6621.6 1630.8403205871582
6621.9 1707.620449066162
6622.2 1650.8824996948242
6622.5 1509.7754726409912
6622.8 1483.9602279663086
6623.1 1597.177890777588
6623.4 1655.7703952789307
6623.7 1597.1858177185059
6624.0 1628.3434982299805
6624.3 1633.25053024292
6624.6 1602.7297592163086
6624.9 1572.2729415893555
6625.2 1650.5496711730957
6625.5 1669.900707244873
6625.8 1591.8240852355957
6626.1 1517.5448265075684
6626.4 1603.3457298278809
6626.7 1703.8054656982422
6627.0 1651.0245819091797
6627.3 1623.5611457824707
6627.6 1621.9933242797852
6627.9 1611.362735748291
6628.2 1561.4677658081055
6628.5 1551.477653503418
6628.8 1659.4631996154785
6629.1 1567.2849979400635
6629.4 1676.7163047790527
6629.7 1612.3982009887695
6630.0 1486.7480125427246
6630.3 1583.2928657531738
6630.6 1753.782829284668
6630.9 1627.7367820739746
6631.2 1542.5318794250488
6631.5 1531.8895072937012
6631.8 1581.2999114990234
6632.1 1665.5997734069824
6632.4 1711.601978302002
6632.7 1657.1614894866943
6633.0 1624.759162902832
6633.3 1610.2276859283447
6633.6 1563.775806427002
6633.9 1468.9367008209229
6634.2 1495.5690660476685
6634.5 1648.8508129119873
6634.8 1609.067295074463
6635.1 1590.6668281555176
6635.4 1649.424217224121
6635.7 1513.123203277588
6636.0 1512.8610801696777
6636.3 1531.6363525390625
6636.6 1518.0338554382324
6636.9 1664.1475982666016
6637.2 1575.4959526062012
6637.5 1570.4400100708008
6637.8 1600.693302154541
6638.1 1637.4289989471436
6638.4 1616.348346710205
6638.7 1586.10160446167
6639.0 1579.738124847412
6639.3 1574.506950378418
6639.6 1597.0801792144775
6639.9 1592.2626705169678
6640.2 1518.6608486175537
6640.5 1566.6886043548584
6640.8 1739.0635604858398
6641.1 1816.442783355713
6641.4 1916.4910163879395
6641.7 1817.5743827819824
6642.0 1832.245361328125
6642.3 1934.9542350769043
6642.6 1968.5778732299805
6642.9 1973.9082145690918
6643.2 2033.4504776000977
6643.5 2147.518253326416
6643.8 2141.959274291992
6644.1 2097.295738220215
6644.4 2087.1332931518555
6644.7 2116.2918128967285
6645.0 2108.13826751709
6645.3 1949.5837593078613
6645.6 1989.6541633605957
6645.9 2033.6751594543457
6646.2 1977.2779121398926
6646.5 1920.8316459655762
6646.8 1937.040439605713
6647.1 1956.658115386963
6647.4 1867.1910247802734
6647.7 1950.7451515197754
6648.0 1952.2361221313477
6648.3 1805.3471794128418
6648.6 1725.9642601013184
6648.9 1783.629192352295
6649.2 1911.869541168213
6649.5 1776.5719299316406
6649.8 1650.386516571045
6650.1 1631.0483360290527
6650.4 1673.7427921295166
6650.7 1686.4553527832031
6651.0 1534.4187507629395
6651.3 1582.0167121887207
6651.6 1479.3368549346924
6651.9 1442.3941860198975
6652.2 1499.2924900054932
6652.5 1496.8720149993896
6652.8 1417.7850246429443
6653.1 1314.2440605163574
6653.4 1352.0449714660645
6653.7 1375.2959575653076
6654.0 1478.197561264038
6654.3 1558.360740661621
6654.6 1632.912103652954
6654.9 1671.6609725952148
6655.2 1793.824592590332
6655.5 1909.9762649536133
6655.8 2283.8593940734863
6656.1 2706.029556274414
6656.4 2978.3350524902344
6656.7 3193.5309410095215
6657.0 3219.211925506592
6657.3 3613.941493988037
6657.6 3863.551616668701
6657.9 3775.8281478881836
6658.2 4180.425918579102
6658.5 4480.623641967773
6658.8 4610.943313598633
6659.1 4559.925216674805
6659.4 4335.930305480957
6659.7 4278.995532989502
6660.0 4228.104663848877
6660.3 4170.751129150391
6660.6 4158.57746887207
6660.9 3961.8951568603516
6661.2 3781.297264099121
6661.5 3880.6234588623047
6661.8 3625.907485961914
6662.1 3281.4910430908203
6662.4 3127.6051177978516
6662.7 2916.935287475586
6663.0 2761.7922401428223
6663.3 2556.7822456359863
6663.6 2578.700382232666
6663.9 2760.811248779297
6664.2 2556.5050373077393
6664.5 2794.642723083496
6664.8 2656.191005706787
6665.1 2400.8180198669434
6665.4 2019.2108612060547
6665.7 1909.4542388916016
6666.0 1893.7209434509277
6666.3 1757.0835762023926
6666.6 1598.0974674224854
6666.9 1528.0740375518799
6667.2 1595.951768875122
6667.5 1534.8111152648926
6667.8 1397.0779647827148
6668.1 1418.604175567627
6668.4 1500.4037475585938
6668.7 1497.101791381836
6669.0 1514.5487670898438
6669.3 1394.44331741333
6669.6 1556.014778137207
6669.9 1481.1782112121582
6670.2 1494.9128398895264
6670.5 1611.2525043487549
6670.8 1472.4397296905518
6671.1 1478.2575874328613
6671.4 1499.5100631713867
6671.7 1467.864839553833
6672.0 1415.2916889190674
6672.3 1371.3155326843262
6672.6 1320.3890228271484
6672.9 1392.6401176452637
6673.2 1333.7856884002686
6673.5 1418.8561458587646
6673.8 1485.8361110687256
6674.1 1415.0450286865234
6674.4 1296.1393451690674
6674.7 1428.6674175262451
6675.0 1413.5200634002686
6675.3 1577.692527770996
6675.6 1714.297019958496
6675.9 1546.0943145751953
6676.2 1696.3558502197266
6676.5 1777.3414726257324
6676.8 1927.4741096496582
6677.1 2142.0405349731445
6677.4 2304.146556854248
6677.7 2499.5142822265625
6678.0 2565.8120193481445
6678.3 2674.704360961914
6678.6 2764.7986373901367
6678.9 2886.017566680908
6679.2 2837.256622314453
6679.5 3048.0380783081055
6679.8 3090.5615196228027
6680.1 2837.25691986084
6680.4 3003.258945465088
6680.7 2870.58597946167
6681.0 3038.148090362549
6681.3 3017.5511932373047
6681.6 2834.6513061523438
6681.9 2903.350311279297
6682.2 3002.8419342041016
6682.5 2824.8362045288086
6682.8 2707.5053100585938
6683.1 2629.6689834594727
6683.4 2562.37931060791
6683.7 2548.5276107788086
6684.0 2449.758071899414
6684.3 2429.5358810424805
6684.6 2498.931179046631
6684.9 2521.5225143432617
6685.2 2351.5533866882324
6685.5 2249.207286834717
6685.8 2077.1770248413086
6686.1 2154.623104095459
6686.4 2044.5912799835205
6686.7 1973.6283378601074
6687.0 1884.7009773254395
6687.3 1846.2687339782715
6687.6 1739.3679885864258
6687.9 1808.0430297851562
6688.2 1653.8910064697266
6688.5 1563.0694370269775
6688.8 1549.6923656463623
6689.1 1614.7795162200928
6689.4 1645.806022644043
6689.7 1580.984712600708
6690.0 1546.6316223144531
6690.3 1563.33549118042
6690.6 1578.7636585235596
6690.9 1431.9520320892334
6691.2 1499.872694015503
6691.5 1436.7700843811035
6691.8 1518.6205234527588
6692.1 1613.3496341705322
6692.4 1593.0701370239258
6692.7 1610.3634643554688
6693.0 1534.6083812713623
6693.3 1532.147710800171
6693.6 1584.7529773712158
6693.9 1552.9833965301514
6694.2 1502.8071670532227
6694.5 1525.2728099822998
6694.8 1531.245065689087
6695.1 1598.421962738037
6695.4 1606.8863716125488
6695.7 1448.433120727539
6696.0 1438.067497253418
6696.3 1529.7356147766113
6696.6 1360.4244585037231
6696.9 1532.114646911621
6697.2 1522.322597503662
6697.5 1719.9145202636719
6697.8 1688.5398559570312
6698.1 1514.9130592346191
6698.4 1571.7271099090576
6698.7 1594.124994277954
6699.0 1600.3997802734375
6699.3 1532.3089542388916
6699.6 1480.1346378326416
6699.9 1520.7232666015625
6700.2 1585.728084564209
6700.5 1587.6882057189941
6700.8 1549.7992858886719
6701.1 1491.7995491027832
6701.4 1537.0863018035889
6701.7 1537.0144996643066
6702.0 1547.6844387054443
6702.3 1573.5802021026611
6702.6 1524.8532638549805
6702.9 1524.6007232666016
6703.2 1602.5604515075684
6703.5 1532.5025825500488
6703.8 1626.3587055206299
6704.1 1455.1021976470947
6704.4 1482.5159759521484
6704.7 1596.2698764801025
6705.0 1503.6075077056885
6705.3 1506.4517803192139
6705.6 1550.1524753570557
6705.9 1586.8403511047363
6706.2 1562.813892364502
6706.5 1603.0598106384277
6706.8 1518.7109680175781
6707.1 1450.2502746582031
6707.4 1493.2824573516846
6707.7 1542.8741188049316
6708.0 1497.7915840148926
6708.3 1517.819164276123
6708.6 1565.0905857086182
6708.9 1572.3092098236084
6709.2 1561.631118774414
6709.5 1523.9720668792725
6709.8 1496.3716011047363
6710.1 1491.9846858978271
6710.4 1551.3725509643555
6710.7 1595.5053329467773
6711.0 1717.0092506408691
6711.3 1645.1111030578613
6711.6 1621.1645164489746
6711.9 1577.5846977233887
6712.2 1617.2395095825195
6712.5 1514.3587818145752
6712.8 1477.3367614746094
6713.1 1570.2629508972168
6713.4 1552.2739963531494
6713.7 1511.5375652313232
6714.0 1601.134922027588
6714.3 1597.2232551574707
6714.6 1637.8593864440918
6714.9 1528.2430362701416
6715.2 1540.66109085083
6715.5 1645.9414253234863
6715.8 1582.4291229248047
6716.1 1509.0113887786865
6716.4 1508.0505981445312
6716.7 1586.9324684143066
6717.0 1549.902473449707
6717.3 1525.543664932251
6717.6 1566.9571170806885
6717.9 1503.508755683899
6718.2 1655.7947158813477
6718.5 1697.1359939575195
6718.8 1475.4084606170654
6719.1 1515.1897373199463
6719.4 1548.5825996398926
6719.7 1593.9428787231445
6720.0 1645.259563446045
6720.3 1432.9166831970215
6720.6 1475.1673603057861
6720.9 1571.6088027954102
6721.2 1581.5130290985107
6721.5 1620.2814407348633
6721.8 1682.573595046997
6722.1 1532.4713687896729
6722.4 1462.2187595367432
6722.7 1477.4241905212402
6723.0 1458.4016399383545
6723.3 1544.0290451049805
6723.6 1689.4326248168945
6723.9 1672.2030296325684
6724.2 1618.2505512237549
6724.5 1444.9041786193848
6724.8 1448.2178783416748
6725.1 1493.444049835205
6725.4 1481.8131256103516
6725.7 1455.7228355407715
6726.0 1440.4698009490967
6726.3 1482.6884231567383
6726.6 1554.3606796264648
6726.9 1498.1145401000977
6727.2 1500.8335819244385
6727.5 1582.1320343017578
6727.8 1598.5659255981445
6728.1 1505.82075881958
6728.4 1436.748737335205
6728.7 1446.052095413208
6729.0 1523.986312866211
6729.3 1599.6288414001465
6729.6 1602.9532051086426
6729.9 1545.7981452941895
6730.2 1534.5505104064941
6730.5 1455.386360168457
6730.8 1344.5078620910645
6731.1 1411.5671730041504
6731.4 1638.9720497131348
6731.7 1462.5911979675293
6732.0 1547.378526687622
6732.3 1418.0954751968384
6732.6 1448.88645362854
6732.9 1375.791015625
6733.2 1522.502784729004
6733.5 1547.792625427246
6733.8 1578.0832710266113
6734.1 1545.3318824768066
6734.4 1543.2027320861816
6734.7 1526.967290878296
6735.0 1540.752571105957
6735.3 1436.8268489837646
6735.6 1399.7255897521973
6735.9 1501.2317199707031
6736.2 1515.2672500610352
6736.5 1561.220588684082
6736.8 1558.7217483520508
6737.1 1483.4573574066162
6737.4 1498.8706817626953
6737.7 1419.5881385803223
6738.0 1479.5275268554688
6738.3 1655.7382888793945
6738.6 1621.4468460083008
6738.9 1606.0674476623535
6739.2 1486.9426441192627
6739.5 1539.4860858917236
6739.8 1468.6619110107422
6740.1 1428.3239612579346
6740.4 1537.292558670044
6740.7 1466.6316871643066
6741.0 1380.8127784729004
6741.3 1574.914987564087
6741.6 1612.8667621612549
6741.9 1507.2149085998535
6742.2 1514.3985137939453
6742.5 1498.1292514801025
6742.8 1541.209888458252
6743.1 1497.154483795166
6743.4 1530.199628829956
6743.7 1527.5923156738281
6744.0 1469.9055976867676
6744.3 1531.5423221588135
6744.6 1557.9929733276367
6744.9 1523.4482593536377
6745.2 1498.3461475372314
6745.5 1572.1043376922607
6745.8 1580.5667819976807
6746.1 1573.5679817199707
6746.4 1544.306568145752
6746.7 1692.0311393737793
6747.0 1587.5344429016113
6747.3 1543.407476425171
6747.6 1522.98122215271
6747.9 1597.462734222412
6748.2 1578.3251953125
6748.5 1512.1495933532715
6748.8 1567.5274143218994
6749.1 1553.8523063659668
6749.4 1600.5568523406982
6749.7 1583.8362922668457
6750.0 1551.6683979034424
6750.3 1606.6073570251465
6750.6 1552.2250518798828
6750.9 1680.2064819335938
6751.2 1575.0153884887695
6751.5 1605.220251083374
6751.8 1556.2873191833496
6752.1 1503.7760124206543
6752.4 1504.4312496185303
6752.7 1384.0875759124756
6753.0 1529.5092887878418
6753.3 1554.7344093322754
6753.6 1564.586769104004
6753.9 1544.4941864013672
6754.2 1495.3123207092285
6754.5 1534.45405960083
6754.8 1484.4110012054443
6755.1 1462.1712951660156
6755.4 1510.3710708618164
6755.7 1620.076057434082
6756.0 1584.1350746154785
6756.3 1565.2520580291748
6756.6 1581.5501174926758
6756.9 1547.0006561279297
6757.2 1514.039587020874
6757.5 1384.0931949615479
6757.8 1381.3883056640625
6758.1 1440.6422958374023
6758.4 1402.0233173370361
6758.7 1559.314546585083
6759.0 1516.3387336730957
6759.3 1488.518268585205
6759.6 1539.9978523254395
6759.9 1606.9579544067383
6760.2 1601.2217121124268
6760.5 1592.2764987945557
6760.8 1659.5107498168945
6761.1 1545.997917175293
6761.4 1490.1366539001465
6761.7 1452.1794567108154
6762.0 1628.512866973877
6762.3 1480.4196472167969
6762.6 1526.6479721069336
6762.9 1464.5335426330566
6763.2 1458.0046482086182
6763.5 1457.8847675323486
6763.8 1540.3791275024414
6764.1 1564.8306007385254
6764.4 1586.5216464996338
6764.7 1480.4282398223877
6765.0 1561.4324264526367
6765.3 1608.4972076416016
6765.6 1483.1905899047852
6765.9 1461.2909908294678
6766.2 1561.5186004638672
6766.5 1658.9595947265625
6766.8 1572.869384765625
6767.1 1536.5470638275146
6767.4 1494.8425788879395
6767.7 1471.002119064331
6768.0 1467.5433197021484
6768.3 1646.2684516906738
6768.6 1592.2599964141846
6768.9 1540.8519439697266
6769.2 1471.8893718719482
6769.5 1409.10280418396
6769.8 1501.4634227752686
6770.1 1520.0037422180176
6770.4 1591.597312927246
6770.7 1461.9609107971191
6771.0 1598.9549255371094
6771.3 1588.3346710205078
6771.6 1539.5320358276367
6771.9 1609.9161052703857
6772.2 1425.050329208374
6772.5 1587.7179107666016
6772.8 1712.9298667907715
6773.1 1672.506477355957
6773.4 1565.3169231414795
6773.7 1588.0267372131348
6774.0 1586.7898902893066
6774.3 1581.5181713104248
6774.6 1600.06369972229
6774.9 1718.3557586669922
6775.2 1611.2663135528564
6775.5 1539.838737487793
6775.8 1600.4657821655273
6776.1 1682.0136260986328
6776.4 1461.4952125549316
6776.7 1505.7469367980957
6777.0 1542.1662120819092
6777.3 1529.1726341247559
6777.6 1606.502311706543
6777.9 1625.8731670379639
6778.2 1609.945852279663
6778.5 1528.2216911315918
6778.8 1439.2183856964111
6779.1 1461.080421447754
6779.4 1406.5837593078613
6779.7 1527.2359313964844
6780.0 1494.6882820129395
6780.3 1484.5882892608643
6780.6 1615.9006328582764
6780.9 1561.3546962738037
6781.2 1510.7834148406982
6781.5 1521.8143520355225
6781.8 1587.0169467926025
6782.1 1611.3566589355469
6782.4 1672.567668914795
6782.7 1561.5236377716064
6783.0 1592.5410022735596
6783.3 1583.3145732879639
6783.6 1653.237564086914
6783.9 1566.9420700073242
6784.2 1559.6344966888428
6784.5 1539.5185413360596
6784.8 1560.0069465637207
6785.1 1536.7325897216797
6785.4 1435.7791080474854
6785.7 1480.151222229004
6786.0 1620.1591663360596
6786.3 1563.6773300170898
6786.6 1610.4592208862305
6786.9 1441.463788986206
6787.2 1480.0547542572021
6787.5 1521.4137020111084
6787.8 1590.3068389892578
6788.1 1539.0166187286377
6788.4 1399.7062149047852
6788.7 1462.9560375213623
6789.0 1464.5227222442627
6789.3 1495.1304664611816
6789.6 1603.9753856658936
6789.9 1418.347650527954
6790.2 1496.9218044281006
6790.5 1726.954267501831
6790.8 1457.502025604248
6791.1 1551.1222229003906
6791.4 1633.8864707946777
6791.7 1708.0002193450928
6792.0 1578.320556640625
6792.3 1555.200080871582
6792.6 1530.2354717254639
6792.9 1466.533878326416
6793.2 1534.6111946105957
6793.5 1505.0760173797607
6793.8 1491.1407432556152
6794.1 1688.641342163086
6794.4 1547.7469100952148
6794.7 1353.651964187622
6795.0 1536.317481994629
6795.3 1489.3196125030518
6795.6 1510.3327331542969
6795.9 1529.2662830352783
6796.2 1502.7312812805176
6796.5 1460.7628021240234
6796.8 1418.2609405517578
6797.1 1548.3536262512207
6797.4 1477.913890838623
6797.7 1517.544584274292
6798.0 1381.51265335083
6798.3 1586.6939373016357
6798.6 1569.5680351257324
6798.9 1541.654504776001
6799.2 1536.7574863433838
6799.5 1604.243808746338
6799.8 1588.4788990020752
6800.1 1566.8400897979736
6800.4 1540.596866607666
6800.7 1556.265911102295
6801.0 1532.2071723937988
6801.3 1590.6385879516602
6801.6 1592.3290328979492
6801.9 1644.9350986480713
6802.2 1538.938606262207
6802.5 1494.8524360656738
6802.8 1483.1938457489014
6803.1 1619.090187072754
6803.4 1463.1531505584717
6803.7 1513.1695671081543
6804.0 1579.3232707977295
6804.3 1584.0985260009766
6804.6 1463.550148010254
6804.9 1572.8324432373047
6805.2 1602.1495342254639
6805.5 1516.8426837921143
6805.8 1628.0400123596191
6806.1 1648.6685333251953
6806.4 1595.2353439331055
6806.7 1398.0085983276367
6807.0 1578.3608074188232
6807.3 1525.6016178131104
6807.6 1551.7677669525146
6807.9 1327.6250343322754
6808.2 1339.8204498291016
6808.5 1426.3845043182373
6808.8 1343.666103363037
6809.1 1406.7154541015625
6809.4 1476.3385200500488
6809.7 1426.2515602111816
6810.0 1449.273796081543
6810.3 1503.364091873169
6810.6 1555.5503730773926
6810.9 1665.5425262451172
6811.2 1705.6565780639648
6811.5 1831.8467102050781
6811.8 1881.0709037780762
6812.1 1745.5245628356934
6812.4 1982.5752601623535
6812.7 2006.66402053833
6813.0 1970.0094909667969
6813.3 2116.636390686035
6813.6 2123.098949432373
6813.9 2050.3148460388184
6814.2 2112.2457008361816
6814.5 2096.046501159668
6814.8 2165.251609802246
6815.1 2234.6244888305664
6815.4 2184.773094177246
6815.7 2089.2986450195312
6816.0 1998.7785034179688
6816.3 2079.6579513549805
6816.6 2018.6289672851562
6816.9 2017.3262748718262
6817.2 2025.8687477111816
6817.5 1932.2877616882324
6817.8 2040.7548446655273
6818.1 2014.1388130187988
6818.4 1951.1683349609375
6818.7 1823.009449005127
6819.0 1814.5363235473633
6819.3 1649.6099700927734
6819.6 1769.847454071045
6819.9 1892.7559280395508
6820.2 1778.975923538208
6820.5 1773.6839179992676
6820.8 1722.2318382263184
6821.1 1695.848466873169
6821.4 1766.162015914917
6821.7 1713.26491355896
6822.0 1604.6295776367188
6822.3 1563.1188650131226
6822.6 1543.9798641204834
6822.9 1464.1587085723877
6823.2 1495.394416809082
6823.5 1468.535234451294
6823.8 1521.620620727539
6824.1 1567.0035820007324
6824.4 1589.5966110229492
6824.7 1569.987548828125
6825.0 1606.9210453033447
6825.3 1660.8703708648682
6825.6 1645.5745582580566
6825.9 1720.0361652374268
6826.2 1924.9322814941406
6826.5 2165.3693809509277
6826.8 2117.113307952881
6827.1 1858.9419288635254
6827.4 1636.3436470031738
6827.7 1624.268072128296
6828.0 1796.1355075836182
6828.3 2296.8417739868164
6828.6 2650.0566024780273
6828.9 2327.6785202026367
6829.2 1678.1768054962158
6829.5 1313.3169196769595
6829.8 1176.0075070858002
6830.1 1157.1541209220886
6830.4 1451.4855184555054
6830.7 1765.511667251587
6831.0 1861.698715209961
6831.3 1851.302864074707
6831.6 2004.2071685791016
6831.9 2053.978977203369
6832.2 2014.4589500427246
6832.5 1837.5375442504883
6832.8 2036.93111038208
6833.1 2359.1538581848145
6833.4 2497.2807388305664
6833.7 2306.9807472229004
6834.0 1630.0008087158203
6834.3 1040.7621841430664
6834.6 650.1285319402814
6834.9 807.6059230566025
6835.2 1212.5809614658356
6835.5 1506.6092338562012
6835.8 1570.3706455230713
6836.1 1653.490436553955
6836.4 1565.3075866699219
6836.7 1609.8860244750977
6837.0 1635.222074508667
6837.3 1653.1513805389404
6837.6 1495.4081554412842
6837.9 1627.5936584472656
6838.2 1648.2673416137695
6838.5 1592.3985042572021
6838.8 1522.191354751587
6839.1 1521.534107208252
6839.4 1552.2872829437256
6839.7 1447.80366897583
6840.0 1424.934160232544
6840.3 1453.4288806915283
6840.6 1675.4409370422363
6840.9 1653.669750213623
6841.2 1723.2646827697754
6841.5 1475.8549461364746
6841.8 1207.909922361374
6842.1 1182.149706363678
6842.4 1200.5856490135193
6842.7 1389.8201599121094
6843.0 1451.525577545166
6843.3 1566.1131324768066
6843.6 1385.9034175872803
6843.9 1591.1061935424805
6844.2 1384.4291381835938
6844.5 1446.4328994750977
6844.8 1512.8252925872803
6845.1 1513.35205078125
6845.4 1587.1455364227295
6845.7 1437.897871017456
6846.0 1465.843318939209
6846.3 1426.6824359893799
6846.6 1569.4790496826172
6846.9 1445.0836791992188
6847.2 1527.3231716156006
6847.5 1420.6725978851318
6847.8 1520.6715202331543
6848.1 1362.8307361602783
6848.4 1433.9605464935303
6848.7 1465.9631690979004
6849.0 1632.21675491333
6849.3 1589.1884078979492
6849.6 1512.7249279022217
6849.9 1589.966802597046
6850.2 1499.4225769042969
6850.5 1501.401252746582
6850.8 1452.5375385284424
6851.1 1345.7061748504639
6851.4 1492.6874961853027
6851.7 1490.177677154541
6852.0 1489.8996829986572
6852.3 1429.7959747314453
6852.6 1429.828088760376
6852.9 1381.7615394592285
6853.2 1376.5566577911377
6853.5 1459.788558959961
6853.8 1422.3017330169678
6854.1 1515.0063304901123
6854.4 1549.783094406128
6854.7 1416.4948291778564
6855.0 1520.7468948364258
6855.3 1552.6136360168457
6855.6 1405.8993282318115
6855.9 1371.5581283569336
6856.2 1388.7294673919678
6856.5 1410.310001373291
6856.8 1491.745756149292
6857.1 1502.7136611938477
6857.4 1437.1271705627441
6857.7 1421.0775775909424
6858.0 1351.2535438537598
6858.3 1330.178092956543
6858.6 1468.089942932129
6858.9 1422.2957553863525
6859.2 1506.8746910095215
6859.5 1552.5862083435059
6859.8 1578.5239868164062
6860.1 1444.536127090454
6860.4 1371.488754272461
6860.7 1482.0605335235596
6861.0 2020.1393814086914
6861.3 1867.848243713379
6861.6 1852.7075576782227
6861.9 1953.4746627807617
6862.2 1938.3563690185547
6862.5 2698.949752807617
6862.8 3928.218505859375
6863.1 4945.702087402344
6863.4 4058.8977813720703
6863.7 1634.8734130859375
6864.0 321.07791662216187
6864.3 1019.9597320556641
6864.6 1113.8481903076172
6864.9 741.7380752563477
6865.2 415.2356376647949
6865.5 329.6660690307617
6865.8 369.5947570800781
6866.1 383.0680694580078
6866.4 392.3251495361328
6866.7 400.4130516052246
6867.0 285.4869384765625
6867.3 0.0
6867.6 0.0
6867.9 0.0
6868.2 0.0
6868.5 0.0
6868.8 0.0
6869.1 0.0
6869.4 0.0
6869.7 0.0
