4662.0 0.0
4662.3 0.0
4662.6 0.0
4662.9 0.0
4663.2 0.0
4663.5 0.0
4663.8 0.0
4664.1 0.0
4664.4 0.0
4664.7 0.0
4665.0 0.0
4665.3 0.0
4665.6 0.0
4665.9 0.0
4666.2 0.0
4666.5 0.0
4666.8 0.0
4667.1 0.0
4667.4 0.0
4667.7 0.0
4668.0 0.0
4668.3 0.0
4668.6 0.0
4668.9 0.0
4669.2 0.0
4669.5 0.0
4669.8 0.0
4670.1 0.0
4670.4 0.0
4670.7 0.0
4671.0 0.0
4671.3 0.0
4671.6 0.0
4671.9 0.0
4672.2 0.0
4672.5 0.0
4672.8 0.0
4673.1 0.0
4673.4 0.0
4673.7 0.0
4674.0 0.0
4674.3 0.0
4674.6 0.0
4674.9 0.0
4675.2 0.0
4675.5 0.0
4675.8 0.0
4676.1 0.0
4676.4 0.0
4676.7 0.0
4677.0 0.0
4677.3 0.0
4677.6 0.0
4677.9 0.0
4678.2 0.0
4678.5 0.0
4678.8 0.0
4679.1 0.0
4679.4 109.74776458740234
4679.7 137.70277404785156
4680.0 115.65719413757324
4680.3 24.302761256694794
4680.6 -6.159719731658697
4680.9 107.06213253736496
4681.2 70.26574969291687
4681.5 105.97212886810303
4681.8 133.14367485046387
4682.1 619.1340217590332
4682.4 457.3517565727234
4682.7 534.7698802947998
4683.0 681.1440696716309
4683.3 646.4384002685547
4683.6 520.7736179828644
4683.9 593.7310066223145
4684.2 651.9943895339966
4684.5 731.8968963623047
4684.8 854.3000659942627
4685.1 818.271562576294
4685.4 968.4382667541504
4685.7 901.4741306304932
4686.0 838.0845031738281
4686.3 780.2790679931641
4686.6 820.6906566619873
4686.9 737.9637851715088
4687.2 844.9873218536377
4687.5 753.4548931121826
4687.8 710.0654010772705
4688.1 802.982744216919
4688.4 828.4973850250244
4688.7 708.9923162460327
4689.0 702.2175903320312
4689.3 743.2594928741455
4689.6 830.7186622619629
4689.9 926.2669258117676
4690.2 811.8548774719238
4690.5 834.1570529937744
4690.8 777.0197086334229
4691.1 797.8680591583252
4691.4 825.8423709869385
4691.7 779.1784744262695
4692.0 786.3197250366211
4692.3 809.7125568389893
4692.6 880.0078144073486
4692.9 871.8276672363281
4693.2 877.9967956542969
4693.5 909.5095653533936
4693.8 823.5321178436279
4694.1 831.1938877105713
4694.4 775.4179096221924
4694.7 768.351224899292
4695.0 825.7751903533936
4695.3 854.2644100189209
4695.6 906.963544845581
4695.9 958.455078125
4696.2 874.8072099685669
4696.5 795.333083152771
4696.8 854.0861930847168
4697.1 853.0603446960449
4697.4 833.6549034118652
4697.7 813.7631301879883
4698.0 819.4686737060547
4698.3 879.1161651611328
4698.6 757.9647197723389
4698.9 754.2861251831055
4699.2 742.6017427444458
4699.5 816.3876724243164
4699.8 880.370418548584
4700.1 887.646484375
4700.4 972.263542175293
4700.7 874.3294277191162
4701.0 856.5624732971191
4701.3 792.8673858642578
4701.6 828.8016691207886
4701.9 897.4391994476318
4702.2 892.9104251861572
4702.5 884.2683868408203
4702.8 835.4908218383789
4703.1 756.337158203125
4703.4 795.7770233154297
4703.7 862.2290372848511
4704.0 923.2911491394043
4704.3 923.8220367431641
4704.6 981.2403736114502
4704.9 944.1318035125732
4705.2 888.6382293701172
4705.5 845.4086513519287
4705.8 956.8849792480469
4706.1 885.284158706665
4706.4 926.3884353637695
4706.7 917.7702026367188
4707.0 862.7546005249023
4707.3 804.0426807403564
4707.6 871.9132442474365
4707.9 944.2015933990479
4708.2 998.5775890350342
4708.5 916.0771636962891
4708.8 882.4256973266602
4709.1 866.7031049728394
4709.4 886.6300640106201
4709.7 914.0475845336914
4710.0 878.651683807373
4710.3 884.3445568084717
4710.6 1000.8266124725342
4710.9 994.6558876037598
4711.2 880.7493152618408
4711.5 912.5187492370605
4711.8 974.9757919311523
4712.1 978.7504920959473
4712.4 913.3020343780518
4712.7 940.0360927581787
4713.0 923.112795829773
4713.3 972.0772800445557
4713.6 919.1901988983154
4713.9 939.5519943237305
4714.2 1006.1116018295288
4714.5 1018.9257278442383
4714.8 958.7713851928711
4715.1 965.0424518585205
4715.4 936.0325870513916
4715.7 936.3449325561523
4716.0 927.6962127685547
4716.3 957.2289352416992
4716.6 901.6614933013916
4716.9 865.1028785705566
4717.2 1006.2224826812744
4717.5 941.0342273712158
4717.8 863.948844909668
4718.1 906.9453048706055
4718.4 955.8878784179688
4718.7 944.2637882232666
4719.0 907.8063983917236
4719.3 919.5211544036865
4719.6 896.1632995605469
4719.9 936.346435546875
4720.2 863.0329875946045
4720.5 899.1657428741455
4720.8 1012.8720817565918
4721.1 1044.0460720062256
4721.4 967.4046688079834
4721.7 788.6788148880005
4722.0 905.7900218963623
4722.3 1025.8988513946533
4722.6 1019.4980545043945
4722.9 978.4399127960205
4723.2 933.6252899169922
4723.5 812.3395671844482
4723.8 993.6224479675293
4724.1 1060.7029705047607
4724.4 890.3353118896484
4724.7 1050.1132831573486
4725.0 929.0649394989014
4725.3 901.5733470916748
4725.6 939.9657554626465
4725.9 924.1160717010498
4726.2 921.3421535491943
4726.5 1013.4150943756104
4726.8 891.2040157318115
4727.1 930.1494045257568
4727.4 1017.5638065338135
4727.7 1013.7894306182861
4728.0 870.6470546722412
4728.3 970.3592472076416
4728.6 1018.0442600250244
4728.9 1067.3859233856201
4729.2 1069.5775737762451
4729.5 1101.2055950164795
4729.8 1075.2210807800293
4730.1 933.2359304428101
4730.4 989.4512329101562
4730.7 1029.5245742797852
4731.0 927.8912410736084
4731.3 1002.1753482818604
4731.6 1001.4508743286133
4731.9 1023.4778461456299
4732.2 987.2567443847656
4732.5 1023.3895740509033
4732.8 1010.1042575836182
4733.1 961.2978649139404
4733.4 1000.310152053833
4733.7 1022.0912914276123
4734.0 1029.3320198059082
4734.3 1065.3907985687256
4734.6 1011.9560470581055
4734.9 847.5999412536621
4735.2 1040.5388450622559
4735.5 1063.016752243042
4735.8 932.8077564239502
4736.1 907.6650381088257
4736.4 925.3801536560059
4736.7 919.3086185455322
4737.0 904.0075073242188
4737.3 879.4015598297119
4737.6 758.7019424438477
4737.9 792.1039600372314
4738.2 838.5086936950684
4738.5 918.4718723297119
4738.8 834.7725677490234
4739.1 864.648006439209
4739.4 913.8417510986328
4739.7 985.6357402801514
4740.0 958.8759746551514
4740.3 963.7991924285889
4740.6 944.045503616333
4740.9 944.8136234283447
4741.2 867.7558345794678
4741.5 852.8278884887695
4741.8 1021.6644382476807
4742.1 1123.227560043335
4742.4 1152.3677139282227
4742.7 1051.2308502197266
4743.0 1071.2996158599854
4743.3 951.4464054107666
4743.6 929.0004663467407
4743.9 1083.619327545166
4744.2 1066.294942855835
4744.5 991.9937763214111
4744.8 1095.1485042572021
4745.1 885.7316265106201
4745.4 985.2534923553467
4745.7 1123.9289474487305
4746.0 985.6523590087891
4746.3 989.4945163726807
4746.6 1031.8545513153076
4746.9 1032.107904434204
4747.2 1022.1031227111816
4747.5 955.8602256774902
4747.8 999.6282958984375
4748.1 1018.624101638794
4748.4 1024.7716541290283
4748.7 1007.0685806274414
4749.0 1025.849473953247
4749.3 1045.1856803894043
4749.6 1082.629238128662
4749.9 988.6582183837891
4750.2 974.3704109191895
4750.5 942.9093742370605
4750.8 1017.5650672912598
4751.1 1045.0962028503418
4751.4 994.7040138244629
4751.7 937.6722774505615
4752.0 946.2517414093018
4752.3 1086.736717224121
4752.6 1057.5647602081299
4752.9 1003.004846572876
4753.2 1002.814772605896
4753.5 1004.7306995391846
4753.8 1094.3343257904053
4754.1 1092.4236812591553
4754.4 982.0193290710449
4754.7 984.5010299682617
4755.0 992.5593509674072
4755.3 1007.0146675109863
4755.6 1093.039888381958
4755.9 1112.6830310821533
4756.2 990.2977962493896
4756.5 1000.2548503875732
4756.8 1101.6755809783936
4757.1 1108.245958328247
4757.4 1000.2964267730713
4757.7 993.2794380187988
4758.0 1095.382303237915
4758.3 1022.6239490509033
4758.6 994.340986251831
4758.9 1038.7725791931152
4759.2 1069.8366775512695
4759.5 1137.2449417114258
4759.8 1023.6536493301392
4760.1 1005.7724685668945
4760.4 855.2866830825806
4760.7 1057.4860610961914
4761.0 1088.343204498291
4761.3 1102.014024734497
4761.6 1037.1034107208252
4761.9 993.3744163513184
4762.2 1105.3585891723633
4762.5 1125.9336280822754
4762.8 1074.86940574646
4763.1 1039.6234588623047
4763.4 1026.341646194458
4763.7 1103.2845973968506
4764.0 1083.6638793945312
4764.3 1125.7501697540283
4764.6 1070.8606204986572
4764.9 1036.5615139007568
4765.2 1096.4712982177734
4765.5 1071.5444450378418
4765.8 1010.4374389648438
4766.1 977.8258285522461
4766.4 1061.3292427062988
4766.7 1056.2100105285645
4767.0 1017.6312046051025
4767.3 1000.1852035522461
4767.6 1070.7401790618896
4767.9 1131.123888015747
4768.2 1133.087438583374
4768.5 1205.381700515747
4768.8 1186.8570308685303
4769.1 1030.1127338409424
4769.4 1090.3121967315674
4769.7 1091.6311683654785
4770.0 1021.7169532775879
4770.3 979.0518913269043
4770.6 1112.3356399536133
4770.9 1128.8013744354248
4771.2 1142.8232326507568
4771.5 1096.3540287017822
4771.8 966.7812366485596
4772.1 1073.551248550415
4772.4 1040.4030647277832
4772.7 1010.73828125
4773.0 957.08154296875
4773.3 921.1484985351562
4773.6 934.9035243988037
4773.9 1005.3423728942871
4774.2 1029.5794620513916
4774.5 1070.701000213623
4774.8 1205.644874572754
4775.1 1020.5214023590088
4775.4 1027.7633476257324
4775.7 1071.4956359863281
4776.0 1026.2753982543945
4776.3 990.3059825897217
4776.6 1065.4587230682373
4776.9 1150.9650688171387
4777.2 1115.944076538086
4777.5 1039.6280994415283
4777.8 1095.5531997680664
4778.1 1057.5683498382568
4778.4 1112.4699077606201
4778.7 1266.2225818634033
4779.0 1139.9300994873047
4779.3 1095.6604671478271
4779.6 1118.989185333252
4779.9 1148.2221488952637
4780.2 1065.86754322052
4780.5 1077.4022064208984
4780.8 1107.9879302978516
4781.1 1125.1632862091064
4781.4 1036.3417930603027
4781.7 1050.6676998138428
4782.0 981.7565116882324
4782.3 1108.574131011963
4782.6 1075.4650382995605
4782.9 976.7301349639893
4783.2 1110.1413650512695
4783.5 1038.3069381713867
4783.8 1111.2723846435547
4784.1 1034.5343570709229
4784.4 1049.5010433197021
4784.7 1092.585012435913
4785.0 1008.902473449707
4785.3 1067.8111400604248
4785.6 1160.6463813781738
4785.9 1063.179822921753
4786.2 999.2724666595459
4786.5 1006.0084400177002
4786.8 1109.8100261688232
4787.1 1151.5155792236328
4787.4 1168.744005203247
4787.7 1263.0496520996094
4788.0 1196.3003826141357
4788.3 1106.1839923858643
4788.6 1212.5544204711914
4788.9 1147.0510082244873
4789.2 1045.8906383514404
4789.5 940.0911693572998
4789.8 1100.8098373413086
4790.1 1099.8739681243896
4790.4 1098.0356750488281
4790.7 1281.1791725158691
4791.0 1192.9543075561523
4791.3 1176.484546661377
4791.6 1176.7988319396973
4791.9 1240.1719779968262
4792.2 1187.634262084961
4792.5 1209.7922649383545
4792.8 1137.0713996887207
4793.1 1103.5522212982178
4793.4 1214.9237823486328
4793.7 1166.961082458496
4794.0 1113.6764678955078
4794.3 1127.971082687378
4794.6 1156.8740139007568
4794.9 1093.101972579956
4795.2 1141.2119598388672
4795.5 1083.9093933105469
4795.8 1120.0089797973633
4796.1 1078.418348312378
4796.4 1171.9517040252686
4796.7 1182.8775024414062
4797.0 1070.30757522583
4797.3 1046.3391971588135
4797.6 1125.289234161377
4797.9 1035.941520690918
4798.2 1115.8006286621094
4798.5 1075.2295684814453
4798.8 1122.3249206542969
4799.1 942.940128326416
4799.4 1168.340929031372
4799.7 1110.520917892456
4800.0 1052.0638122558594
4800.3 1047.8020286560059
4800.6 1031.5738487243652
4800.9 1153.2809352874756
4801.2 1055.5796031951904
4801.5 1027.259126663208
4801.8 1051.1316547393799
4802.1 1104.1111125946045
4802.4 1109.6010284423828
4802.7 1186.9784603118896
4803.0 1270.378267288208
4803.3 1125.354507446289
4803.6 1153.0341796875
4803.9 1146.5347728729248
4804.2 1124.321949005127
4804.5 1199.489007949829
4804.8 1132.6594333648682
4805.1 1109.8307285308838
4805.4 1189.9345798492432
4805.7 1005.1655578613281
4806.0 1134.5121479034424
4806.3 1083.520658493042
4806.6 1026.3869972229004
4806.9 996.4059391021729
4807.2 1046.443733215332
4807.5 1048.8860874176025
4807.8 1014.8902969360352
4808.1 1218.0783462524414
4808.4 1169.3643131256104
4808.7 1254.356861114502
4809.0 1213.5953559875488
4809.3 1066.1454315185547
4809.6 1114.7879810333252
4809.9 1098.7804203033447
4810.2 1159.7463912963867
4810.5 1146.482229232788
4810.8 1155.1565971374512
4811.1 1186.4834785461426
4811.4 1215.4471225738525
4811.7 1193.3988208770752
4812.0 1250.3815803527832
4812.3 1022.318037033081
4812.6 1058.3623790740967
4812.9 987.7170295715332
4813.2 1171.1229782104492
4813.5 1262.4095306396484
4813.8 1162.4910316467285
4814.1 1063.9033737182617
4814.4 1105.8293743133545
4814.7 1125.6531076431274
4815.0 1138.5338039398193
4815.3 1189.5312232971191
4815.6 1206.3819046020508
4815.9 1204.0441150665283
4816.2 1175.7077236175537
4816.5 1136.3615684509277
4816.8 1025.45627784729
4817.1 1072.4619121551514
4817.4 1227.0363273620605
4817.7 1179.4120769500732
4818.0 1205.8377876281738
4818.3 1200.896369934082
4818.6 1091.7094345092773
4818.9 1059.449872970581
4819.2 1096.200828552246
4819.5 1138.4358940124512
4819.8 1074.776575088501
4820.1 1196.105281829834
4820.4 1261.2105293273926
4820.7 1160.2637538909912
4821.0 1247.6392936706543
4821.3 1147.0267791748047
4821.6 1165.682653427124
4821.9 1169.8106536865234
4822.2 1212.6732120513916
4822.5 1162.7312049865723
4822.8 1129.9565773010254
4823.1 1165.8618602752686
4823.4 1172.8273696899414
4823.7 1167.899034500122
4824.0 1142.289665222168
4824.3 1177.288173675537
4824.6 1100.2901573181152
4824.9 1045.702537536621
4825.2 1129.0282440185547
4825.5 1155.912441253662
4825.8 1030.4147386550903
4826.1 1120.7748565673828
4826.4 1168.3425598144531
4826.7 1206.8682289123535
4827.0 1154.6391582489014
4827.3 1137.837200164795
4827.6 1234.1554260253906
4827.9 1171.8286628723145
4828.2 1044.0348720550537
4828.5 1028.4441299438477
4828.8 1212.428321838379
4829.1 1133.094087600708
4829.4 1117.9280586242676
4829.7 1208.744218826294
4830.0 1104.6727237701416
4830.3 1179.7019634246826
4830.6 1200.6564502716064
4830.9 1062.0597457885742
4831.2 1021.6234149932861
4831.5 1063.2869930267334
4831.8 1073.2723236083984
4832.1 1105.4475078582764
4832.4 1157.352777481079
4832.7 1168.9349117279053
4833.0 1208.7380485534668
4833.3 1026.3337593078613
4833.6 1125.7128562927246
4833.9 1073.7247772216797
4834.2 1088.735502243042
4834.5 1007.9898281097412
4834.8 1005.7627897262573
4835.1 997.3342838287354
4835.4 1040.4813175201416
4835.7 1092.3429069519043
4836.0 1103.0980129241943
4836.3 1094.1565628051758
4836.6 1052.675588607788
4836.9 1022.0964431762695
4837.2 1041.1629600524902
4837.5 1153.4877166748047
4837.8 1162.9282932281494
4838.1 1178.6902503967285
4838.4 1019.7501831054688
4838.7 985.7774505615234
4839.0 1091.9452495574951
4839.3 1103.7150020599365
4839.6 1085.717544555664
4839.9 1127.9852752685547
4840.2 1070.7097911834717
4840.5 1110.2126731872559
4840.8 1161.7294082641602
4841.1 1099.63472366333
4841.4 1112.6428146362305
4841.7 1144.9519004821777
4842.0 1123.3795738220215
4842.3 1100.3451614379883
4842.6 1066.776798248291
4842.9 1153.7646284103394
4843.2 1069.5132102966309
4843.5 1242.1274662017822
4843.8 1141.5218830108643
4844.1 1192.373592376709
4844.4 1126.0918140411377
4844.7 1127.7785015106201
4845.0 1111.6275081634521
4845.3 1044.995470046997
4845.6 1205.1277179718018
4845.9 1162.2908668518066
4846.2 1107.6419734954834
4846.5 1154.9163188934326
4846.8 1240.9841194152832
4847.1 1288.8990058898926
4847.4 1219.6625156402588
4847.7 1193.601266860962
4848.0 1200.974027633667
4848.3 1228.3352737426758
4848.6 1194.0001125335693
4848.9 1201.6513481140137
4849.2 1210.3386096954346
4849.5 1204.894645690918
4849.8 1203.306589126587
4850.1 1152.7767658233643
4850.4 1013.2260437011719
4850.7 1018.4689865112305
4851.0 1057.7046566009521
4851.3 1054.6696968078613
4851.6 1044.8650512695312
4851.9 1177.366283416748
4852.2 1247.6486225128174
4852.5 1198.4504737854004
4852.8 1080.7855625152588
4853.1 1166.43971824646
4853.4 1190.6444053649902
4853.7 1099.8509330749512
4854.0 1082.6754055023193
4854.3 1153.5944118499756
4854.6 1175.1557846069336
4854.9 1045.7120685577393
4855.2 1113.9143314361572
4855.5 986.0324802398682
4855.8 1067.9400844573975
4856.1 1187.6773586273193
4856.4 1112.1310119628906
4856.7 1051.3472785949707
4857.0 1076.3294925689697
4857.3 1155.6474323272705
4857.6 1164.6250400543213
4857.9 1121.1054420471191
4858.2 1132.4832706451416
4858.5 1129.9849681854248
4858.8 1143.6873378753662
4859.1 1029.0936317443848
4859.4 1094.6904029846191
4859.7 1023.9509296417236
4860.0 1004.2307586669922
4860.3 1029.3974885940552
4860.6 1148.4568996429443
4860.9 1039.948133468628
4861.2 1090.1818962097168
4861.5 1154.5985717773438
4861.8 1084.9679908752441
4862.1 1113.5840740203857
4862.4 1059.022720336914
4862.7 1015.0027275085449
4863.0 988.6384124755859
4863.3 1210.0628643035889
4863.6 1140.4865093231201
4863.9 1078.4179096221924
4864.2 1063.2741565704346
4864.5 1181.001724243164
4864.8 1068.0439071655273
4865.1 1065.3088092803955
4865.4 1190.9062786102295
4865.7 1130.419324874878
4866.0 1111.1466178894043
4866.3 1037.7078227996826
4866.6 1128.5068664550781
4866.9 1215.096269607544
4867.2 1216.2291984558105
4867.5 1186.3846054077148
4867.8 1105.6834125518799
4868.1 1063.4598655700684
4868.4 1240.4738121032715
4868.7 1180.6325416564941
4869.0 1127.7946376800537
4869.3 1101.3699626922607
4869.6 1146.794729232788
4869.9 1162.6329746246338
4870.2 1238.9789848327637
4870.5 1192.0176315307617
4870.8 1112.8988628387451
4871.1 1030.2693138122559
4871.4 1149.590747833252
4871.7 1245.7307319641113
4872.0 1132.132532119751
4872.3 1096.682056427002
4872.6 1125.2203903198242
4872.9 1145.5216102600098
4873.2 1091.9656600952148
4873.5 1030.8069229125977
4873.8 1195.9637756347656
4874.1 1047.5022869110107
4874.4 1057.064661026001
4874.7 1213.1448135375977
4875.0 1185.4546146392822
4875.3 1126.0156364440918
4875.6 1127.0508518218994
4875.9 1282.095272064209
4876.2 1254.31374168396
4876.5 1179.5559635162354
4876.8 1097.7550888061523
4877.1 1130.2295322418213
4877.4 1137.4471588134766
4877.7 1094.6019439697266
4878.0 1119.6226749420166
4878.3 1075.2866554260254
4878.6 1155.579050064087
4878.9 1172.3964366912842
4879.2 1228.3466529846191
4879.5 1209.7903938293457
4879.8 1110.0377655029297
4880.1 1173.938850402832
4880.4 1140.7565650939941
4880.7 1055.6017951965332
4881.0 1152.465129852295
4881.3 1116.3823356628418
4881.6 1216.5920333862305
4881.9 1055.860403060913
4882.2 987.741865158081
4882.5 1018.5837688446045
4882.8 1124.543743133545
4883.1 1143.5460624694824
4883.4 1111.9538955688477
4883.7 1150.5160102844238
4884.0 1241.2210578918457
4884.3 1148.602195739746
4884.6 1178.5823554992676
4884.9 1133.1758117675781
4885.2 1128.584550857544
4885.5 1165.839750289917
4885.8 1142.8448963165283
4886.1 1277.7448654174805
4886.4 1209.3931159973145
4886.7 1033.029872894287
4887.0 1091.4576969146729
4887.3 1181.7026634216309
4887.6 1171.572645187378
4887.9 1128.7416496276855
4888.2 1075.601490020752
4888.5 1071.8893966674805
4888.8 1125.4079113006592
4889.1 1101.9240455627441
4889.4 1179.7433776855469
4889.7 1084.9378604888916
4890.0 1069.6616535186768
4890.3 1114.3116836547852
4890.6 1102.8168315887451
4890.9 1078.3637733459473
4891.2 1191.9516162872314
4891.5 1187.1381511688232
4891.8 1156.710350036621
4892.1 1131.6361827850342
4892.4 1187.656063079834
4892.7 1247.0097923278809
4893.0 1224.255968093872
4893.3 1197.1692600250244
4893.6 1234.085865020752
4893.9 1156.4132843017578
4894.2 1136.2249813079834
4894.5 1183.4230213165283
4894.8 1258.828468322754
4895.1 1137.1749267578125
4895.4 1177.8723831176758
4895.7 1106.9729175567627
4896.0 1186.574270248413
4896.3 1130.781894683838
4896.6 956.2054290771484
4896.9 1163.0425262451172
4897.2 1184.9532527923584
4897.5 1061.3324489593506
4897.8 1121.6211185455322
4898.1 1131.2015438079834
4898.4 1193.0046043395996
4898.7 1104.7445793151855
4899.0 1041.6352672576904
4899.3 1195.8882865905762
4899.6 1062.0380020141602
4899.9 1063.8831806182861
4900.2 1093.5569744110107
4900.5 1104.633192062378
4900.8 1008.4756050109863
4901.1 1223.449119567871
4901.4 1311.6272621154785
4901.7 1144.6436729431152
4902.0 965.7449588775635
4902.3 1054.0698738098145
4902.6 1073.0027503967285
4902.9 1048.8607082366943
4903.2 1060.8726272583008
4903.5 1112.483985900879
4903.8 1139.6511783599854
4904.1 1085.4687728881836
4904.4 1158.1343383789062
4904.7 1128.4035758972168
4905.0 1078.7977504730225
4905.3 1163.143663406372
4905.6 1127.077808380127
4905.9 1171.8518180847168
4906.2 1135.8611335754395
4906.5 1053.8421936035156
4906.8 1070.0192070007324
4907.1 1068.7681713104248
4907.4 1078.8988494873047
4907.7 1058.3858661651611
4908.0 1061.896785736084
4908.3 1182.647850036621
4908.6 1165.1484985351562
4908.9 1133.802158355713
4909.2 1158.9644966125488
4909.5 1196.406587600708
4909.8 1167.6583862304688
4910.1 1024.0910053253174
4910.4 1071.5822525024414
4910.7 1125.6992263793945
4911.0 1064.6755619049072
4911.3 1090.549367904663
4911.6 1189.6826286315918
4911.9 1081.8635711669922
4912.2 1069.518711090088
4912.5 1114.7730903625488
4912.8 1125.6214923858643
4913.1 1109.0626230239868
4913.4 1135.5999202728271
4913.7 1054.9637069702148
4914.0 981.6583156585693
4914.3 1088.1310596466064
4914.6 1098.4979934692383
4914.9 1225.3058242797852
4915.2 1053.8598937988281
4915.5 1186.9624843597412
4915.8 1179.4344444274902
4916.1 1097.8015594482422
4916.4 1135.5281314849854
4916.7 1156.724739074707
4917.0 1128.7736206054688
4917.3 1127.332986831665
4917.6 1106.5592346191406
4917.9 1178.5306015014648
4918.2 1079.4467144012451
4918.5 1125.71097946167
4918.8 1083.1531887054443
4919.1 1154.9005393981934
4919.4 1097.923511505127
4919.7 1156.831750869751
4920.0 1051.0681648254395
4920.3 1080.229290008545
4920.6 1038.197401046753
4920.9 1043.4862670898438
4921.2 1100.8923530578613
4921.5 1086.4667682647705
4921.8 1074.2690334320068
4922.1 1013.1643886566162
4922.4 1049.6820220947266
4922.7 1040.888282775879
4923.0 1026.8225936889648
4923.3 1054.306324005127
4923.6 1117.1882152557373
4923.9 1087.901906967163
4924.2 1103.645845413208
4924.5 1140.9368343353271
4924.8 982.0484390258789
4925.1 1074.8728065490723
4925.4 1059.9940242767334
4925.7 996.1968879699707
4926.0 1094.8049354553223
4926.3 1127.162115097046
4926.6 1056.8004512786865
4926.9 918.6881504058838
4927.2 1060.1702117919922
4927.5 1009.9807090759277
4927.8 944.6870393753052
4928.1 1000.1252040863037
4928.4 1043.6966915130615
4928.7 1021.4636859893799
4929.0 984.6549320220947
4929.3 1021.7995910644531
4929.6 984.9074611663818
4929.9 1122.3076248168945
4930.2 1177.021800994873
4930.5 1169.1139678955078
4930.8 1230.6936302185059
4931.1 1413.3583221435547
4931.4 1525.7645835876465
4931.7 1497.3852462768555
4932.0 1421.3724327087402
4932.3 1478.5969333648682
4932.6 1452.762622833252
4932.9 1358.135097503662
4933.2 1304.33766746521
4933.5 1375.1503295898438
4933.8 1236.3571662902832
4934.1 1219.944257736206
4934.4 1111.999532699585
4934.7 1057.7059965133667
4935.0 1030.404821395874
4935.3 1020.9538440704346
4935.6 983.6008968353271
4935.9 1003.5115966796875
4936.2 1116.1216526031494
4936.5 990.9949645996094
4936.8 1000.7848567962646
4937.1 1084.2239208221436
4937.4 1024.6872081756592
4937.7 1047.2499809265137
4938.0 1006.2333564758301
4938.3 1036.3651599884033
4938.6 873.8383846282959
4938.9 923.2887325286865
4939.2 874.9584426879883
4939.5 863.4348735809326
4939.8 1029.6774806976318
4940.1 1009.9038333892822
4940.4 960.2179584503174
4940.7 940.2237682342529
4941.0 987.5211601257324
4941.3 1016.5518016815186
4941.6 906.4035949707031
4941.9 988.0871143341064
4942.2 1062.295825958252
4942.5 972.832971572876
4942.8 986.4267921447754
4943.1 1021.8842754364014
4943.4 972.5432548522949
4943.7 908.9085903167725
4944.0 966.8481884002686
4944.3 1007.1712245941162
4944.6 952.0532112121582
4944.9 919.5437469482422
4945.2 1048.3212642669678
4945.5 1037.8367404937744
4945.8 963.6919403076172
4946.1 837.2521829605103
4946.4 935.5909538269043
4946.7 883.2129001617432
4947.0 926.5420112609863
4947.3 995.3940353393555
4947.6 1063.3513507843018
4947.9 1037.3811149597168
4948.2 1080.8866157531738
4948.5 1147.4643230438232
4948.8 1019.6155624389648
4949.1 1018.9762954711914
4949.4 1059.3036098480225
4949.7 990.8228092193604
4950.0 1079.4370288848877
4950.3 1052.177490234375
4950.6 1055.7990703582764
4950.9 1115.790542602539
4951.2 1013.2563190460205
4951.5 1033.6013431549072
4951.8 1061.1654376983643
4952.1 1019.0988807678223
4952.4 1108.0193977355957
4952.7 1091.0191535949707
4953.0 1115.3514709472656
4953.3 1169.6874351501465
4953.6 1129.1958351135254
4953.9 1117.6897201538086
4954.2 1088.1216564178467
4954.5 1163.3697547912598
4954.8 1119.3024787902832
4955.1 1162.7441787719727
4955.4 1099.2621974945068
4955.7 1047.345645904541
4956.0 1080.7068195343018
4956.3 1214.3829803466797
4956.6 1170.160587310791
4956.9 1075.0829010009766
4957.2 1026.2003688812256
4957.5 1019.6854362487793
4957.8 1018.74924659729
4958.1 1014.9175052642822
4958.4 1077.8919467926025
4958.7 1033.7113513946533
4959.0 1063.2326736450195
4959.3 1050.614616394043
4959.6 922.4411430358887
4959.9 992.8535623550415
4960.2 1098.5247745513916
4960.5 1154.778995513916
4960.8 1052.4737358093262
4961.1 915.3300151824951
4961.4 1001.2709407806396
4961.7 1090.1458702087402
4962.0 1046.8750953674316
4962.3 971.4997978210449
4962.6 1046.4921951293945
4962.9 1103.6306705474854
4963.2 1093.035415649414
4963.5 1053.7059783935547
4963.8 1069.0865383148193
4964.1 1023.4111061096191
4964.4 1020.4327068328857
4964.7 1101.5111503601074
4965.0 1071.9327068328857
4965.3 1063.7201900482178
4965.6 1094.9785842895508
4965.9 1032.1582641601562
4966.2 1108.3607597351074
4966.5 929.5590782165527
4966.8 1001.804126739502
4967.1 1080.1717262268066
4967.4 1054.5260276794434
4967.7 988.9052829742432
4968.0 1063.0309314727783
4968.3 1093.1881790161133
4968.6 1022.840612411499
4968.9 1069.0830898284912
4969.2 1128.1360321044922
4969.5 1097.1978015899658
4969.8 1078.2380046844482
4970.1 1080.5549812316895
4970.4 1179.4118556976318
4970.7 1115.7373371124268
4971.0 1088.4292430877686
4971.3 1148.4456195831299
4971.6 1127.5740203857422
4971.9 1116.8446769714355
4972.2 1137.873680114746
4972.5 1118.2640495300293
4972.8 1210.314079284668
4973.1 1066.060926437378
4973.4 1035.6960010528564
4973.7 1179.5923805236816
4974.0 1198.2532596588135
4974.3 1114.0912761688232
4974.6 1158.6123123168945
4974.9 1180.0560398101807
4975.2 1158.6708126068115
4975.5 1072.5707931518555
4975.8 1075.9518184661865
4976.1 1083.851598739624
4976.4 1119.08083152771
4976.7 1121.8739395141602
4977.0 1234.9742946624756
4977.3 1137.7786693572998
4977.6 1052.3569221496582
4977.9 1073.0088834762573
4978.2 1049.2604026794434
4978.5 1039.778621673584
4978.8 1072.0270404815674
4979.1 1095.2900562286377
4979.4 1220.4408721923828
4979.7 1253.4552154541016
4980.0 1128.486457824707
4980.3 1232.5115928649902
4980.6 1110.9508838653564
4980.9 1146.552885055542
4981.2 1075.3436851501465
4981.5 1069.653881072998
4981.8 1164.795265197754
4982.1 1129.160530090332
4982.4 1042.1372241973877
4982.7 1027.5826206207275
4983.0 1089.1432991027832
4983.3 1113.0891284942627
4983.6 1069.9770774841309
4983.9 1090.5764808654785
4984.2 1046.3924684524536
4984.5 973.9281311035156
4984.8 991.8327026367188
4985.1 1120.4504699707031
4985.4 1129.7441120147705
4985.7 1058.7472381591797
4986.0 1025.9175205230713
4986.3 1066.1467018127441
4986.6 1111.29807472229
4986.9 1214.655590057373
4987.2 1215.779748916626
4987.5 1112.9451084136963
4987.8 1174.7044830322266
4988.1 1210.3157367706299
4988.4 1171.3185195922852
4988.7 1180.2450504302979
4989.0 1240.8707389831543
4989.3 1138.446376800537
4989.6 1163.2284240722656
4989.9 1212.7323455810547
4990.2 1165.1696758270264
4990.5 1085.7589416503906
4990.8 1205.7174854278564
4991.1 1172.9114265441895
4991.4 1134.18869972229
4991.7 1129.454683303833
4992.0 1091.7456665039062
4992.3 1043.8917598724365
4992.6 1096.1875610351562
4992.9 1075.239073753357
4993.2 946.7113037109375
4993.5 1120.8318672180176
4993.8 1162.965337753296
4994.1 1054.355697631836
4994.4 1066.7497081756592
4994.7 1044.0866031646729
4995.0 953.7821292877197
4995.3 877.7784767150879
4995.6 998.6148719787598
4995.9 1000.5294399261475
4996.2 1069.8548908233643
4996.5 1060.8712921142578
4996.8 1002.7961711883545
4997.1 1007.3551063537598
4997.4 972.9851322174072
4997.7 1121.9839420318604
4998.0 1120.6324214935303
4998.3 1147.9689178466797
4998.6 1000.4469165802002
4998.9 1042.8427066802979
4999.2 1011.2395095825195
4999.5 1096.1432781219482
4999.8 976.6608514785767
5000.1 1133.068157196045
5000.4 1093.8030261993408
5000.7 1124.003402709961
5001.0 1178.3487491607666
5001.3 1175.109462738037
5001.6 1111.3152027130127
5001.9 1090.1046047210693
5002.2 1099.0413093566895
5002.5 1144.213047027588
5002.8 1049.9132595062256
5003.1 1104.840799331665
5003.4 1113.785758972168
5003.7 1101.2594299316406
5004.0 1150.4205627441406
5004.3 1097.3189182281494
5004.6 1045.0292530059814
5004.9 1110.570713043213
5005.2 1070.0085849761963
5005.5 1139.4506549835205
5005.8 1151.7011909484863
5006.1 1114.506233215332
5006.4 1064.0425128936768
5006.7 1045.3750276565552
5007.0 1205.3157043457031
5007.3 1128.666021347046
5007.6 1089.3122425079346
5007.9 1057.6311855316162
5008.2 1195.6488571166992
5008.5 1116.6257457733154
5008.8 1121.5997161865234
5009.1 1135.3091716766357
5009.4 1218.4175510406494
5009.7 1107.9194812774658
5010.0 1070.3270359039307
5010.3 1061.3209247589111
5010.6 1188.4447593688965
5010.9 1137.136281967163
5011.2 1078.0633487701416
5011.5 1143.5747547149658
5011.8 1033.523733139038
5012.1 972.8698482513428
5012.4 1162.8259449005127
5012.7 1001.0925006866455
5013.0 1116.8806648254395
5013.3 1073.8434314727783
5013.6 1011.6037101745605
5013.9 1042.8605575561523
5014.2 1004.9864673614502
5014.5 1051.1546535491943
5014.8 1054.0829639434814
5015.1 1098.1563930511475
5015.4 998.9448890686035
5015.7 1134.7503776550293
5016.0 1079.957332611084
5016.3 1092.3300132751465
5016.6 1121.9653949737549
5016.9 1055.0620365142822
5017.2 1140.3217868804932
5017.5 1117.4724349975586
5017.8 1060.2405681610107
5018.1 1114.521863937378
5018.4 1085.7701587677002
5018.7 1134.7035751342773
5019.0 1114.6523094177246
5019.3 1162.08127784729
5019.6 1164.802890777588
5019.9 1152.157823562622
5020.2 1128.5473232269287
5020.5 1018.4896183013916
5020.8 1130.8934936523438
5021.1 1211.7916355133057
5021.4 1080.713872909546
5021.7 1185.2601699829102
5022.0 1190.020257949829
5022.3 1055.5187492370605
5022.6 1146.2321319580078
5022.9 1051.1159954071045
5023.2 1029.7136325836182
5023.5 1199.728593826294
5023.8 1176.0270023345947
5024.1 1239.788589477539
5024.4 1248.5129928588867
5024.7 1169.4949035644531
5025.0 1154.661708831787
5025.3 1109.707374572754
5025.6 1165.206048965454
5025.9 1165.2414054870605
5026.2 1168.007978439331
5026.5 1174.3505744934082
5026.8 1130.4046573638916
5027.1 1107.5567665100098
5027.4 1178.9810619354248
5027.7 1100.6384029388428
5028.0 1109.1838989257812
5028.3 1071.5392246246338
5028.6 1124.6087970733643
5028.9 1044.2039203643799
5029.2 1240.634672164917
5029.5 1228.782117843628
5029.8 1208.5684623718262
5030.1 1213.1353244781494
5030.4 1189.0029335021973
5030.7 1207.4967727661133
5031.0 1173.3970642089844
5031.3 1154.7493705749512
5031.6 1165.5902633666992
5031.9 1151.0896129608154
5032.2 1099.215576171875
5032.5 1139.585069656372
5032.8 1172.64448928833
5033.1 1091.6437435150146
5033.4 1174.2402534484863
5033.7 1155.6287364959717
5034.0 1120.3175678253174
5034.3 1155.26416015625
5034.6 1155.5391864776611
5034.9 1143.5426616668701
5035.2 1223.5975971221924
5035.5 1160.427095413208
5035.8 1091.3003978729248
5036.1 1226.168176651001
5036.4 1149.834768295288
5036.7 1172.4422588348389
5037.0 1215.7534370422363
5037.3 1194.2973365783691
5037.6 1198.2772407531738
5037.9 1173.4781093597412
5038.2 1131.5700759887695
5038.5 1117.005729675293
5038.8 1205.909231185913
5039.1 1126.6244449615479
5039.4 1081.7783851623535
5039.7 1071.4022464752197
5040.0 1060.7643127441406
5040.3 1114.0481052398682
5040.6 1066.3928108215332
5040.9 1020.3364524841309
5041.2 1073.1973686218262
5041.5 1120.404800415039
5041.8 1089.3201122283936
5042.1 1056.186014175415
5042.4 1114.3212890625
5042.7 1073.0840663909912
5043.0 1164.9542846679688
5043.3 1050.865406036377
5043.6 1073.3806037902832
5043.9 1166.651596069336
5044.2 1047.4947052001953
5044.5 1092.0721607208252
5044.8 1158.6814861297607
5045.1 1046.6724643707275
5045.4 1110.9703845977783
5045.7 1117.1665840148926
5046.0 1017.7363166809082
5046.3 1194.081916809082
5046.6 1018.135908126831
5046.9 1020.4258327484131
5047.2 1088.8234405517578
5047.5 1101.0175476074219
5047.8 1154.0489406585693
5048.1 1193.1355419158936
5048.4 1082.4135456085205
5048.7 1187.503849029541
5049.0 1137.274154663086
5049.3 1126.5193576812744
5049.6 1144.755054473877
5049.9 1151.1382465362549
5050.2 1208.1810035705566
5050.5 1173.3296527862549
5050.8 1230.0603294372559
5051.1 1121.2091464996338
5051.4 1054.4679203033447
5051.7 1141.718563079834
5052.0 1216.1698455810547
5052.3 1056.5098762512207
5052.6 1064.2801570892334
5052.9 1125.354091644287
5053.2 1158.3042297363281
5053.5 1106.6556968688965
5053.8 1095.253002166748
5054.1 1045.9600524902344
5054.4 1190.4105243682861
5054.7 1234.4865036010742
5055.0 1101.571102142334
5055.3 1045.772560119629
5055.6 1105.6903743743896
5055.9 1007.064829826355
5056.2 933.0970878601074
5056.5 1010.2819137573242
5056.8 1082.0850467681885
5057.1 1107.1150283813477
5057.4 1069.1057815551758
5057.7 981.3395843505859
5058.0 1042.0262126922607
5058.3 1064.9052486419678
5058.6 1085.2418613433838
5058.9 1094.5198154449463
5059.2 1043.8651733398438
5059.5 1054.55810546875
5059.8 1020.6490383148193
5060.1 1010.1681652069092
5060.4 1105.9594249725342
5060.7 1092.6107864379883
5061.0 1075.5042133331299
5061.3 1088.3072891235352
5061.6 1176.5362854003906
5061.9 1098.1642360687256
5062.2 1016.3547344207764
5062.5 1073.160068511963
5062.8 1017.3832817077637
5063.1 1161.761739730835
5063.4 1102.894214630127
5063.7 1035.920322418213
5064.0 1060.23148727417
5064.3 1085.2351245880127
5064.6 1197.8531551361084
5064.9 1190.9310512542725
5065.2 1152.6184043884277
5065.5 1015.6235666275024
5065.8 1062.2441062927246
5066.1 1220.5311107635498
5066.4 1161.135585784912
5066.7 1060.8706150054932
5067.0 944.6306819915771
5067.3 1026.978427886963
5067.6 1073.8254623413086
5067.9 1108.2507190704346
5068.2 1156.9224071502686
5068.5 1180.2706470489502
5068.8 1101.3824100494385
5069.1 1134.4844665527344
5069.4 1194.9624404907227
5069.7 1105.0362606048584
5070.0 1121.5063228607178
5070.3 1096.8580532073975
5070.6 1112.127981185913
5070.9 1092.8134460449219
5071.2 1188.2136917114258
5071.5 1179.008945465088
5071.8 1237.5906505584717
5072.1 1202.3198223114014
5072.4 1173.1979885101318
5072.7 1108.3508682250977
5073.0 1096.690013885498
5073.3 1153.2105712890625
5073.6 1071.1086692810059
5073.9 914.038670539856
5074.2 1110.9030284881592
5074.5 1100.067455291748
5074.8 1050.3230590820312
5075.1 998.0744380950928
5075.4 1078.7718296051025
5075.7 965.6097450256348
5076.0 1054.5218181610107
5076.3 1062.7601776123047
5076.6 1153.6574821472168
5076.9 1168.3987274169922
5077.2 1058.7419300079346
5077.5 1157.1448421478271
5077.8 1218.5934524536133
5078.1 1224.8066310882568
5078.4 1409.3917503356934
5078.7 1467.7482566833496
5079.0 1356.1439762115479
5079.3 1361.5501098632812
5079.6 1360.888391494751
5079.9 1403.8208656311035
5080.2 1379.83176612854
5080.5 1386.7672309875488
5080.8 1376.5419082641602
5081.1 1219.2375926971436
5081.4 1241.9331703186035
5081.7 1295.8847217559814
5082.0 1189.6037464141846
5082.3 1093.266803741455
5082.6 1143.8688888549805
5082.9 1253.4393577575684
5083.2 1205.28763961792
5083.5 1279.3467407226562
5083.8 1280.5000801086426
5084.1 1169.777795791626
5084.4 1232.414800643921
5084.7 1255.6063194274902
5085.0 1172.5562858581543
5085.3 1171.2947044372559
5085.6 1178.1405410766602
5085.9 1171.1999473571777
5086.2 1208.9607543945312
5086.5 1123.6133728027344
5086.8 1203.7536296844482
5087.1 999.5431022644043
5087.4 1113.5106163024902
5087.7 1137.0176620483398
5088.0 1027.9376640319824
5088.3 1132.8469047546387
5088.6 1190.2912998199463
5088.9 1049.7334747314453
5089.2 1058.7581386566162
5089.5 1042.9454936981201
5089.8 1003.2304935455322
5090.1 991.1826782226562
5090.4 1087.2653541564941
5090.7 1055.108684539795
5091.0 1132.477252960205
5091.3 1061.678331375122
5091.6 969.7715702056885
5091.9 939.8412170410156
5092.2 984.4345970153809
5092.5 1056.5437965393066
5092.8 1041.7691707611084
5093.1 1095.972318649292
5093.4 1036.643222808838
5093.7 1068.7773036956787
5094.0 1074.4151782989502
5094.3 997.2698307037354
5094.6 1043.695957183838
5094.9 1043.6969661712646
5095.2 1088.200433731079
5095.5 1016.6201267242432
5095.8 1121.3071384429932
5096.1 1050.3847770690918
5096.4 1031.194658279419
5096.7 1083.912338256836
5097.0 1134.5617656707764
5097.3 1064.0449848175049
5097.6 1007.3585529327393
5097.9 998.3619918823242
5098.2 1007.0586242675781
5098.5 1126.5951118469238
5098.8 1077.4668979644775
5099.1 1165.1523761749268
5099.4 1156.3308792114258
5099.7 1080.088451385498
5100.0 1028.270767211914
5100.3 1138.942663192749
5100.6 1154.7359924316406
5100.9 1120.1127967834473
5101.2 1121.8708782196045
5101.5 1083.6909217834473
5101.8 1068.1861057281494
5102.1 1126.2772598266602
5102.4 1063.6487789154053
5102.7 1022.8274154663086
5103.0 1223.9112930297852
5103.3 1073.2425727844238
5103.6 1054.978199005127
5103.9 1150.0462398529053
5104.2 1147.039077758789
5104.5 971.4966716766357
5104.8 1057.1626834869385
5105.1 1175.5885200500488
5105.4 1100.1072082519531
5105.7 1122.518711090088
5106.0 1046.0447521209717
5106.3 1150.1863136291504
5106.6 1145.1782855987549
5106.9 1294.4627952575684
5107.2 1213.5116024017334
5107.5 1113.740463256836
5107.8 1106.044485092163
5108.1 1170.2953968048096
5108.4 1133.4439487457275
5108.7 1250.636724472046
5109.0 1222.2999954223633
5109.3 1240.494680404663
5109.6 1159.9197216033936
5109.9 1174.429500579834
5110.2 1241.2516250610352
5110.5 1120.8242988586426
5110.8 1186.9518966674805
5111.1 1206.624402999878
5111.4 1245.5162448883057
5111.7 1084.7803535461426
5112.0 1136.7063465118408
5112.3 1162.6757564544678
5112.6 1127.8059692382812
5112.9 1135.606466293335
5113.2 1080.6825580596924
5113.5 1102.5678157806396
5113.8 1124.1505851745605
5114.1 1132.5668716430664
5114.4 1085.4158000946045
5114.7 1099.1568088531494
5115.0 1113.5521087646484
5115.3 1112.4081478118896
5115.6 1091.4448623657227
5115.9 1145.971134185791
5116.2 1068.105188369751
5116.5 939.0361309051514
5116.8 1010.0964336395264
5117.1 1059.3586387634277
5117.4 1077.8452987670898
5117.7 1054.94606590271
5118.0 1066.750343322754
5118.3 1068.1131744384766
5118.6 1093.504295349121
5118.9 1109.2019882202148
5119.2 1240.8022918701172
5119.5 1259.1006774902344
5119.8 1061.9495449066162
5120.1 1105.8073272705078
5120.4 1166.6782188415527
5120.7 1144.8254871368408
5121.0 1136.740888595581
5121.3 1215.931308746338
5121.6 1160.0321998596191
5121.9 1169.7477111816406
5122.2 1285.3250427246094
5122.5 1180.9453754425049
5122.8 1186.1961822509766
5123.1 1132.3693771362305
5123.4 1137.7048110961914
5123.7 1135.9194030761719
5124.0 1128.7706775665283
5124.3 1075.9851360321045
5124.6 1026.541838169098
5124.9 1224.0146312713623
5125.2 1147.402395248413
5125.5 1103.2573680877686
5125.8 1107.7567615509033
5126.1 1054.8268795013428
5126.4 1161.1473903656006
5126.7 1133.2982692718506
5127.0 1064.3733253479004
5127.3 1121.791416168213
5127.6 1157.985019683838
5127.9 1144.8478984832764
5128.2 1160.4536991119385
5128.5 1268.236156463623
5128.8 1175.3312149047852
5129.1 1198.1139030456543
5129.4 1222.450325012207
5129.7 1210.5590362548828
5130.0 1221.4746398925781
5130.3 1212.7826118469238
5130.6 1242.7387046813965
5130.9 1214.5296592712402
5131.2 1168.7889938354492
5131.5 1046.2619333267212
5131.8 1224.188190460205
5132.1 1244.8036613464355
5132.4 1175.0733108520508
5132.7 1201.083969116211
5133.0 1191.5553760528564
5133.3 1281.381669998169
5133.6 1178.5471363067627
5133.9 1186.6538391113281
5134.2 1273.95023727417
5134.5 1252.246576309204
5134.8 1161.842872619629
5135.1 1213.5498695373535
5135.4 1182.3142414093018
5135.7 1200.7204666137695
5136.0 1272.0098609924316
5136.3 1176.7871322631836
5136.6 1247.3934993743896
5136.9 1226.4759349822998
5137.2 1162.9939708709717
5137.5 1042.8982410430908
5137.8 1086.3320941925049
5138.1 1190.924991607666
5138.4 1302.1898002624512
5138.7 1354.036678314209
5139.0 1245.339427947998
5139.3 1198.4002151489258
5139.6 1319.086757659912
5139.9 1314.5128898620605
5140.2 1188.384027481079
5140.5 1187.2827186584473
5140.8 1239.8257522583008
5141.1 1146.7209339141846
5141.4 1203.7006931304932
5141.7 1125.798496246338
5142.0 1056.4636268615723
5142.3 1110.8795585632324
5142.6 1173.941047668457
5142.9 1107.6429042816162
5143.2 1169.7702903747559
5143.5 1199.2639636993408
5143.8 1100.2417335510254
5144.1 1100.5636901855469
5144.4 1249.5388221740723
5144.7 1273.3045253753662
5145.0 1156.4814567565918
5145.3 1146.2825107574463
5145.6 1192.2835388183594
5145.9 1257.775442123413
5146.2 1188.237554550171
5146.5 1159.6188621520996
5146.8 1176.9712963104248
5147.1 1199.7475967407227
5147.4 1182.5806198120117
5147.7 1168.3132095336914
5148.0 1190.8599281311035
5148.3 1246.0645370483398
5148.6 1186.318992614746
5148.9 1285.778118133545
5149.2 1218.275297164917
5149.5 1158.9715118408203
5149.8 1297.8027534484863
5150.1 1253.605188369751
5150.4 1203.1990489959717
5150.7 1143.2928829193115
5151.0 1222.9792957305908
5151.3 1128.3714122772217
5151.6 1247.0176048278809
5151.9 1346.6961479187012
5152.2 1195.9568729400635
5152.5 1297.4050693511963
5152.8 1308.4154872894287
5153.1 1138.6825466156006
5153.4 1109.336196899414
5153.7 1191.7690048217773
5154.0 1258.029525756836
5154.3 1160.2068691253662
5154.6 1205.7954177856445
5154.9 1191.2358074188232
5155.2 1159.3590240478516
5155.5 1209.8501815795898
5155.8 1173.2380142211914
5156.1 1122.213960647583
5156.4 1138.9825649261475
5156.7 1193.9727478027344
5157.0 1144.7590065002441
5157.3 1104.7741985321045
5157.6 1201.8086605072021
5157.9 1117.9333801269531
5158.2 1069.2130165100098
5158.5 1100.5072078704834
5158.8 1021.3137874603271
5159.1 1140.045524597168
5159.4 1106.1964206695557
5159.7 1103.6501598358154
5160.0 1224.8515625
5160.3 1226.5590324401855
5160.6 1163.5887145996094
5160.9 1245.3299732208252
5161.2 1178.6135272979736
5161.5 1220.4114933013916
5161.8 1212.3071250915527
5162.1 1262.4486083984375
5162.4 1224.233564376831
5162.7 1175.516902923584
5163.0 1202.633632659912
5163.3 1090.4781475067139
5163.6 1215.494249343872
5163.9 1313.5473022460938
5164.2 1310.0015316009521
5164.5 1236.6885833740234
5164.8 1198.135747909546
5165.1 1211.8145503997803
5165.4 1216.2291717529297
5165.7 1195.1876697540283
5166.0 1239.6115245819092
5166.3 1185.6597652435303
5166.6 1297.4865417480469
5166.9 1205.2670269012451
5167.2 1172.7125701904297
5167.5 1193.7494163513184
5167.8 1172.4641151428223
5168.1 1139.22483253479
5168.4 1252.682285308838
5168.7 1260.1072578430176
5169.0 1296.3769550323486
5169.3 1330.1230926513672
5169.6 1306.8762302398682
5169.9 1218.1017665863037
5170.2 1206.7206077575684
5170.5 1249.6676273345947
5170.8 1257.2216777801514
5171.1 1238.3854026794434
5171.4 1235.186882019043
5171.7 1199.9623184204102
5172.0 1143.7532405853271
5172.3 1173.6127223968506
5172.6 1138.7149066925049
5172.9 1083.2224521636963
5173.2 1139.2304496765137
5173.5 1189.2627182006836
5173.8 1157.4094562530518
5174.1 1175.5029544830322
5174.4 1256.5939121246338
5174.7 1263.219898223877
5175.0 1228.108066558838
5175.3 1196.9637546539307
5175.6 1134.2985363006592
5175.9 1144.2293643951416
5176.2 1173.2803916931152
5176.5 1201.9745998382568
5176.8 1176.2935047149658
5177.1 1139.4317207336426
5177.4 1211.6294765472412
5177.7 1224.2099323272705
5178.0 1188.9857387542725
5178.3 1327.5656700134277
5178.6 1270.011224746704
5178.9 1220.5733795166016
5179.2 1332.2752227783203
5179.5 1322.880226135254
5179.8 1268.491460800171
5180.1 1318.801197052002
5180.4 1216.4474811553955
5180.7 1270.9137935638428
5181.0 1132.6364917755127
5181.3 1276.3947792053223
5181.6 1251.0005321502686
5181.9 1215.154499053955
5182.2 1244.467372894287
5182.5 1176.3204250335693
5182.8 1120.79958152771
5183.1 1202.928903579712
5183.4 1213.5630264282227
5183.7 1212.8110809326172
5184.0 1194.535177230835
5184.3 1155.964340209961
5184.6 1197.4256381988525
5184.9 1170.1210441589355
5185.2 1170.0838928222656
5185.5 1192.3900413513184
5185.8 1219.8698635101318
5186.1 1056.8768615722656
5186.4 1186.728162765503
5186.7 1182.602029800415
5187.0 1123.1172103881836
5187.3 1177.922679901123
5187.6 1232.8985691070557
5187.9 1287.688611984253
5188.2 1183.5206260681152
5188.5 1151.5408115386963
5188.8 1252.470645904541
5189.1 1182.716999053955
5189.4 1271.479995727539
5189.7 1212.3811740875244
5190.0 1269.0943851470947
5190.3 1258.9341850280762
5190.6 1203.9844455718994
5190.9 1299.5209617614746
5191.2 1306.1564140319824
5191.5 1281.5263996124268
5191.8 1280.0506572723389
5192.1 1222.4152870178223
5192.4 1228.4584617614746
5192.7 1141.5248470306396
5193.0 1315.3266887664795
5193.3 1308.1587543487549
5193.6 1422.9476852416992
5193.9 1236.7950191497803
5194.2 1280.5404033660889
5194.5 1355.2696056365967
5194.8 1351.595251083374
5195.1 1406.95583152771
5195.4 1346.5048503875732
5195.7 1238.2669792175293
5196.0 1273.5558528900146
5196.3 1216.3939418792725
5196.6 1166.3643474578857
5196.9 1357.7324829101562
5197.2 1459.2246704101562
5197.5 1268.910385131836
5197.8 1356.6687698364258
5198.1 1395.3608169555664
5198.4 1323.8406295776367
5198.7 1249.5482635498047
5199.0 1261.0215492248535
5199.3 1105.1633586883545
5199.6 1251.9781284332275
5199.9 1250.7001304626465
5200.2 1202.898157119751
5200.5 1362.5137310028076
5200.8 1272.0405941009521
5201.1 1219.21457862854
5201.4 1181.0094299316406
5201.7 1226.5340690612793
5202.0 1210.042407989502
5202.3 1242.9691543579102
5202.6 1208.824592590332
5202.9 1250.9364337921143
5203.2 1193.147653579712
5203.5 1122.8973350524902
5203.8 1189.4131488800049
5204.1 1203.2466926574707
5204.4 1197.5495586395264
5204.7 1200.50972366333
5205.0 1089.007251739502
5205.3 1144.9413375854492
5205.6 1226.7944297790527
5205.9 1162.997480392456
5206.2 1118.626552581787
5206.5 1161.580467224121
5206.8 1181.9831275939941
5207.1 1129.518388748169
5207.4 1173.092794418335
5207.7 1112.4898319244385
5208.0 1196.190586090088
5208.3 1261.0069618225098
5208.6 1225.6846828460693
5208.9 1209.190227508545
5209.2 1273.935878753662
5209.5 1296.0072402954102
5209.8 1166.864616394043
5210.1 1188.2590465545654
5210.4 1128.3047790527344
5210.7 1259.4855709075928
5211.0 1339.597568511963
5211.3 1292.0410442352295
5211.6 1346.3489265441895
5211.9 1292.7336692810059
5212.2 1264.8604526519775
5212.5 1349.2445487976074
5212.8 1353.8948917388916
5213.1 1230.8635444641113
5213.4 1232.4905738830566
5213.7 1153.2250118255615
5214.0 1257.9048919677734
5214.3 1299.1178436279297
5214.6 1259.9900913238525
5214.9 1317.9752655029297
5215.2 1238.788366317749
5215.5 1233.3221740722656
5215.8 1208.305030822754
5216.1 1264.7584762573242
5216.4 1328.9339046478271
5216.7 1276.6753177642822
5217.0 1188.950912475586
5217.3 1206.165184020996
5217.6 1214.6023864746094
5217.9 1247.6756381988525
5218.2 1279.708932876587
5218.5 1290.9315490722656
5218.8 1319.0897026062012
5219.1 1354.3527355194092
5219.4 1278.7082118988037
5219.7 1177.0981216430664
5220.0 1222.6201934814453
5220.3 1272.6711082458496
5220.6 1113.223834991455
5220.9 1211.4961566925049
5221.2 1214.4944229125977
5221.5 1263.8949136734009
5221.8 1183.85915184021
5222.1 1316.3944396972656
5222.4 1165.659782409668
5222.7 1239.0418319702148
5223.0 1157.1367111206055
5223.3 1117.7390003204346
5223.6 1227.895715713501
5223.9 1181.4754180908203
5224.2 1119.3813743591309
5224.5 1307.9314937591553
5224.8 1169.9800205230713
5225.1 1199.8276748657227
5225.4 1301.8536758422852
5225.7 1271.3314456939697
5226.0 1174.9674549102783
5226.3 1234.5140533447266
5226.6 1098.1765575408936
5226.9 1169.5068550109863
5227.2 1238.1316452026367
5227.5 1280.169870376587
5227.8 1251.168951034546
5228.1 1186.724760055542
5228.4 1320.09255027771
5228.7 1230.8895797729492
5229.0 1276.7763900756836
5229.3 1192.9141807556152
5229.6 1219.564682006836
5229.9 1357.5929851531982
5230.2 1226.001974105835
5230.5 1299.392375946045
5230.8 1237.7106475830078
5231.1 1291.0719318389893
5231.4 1320.4752883911133
5231.7 1200.2719421386719
5232.0 1136.7292976379395
5232.3 1291.4525737762451
5232.6 1242.050537109375
5232.9 1283.6958103179932
5233.2 1349.2077960968018
5233.5 1345.3687171936035
5233.8 1242.906244277954
5234.1 1254.1308059692383
5234.4 1262.8023262023926
5234.7 1333.6313972473145
5235.0 1237.408863067627
5235.3 1390.1931838989258
5235.6 1266.8605327606201
5235.9 1256.8377113342285
5236.2 1347.266258239746
5236.5 1304.5908813476562
5236.8 1265.6666774749756
5237.1 1236.7124671936035
5237.4 1341.5951175689697
5237.7 1299.9002685546875
5238.0 1340.4007740020752
5238.3 1419.2580966949463
5238.6 1292.8174686431885
5238.9 1260.8927574157715
5239.2 1409.3873481750488
5239.5 1252.846118927002
5239.8 1330.5759468078613
5240.1 1464.1227054595947
5240.4 1246.4889488220215
5240.7 1224.953784942627
5241.0 1212.838815689087
5241.3 1251.4877128601074
5241.6 1109.104648590088
5241.9 1186.1969108581543
5242.2 1404.886375427246
5242.5 1307.2117099761963
5242.8 1262.487787246704
5243.1 1191.4986724853516
5243.4 1317.5117015838623
5243.7 1199.2917079925537
5244.0 1041.6972484588623
5244.3 1021.8272342681885
5244.6 1166.861042022705
5244.9 1169.4052715301514
5245.2 1046.6136226654053
5245.5 1069.98459815979
5245.8 1119.1733531951904
5246.1 1125.0898513793945
5246.4 1149.6336727142334
5246.7 1091.0874061584473
5247.0 988.489200592041
5247.3 1033.1341094970703
5247.6 1048.9874572753906
5247.9 1098.0885009765625
5248.2 1015.2596549987793
5248.5 1093.5090599060059
5248.8 1087.6864337921143
5249.1 1149.9482345581055
5249.4 1220.0776233673096
5249.7 1107.5896644592285
5250.0 944.8379554748535
5250.3 953.3202266693115
5250.6 1163.6484565734863
5250.9 1198.3762683868408
5251.2 1148.0249729156494
5251.5 1050.8384284973145
5251.8 1012.7584228515625
5252.1 1039.5074615478516
5252.4 1214.5755443572998
5252.7 1226.4052658081055
5253.0 1159.9982776641846
5253.3 1350.8028945922852
5253.6 1278.8729076385498
5253.9 1210.159315109253
5254.2 1139.7349739074707
5254.5 1293.9562683105469
5254.8 1222.7418766021729
5255.1 1152.2464599609375
5255.4 1230.0712242126465
5255.7 1252.2396984100342
5256.0 1314.7629089355469
5256.3 1333.1500396728516
5256.6 1268.182243347168
5256.9 1239.691759109497
5257.2 1286.9327487945557
5257.5 1253.700340270996
5257.8 1281.3752269744873
5258.1 1229.194049835205
5258.4 1326.6862678527832
5258.7 1241.0911598205566
5259.0 1292.0970573425293
5259.3 1305.9112720489502
5259.6 1196.4613914489746
5259.9 1123.9059295654297
5260.2 1112.6462593078613
5260.5 1052.7176494598389
5260.8 1032.1321353912354
5261.1 1097.214277267456
5261.4 1029.9598293304443
5261.7 1142.755729675293
5262.0 1103.063362121582
5262.3 1016.8945865631104
5262.6 1113.6653327941895
5262.9 1037.4818210601807
5263.2 1034.0678176879883
5263.5 1142.3484153747559
5263.8 1146.81711769104
5264.1 1220.3615760803223
5264.4 1149.8158836364746
5264.7 1096.2759132385254
5265.0 1156.439073562622
5265.3 1243.9245510101318
5265.6 1293.5261878967285
5265.9 1234.0491065979004
5266.2 1144.0245609283447
5266.5 1246.9679374694824
5266.8 1316.132942199707
5267.1 1378.8868522644043
5267.4 1183.7815685272217
5267.7 1174.2456035614014
5268.0 1188.060139656067
5268.3 1217.141492843628
5268.6 1138.451099395752
5268.9 1250.5935077667236
5269.2 1218.1370239257812
5269.5 1171.6267433166504
5269.8 1146.1268119812012
5270.1 1110.681495666504
5270.4 1337.863634109497
5270.7 1271.7044372558594
5271.0 1305.0954856872559
5271.3 1326.7866821289062
5271.6 1331.875431060791
5271.9 1252.3838443756104
5272.2 1195.7110443115234
5272.5 1350.5073337554932
5272.8 1287.7063846588135
5273.1 1303.3342742919922
5273.4 1351.2662925720215
5273.7 1301.851791381836
5274.0 1295.76265335083
5274.3 1244.1967277526855
5274.6 1213.9860210418701
5274.9 1245.0255107879639
5275.2 1312.4499244689941
5275.5 1310.3213348388672
5275.8 1321.8304176330566
5276.1 1333.04447555542
5276.4 1405.0320320129395
5276.7 1247.2671508789062
5277.0 1349.3142623901367
5277.3 1235.9646816253662
5277.6 1330.9520874023438
5277.9 1404.1401481628418
5278.2 1403.503812789917
5278.5 1433.7421188354492
5278.8 1313.4866752624512
5279.1 1308.7852020263672
5279.4 1281.5477771759033
5279.7 1322.0914134979248
5280.0 1263.6550693511963
5280.3 1263.5035858154297
5280.6 1432.9780616760254
5280.9 1345.9890251159668
5281.2 1316.7760162353516
5281.5 1385.4451484680176
5281.8 1435.9469413757324
5282.1 1279.5025119781494
5282.4 1314.302017211914
5282.7 1182.9418754577637
5283.0 1177.0721645355225
5283.3 1224.1003131866455
5283.6 1042.7642002105713
5283.9 1328.8638172149658
5284.2 1244.2581214904785
5284.5 1202.6639232635498
5284.8 1237.7984580993652
5285.1 1178.0555572509766
5285.4 1155.8680019378662
5285.7 1244.378646850586
5286.0 1261.8022346496582
5286.3 1190.125841140747
5286.6 1182.2895736694336
5286.9 1103.3757572174072
5287.2 1278.9975910186768
5287.5 1263.9763717651367
5287.8 1278.4400672912598
5288.1 1068.371545791626
5288.4 1195.6484451293945
5288.7 1201.8988971710205
5289.0 1084.190818786621
5289.3 1038.581805229187
5289.6 1200.9717807769775
5289.9 1210.3979606628418
5290.2 1131.478033065796
5290.5 1171.7243576049805
5290.8 1334.0054168701172
5291.1 1275.9230003356934
5291.4 1211.021915435791
5291.7 1127.7870635986328
5292.0 1360.504632949829
5292.3 1292.2987823486328
5292.6 1290.219150543213
5292.9 1287.8185501098633
5293.2 1273.5870037078857
5293.5 1309.1218185424805
5293.8 1271.1453647613525
5294.1 1243.1528701782227
5294.4 1232.3286762237549
5294.7 1256.8319988250732
5295.0 1326.310110092163
5295.3 1318.7413387298584
5295.6 1247.8555088043213
5295.9 1245.5648460388184
5296.2 1311.3139266967773
5296.5 1266.9542236328125
5296.8 1353.6315841674805
5297.1 1251.1472873687744
5297.4 1203.5408267974854
5297.7 1092.0488986968994
5298.0 1168.620927810669
5298.3 1297.6505756378174
5298.6 1344.2620468139648
5298.9 1329.1152381896973
5299.2 1294.3486785888672
5299.5 1381.8216457366943
5299.8 1244.1250953674316
5300.1 1249.7030181884766
5300.4 1338.4371891021729
5300.7 1243.6725044250488
5301.0 1229.7681713104248
5301.3 1260.3341751098633
5301.6 1315.1139469146729
5301.9 1270.9125785827637
5302.2 1385.2504997253418
5302.5 1374.5263423919678
5302.8 1401.8755435943604
5303.1 1287.8898239135742
5303.4 1151.183671951294
5303.7 1118.4437103271484
5304.0 1125.989658355713
5304.3 1163.5890769958496
5304.6 1164.0496978759766
5304.9 1137.4319152832031
5305.2 1191.8597660064697
5305.5 1254.8731956481934
5305.8 1260.353219985962
5306.1 1240.1713333129883
5306.4 1302.0834846496582
5306.7 1169.3785095214844
5307.0 1278.3124198913574
5307.3 1168.475965499878
5307.6 1185.6782627105713
5307.9 1282.3117809295654
5308.2 1171.3010654449463
5308.5 1170.6760482788086
5308.8 1218.9950199127197
5309.1 1211.547451019287
5309.4 1222.7212009429932
5309.7 1332.041986465454
5310.0 1323.771650314331
5310.3 1111.6451377868652
5310.6 1261.5052375793457
5310.9 1166.6051788330078
5311.2 1140.5079803466797
5311.5 1163.520212173462
5311.8 1362.3963775634766
5312.1 1249.0118408203125
5312.4 1229.3637142181396
5312.7 1199.4666347503662
5313.0 1284.7514686584473
5313.3 1187.0447158813477
5313.6 1313.4158210754395
5313.9 1205.1517925262451
5314.2 1234.511817932129
5314.5 1171.9418487548828
5314.8 1226.743465423584
5315.1 1274.6213150024414
5315.4 1088.4432277679443
5315.7 1242.4121360778809
5316.0 1252.4749069213867
5316.3 1184.98473072052
5316.6 1234.2039222717285
5316.9 1221.055959701538
5317.2 1337.2812843322754
5317.5 1322.982566833496
5317.8 1373.758846282959
5318.1 1381.3187351226807
5318.4 1368.608720779419
5318.7 1357.906307220459
5319.0 1411.8921489715576
5319.3 1349.5280494689941
5319.6 1315.0375366210938
5319.9 1230.5431747436523
5320.2 1347.076416015625
5320.5 1274.234375
5320.8 1192.0413131713867
5321.1 1210.8830490112305
5321.4 974.3695411682129
5321.7 328.9327850341797
5322.0 338.15647888183594
5322.3 319.6361026763916
5322.6 291.5384063720703
5322.9 334.7896423339844
5323.2 373.9975051879883
5323.5 245.64886856079102
5323.8 0.0
5324.1 0.0
5324.4 0.0
5324.7 0.0
5325.0 0.0
5325.3 0.0
5325.6 0.0
5325.9 0.0
5326.2 0.0
5326.5 0.0
5326.8 0.0
5327.1 0.0
5327.4 0.0
5327.7 0.0
5328.0 0.0
5328.3 0.0
5328.6 0.0
5328.9 0.0
5329.2 0.0
5329.5 0.0
5329.8 0.0
