6165.0 0.0
6165.3 0.0
6165.6 0.0
6165.9 0.0
6166.2 0.0
6166.5 0.0
6166.8 0.0
6167.1 0.0
6167.4 0.0
6167.7 0.0
6168.0 0.0
6168.3 0.0
6168.6 0.0
6168.9 0.0
6169.2 0.0
6169.5 0.0
6169.8 0.0
6170.1 0.0
6170.4 0.0
6170.7 0.0
6171.0 0.0
6171.3 0.0
6171.6 0.0
6171.9 0.0
6172.2 0.0
6172.5 0.0
6172.8 0.0
6173.1 0.0
6173.4 0.0
6173.7 0.0
6174.0 0.0
6174.3 0.0
6174.6 0.0
6174.9 0.0
6175.2 0.0
6175.5 0.0
6175.8 0.0
6176.1 0.0
6176.4 0.0
6176.7 0.0
6177.0 0.0
6177.3 0.0
6177.6 0.0
6177.9 0.0
6178.2 0.0
6178.5 0.0
6178.8 0.0
6179.1 0.0
6179.4 0.0
6179.7 0.0
6180.0 0.0
6180.3 0.0
6180.6 0.0
6180.9 0.0
6181.2 0.0
6181.5 0.0
6181.8 0.0
6182.1 0.0
6182.4 0.0
6182.7 0.0
6183.0 0.0
6183.3 0.0
6183.6 0.0
6183.9 50.738563537597656
6184.2 61.575775146484375
6184.5 4.08742618560791
6184.8 55.86979675292969
6185.1 55.78006362915039
6185.4 103.28434753417969
6185.7 110.52483367919922
6186.0 88.308837890625
6186.3 33.80771255493164
6186.6 -27.301301956176758
6186.9 54.97894287109375
6187.2 631.786693572998
6187.5 960.9928207397461
6187.8 783.7165985107422
6188.1 970.4063453674316
6188.4 1124.1468658447266
6188.7 993.4123725891113
6189.0 768.3039970397949
6189.3 646.3426475524902
6189.6 525.9972629547119
6189.9 800.3737907409668
6190.2 1352.3263893127441
6190.5 4463.150337219238
6190.8 3191.271213531494
6191.1 2992.9538192749023
6191.4 2718.6734924316406
6191.7 3285.778507232666
6192.0 3289.5607528686523
6192.3 3074.361967086792
6192.6 2889.141040802002
6192.9 3025.0779571533203
6193.2 2729.8318786621094
6193.5 2666.7505073547363
6193.8 2751.5537109375
6194.1 2829.9257164001465
6194.4 2980.3355026245117
6194.7 2727.9524154663086
6195.0 2903.4473457336426
6195.3 2747.3714714050293
6195.6 2632.537155151367
6195.9 2751.4783058166504
6196.2 2609.4580001831055
6196.5 2565.9128341674805
6196.8 2720.160900115967
6197.1 2792.4655418395996
6197.4 2682.7368927001953
6197.7 2742.171806335449
6198.0 2704.701217651367
6198.3 2766.616651535034
6198.6 2960.31160736084
6198.9 3063.768772125244
6199.2 2784.232749938965
6199.5 2728.04150390625
6199.8 2841.7194061279297
6200.1 2879.9228858947754
6200.4 2868.3922119140625
6200.7 2978.967948913574
6201.0 2994.4601707458496
6201.3 3029.2156944274902
6201.6 2904.9190559387207
6201.9 2634.389503479004
6202.2 2604.6727333068848
6202.5 2863.0361404418945
6202.8 2898.9761848449707
6203.1 2875.7420616149902
6203.4 2792.538646697998
6203.7 2943.3585929870605
6204.0 2696.9334678649902
6204.3 2644.876823425293
6204.6 2727.0793685913086
6204.9 2805.938503265381
6205.2 2871.751720428467
6205.5 2895.5694313049316
6205.8 2744.1368370056152
6206.1 2493.7832984924316
6206.4 2580.9820137023926
6206.7 2900.7268447875977
6207.0 2999.214340209961
6207.3 2725.020477294922
6207.6 2738.9726371765137
6207.9 2581.3727264404297
6208.2 2880.092704772949
6208.5 2857.732120513916
6208.8 2864.633991241455
6209.1 2728.1874198913574
6209.4 2534.6736907958984
6209.7 2583.814842224121
6210.0 2723.4604110717773
6210.3 2667.441390991211
6210.6 2742.224349975586
6210.9 2669.3908767700195
6211.2 2814.7091369628906
6211.5 2919.8621673583984
6211.8 3027.1878509521484
6212.1 2847.3350372314453
6212.4 2608.560047149658
6212.7 2781.742630004883
6213.0 2956.093780517578
6213.3 3010.4413452148438
6213.6 2945.1543922424316
6213.9 2991.8939476013184
6214.2 2784.150436401367
6214.5 2673.2921180725098
6214.8 2872.7620239257812
6215.1 2878.994743347168
6215.4 2698.0130043029785
6215.7 2698.569149017334
6216.0 2792.3994789123535
6216.3 2632.0354194641113
6216.6 2822.927402496338
6216.9 2983.352870941162
6217.2 2911.0549850463867
6217.5 2678.2864723205566
6217.8 2587.9125328063965
6218.1 3068.656681060791
6218.4 2840.3878746032715
6218.7 2770.421012878418
6219.0 2810.478702545166
6219.3 2907.374984741211
6219.6 2986.2109756469727
6219.9 2904.5274696350098
6220.2 2824.901035308838
6220.5 2757.184497833252
6220.8 2772.550491333008
6221.1 2647.378002166748
6221.4 2827.715156555176
6221.7 2760.7385482788086
6222.0 2577.3598861694336
6222.3 2684.3000259399414
6222.6 2493.138360977173
6222.9 2527.553253173828
6223.2 2720.5690574645996
6223.5 2786.860866546631
6223.8 2779.2901153564453
6224.1 2784.5558738708496
6224.4 2790.130058288574
6224.7 2427.8050422668457
6225.0 2568.5594024658203
6225.3 2591.9654808044434
6225.6 2680.1344985961914
6225.9 2781.9367141723633
6226.2 2806.2504692077637
6226.5 2327.588066101074
6226.8 2476.6996421813965
6227.1 2376.2730979919434
6227.4 2755.7716217041016
6227.7 2822.7774047851562
6228.0 2739.3146476745605
6228.3 2715.9192504882812
6228.6 2753.697109222412
6228.9 2876.302707672119
6229.2 2487.007053375244
6229.5 2498.3595962524414
6229.8 2763.934886932373
6230.1 2807.187728881836
6230.4 2947.7960205078125
6230.7 2934.684314727783
6231.0 3086.5309829711914
6231.3 2677.041316986084
6231.6 2800.533411026001
6231.9 2870.5909481048584
6232.2 3020.1449089050293
6232.5 2833.200439453125
6232.8 2660.3398780822754
6233.1 2690.936683654785
6233.4 2771.043128967285
6233.7 2474.2854347229004
6234.0 2841.084873199463
6234.3 2897.6681747436523
6234.6 3011.2570190429688
6234.9 2650.131790161133
6235.2 2901.843173980713
6235.5 2748.089309692383
6235.8 2805.764377593994
6236.1 2574.924970626831
6236.4 2715.930561065674
6236.7 2917.305820465088
6237.0 2690.385036468506
6237.3 2754.085250854492
6237.6 2741.8556060791016
6237.9 2660.9699935913086
6238.2 2795.3953247070312
6238.5 2872.5927085876465
6238.8 3033.9325637817383
6239.1 2695.062629699707
6239.4 2646.08101272583
6239.7 2796.2162475585938
6240.0 2772.948341369629
6240.3 2851.706558227539
6240.6 2905.430564880371
6240.9 2983.309898376465
6241.2 2884.496711730957
6241.5 2837.7975006103516
6241.8 2610.756778717041
6242.1 2629.0668449401855
6242.4 2841.3546257019043
6242.7 2762.902446746826
6243.0 2408.829469680786
6243.3 2681.507766723633
6243.6 2758.360191345215
6243.9 2721.5811500549316
6244.2 2776.386848449707
6244.5 2677.674118041992
6244.8 2721.3068313598633
6245.1 2774.4828872680664
6245.4 2692.7800254821777
6245.7 2564.7300758361816
6246.0 2794.340793609619
6246.3 2778.5449714660645
6246.6 2964.3841438293457
6246.9 2879.298725128174
6247.2 2865.2475662231445
6247.5 2775.0137825012207
6247.8 2608.278263092041
6248.1 2718.802303314209
6248.4 2635.8290367126465
6248.7 2442.7909927368164
6249.0 2670.564151763916
6249.3 2575.729652404785
6249.6 2661.940116882324
6249.9 2654.967861175537
6250.2 2677.940071105957
6250.5 2568.0121459960938
6250.8 2470.0318908691406
6251.1 2537.0352478027344
6251.4 2716.6939086914062
6251.7 2765.4091453552246
6252.0 2902.0518226623535
6252.3 2818.752674102783
6252.6 2438.1209678649902
6252.9 2818.1186294555664
6253.2 2885.691463470459
6253.5 2729.4824142456055
6253.8 2937.619918823242
6254.1 2493.6676139831543
6254.4 2547.7567024230957
6254.7 2503.0926475524902
6255.0 2652.241470336914
6255.3 2558.4853744506836
6255.6 2562.663320541382
6255.9 2734.851146697998
6256.2 2490.9633560180664
6256.5 2712.0842514038086
6256.8 2806.2060737609863
6257.1 2569.247959136963
6257.4 2640.8889350891113
6257.7 3084.7846641540527
6258.0 2722.217727661133
6258.3 2671.8425521850586
6258.6 2612.306095123291
6258.9 2513.4228897094727
6259.2 2612.7222900390625
6259.5 2714.9123611450195
6259.8 2737.47855758667
6260.1 2676.2786502838135
6260.4 2859.894950866699
6260.7 2657.1621627807617
6261.0 2498.840621948242
6261.3 2628.3873252868652
6261.6 2804.6257820129395
6261.9 2836.334270477295
6262.2 2867.0274963378906
6262.5 2938.2424240112305
6262.8 2768.444194793701
6263.1 2717.307586669922
6263.4 2692.884437561035
6263.7 2693.6648178100586
6264.0 2595.1549072265625
6264.3 2834.8491249084473
6264.6 2784.9068489074707
6264.9 2902.5862731933594
6265.2 2799.669303894043
6265.5 2714.9753036499023
6265.8 2581.2110633850098
6266.1 2776.4547233581543
6266.4 2804.162914276123
6266.7 2927.521137237549
6267.0 2960.898063659668
6267.3 2707.6620559692383
6267.6 2669.661666870117
6267.9 2809.3364601135254
6268.2 2844.567485809326
6268.5 2641.6277084350586
6268.8 2513.6495475769043
6269.1 2695.7448501586914
6269.4 2799.3442993164062
6269.7 2697.5944786071777
6270.0 2751.6437950134277
6270.3 2614.3699493408203
6270.6 2532.744453430176
6270.9 2720.8466606140137
6271.2 2924.017906188965
6271.5 2563.627784729004
6271.8 2580.9934005737305
6272.1 2570.125846862793
6272.4 2680.1910667419434
6272.7 2715.460380554199
6273.0 2671.7936820983887
6273.3 2601.4881477355957
6273.6 2610.982494354248
6273.9 2573.673656463623
6274.2 2660.9525451660156
6274.5 2694.9907608032227
6274.8 2569.3078079223633
6275.1 2793.0840759277344
6275.4 2825.806182861328
6275.7 2643.741039276123
6276.0 2734.7038230895996
6276.3 2598.492618560791
6276.6 2503.628032684326
6276.9 2518.1843070983887
6277.2 2503.647518157959
6277.5 2487.6014919281006
6277.8 2373.2605590820312
6278.1 2448.6587104797363
6278.4 2469.5085983276367
6278.7 2375.322895050049
6279.0 2323.0617904663086
6279.3 2698.3017349243164
6279.6 2778.832996368408
6279.9 2726.76944732666
6280.2 2436.1890258789062
6280.5 2340.720458984375
6280.8 2297.897773742676
6281.1 2345.5362396240234
6281.4 2624.4353790283203
6281.7 2555.9961700439453
6282.0 2509.7556381225586
6282.3 2511.8699111938477
6282.6 2480.1218490600586
6282.9 2553.2530937194824
6283.2 2559.986339569092
6283.5 2796.7143478393555
6283.8 2889.0979614257812
6284.1 2630.6003074645996
6284.4 2730.7789916992188
6284.7 2857.9895553588867
6285.0 2808.4150161743164
6285.3 2734.696502685547
6285.6 2784.6970596313477
6285.9 2874.8488578796387
6286.2 2774.2445793151855
6286.5 2930.5226669311523
6286.8 2587.0765647888184
6287.1 2872.0975131988525
6287.4 2806.837959289551
6287.7 2877.589916229248
6288.0 2752.8063163757324
6288.3 2717.4782638549805
6288.6 2672.998966217041
6288.9 2704.052143096924
6289.2 2558.5545501708984
6289.5 2612.3115615844727
6289.8 2685.8724212646484
6290.1 2875.3157920837402
6290.4 2740.082962036133
6290.7 2994.2703170776367
6291.0 2576.223190307617
6291.3 2587.605125427246
6291.6 2709.4804153442383
6291.9 2694.3810081481934
6292.2 2585.170307159424
6292.5 2449.3195419311523
6292.8 2567.4128227233887
6293.1 2667.2664680480957
6293.4 2786.631809234619
6293.7 2684.4222297668457
6294.0 2586.6587295532227
6294.3 2663.4344062805176
6294.6 2711.375343322754
6294.9 2885.629020690918
6295.2 2817.512523651123
6295.5 2715.775707244873
6295.8 2617.7748489379883
6296.1 2686.8382987976074
6296.4 2730.638656616211
6296.7 2674.517433166504
6297.0 2917.963207244873
6297.3 2703.1629638671875
6297.6 2439.5440673828125
6297.9 2447.7258338928223
6298.2 2991.593231201172
6298.5 2955.358745574951
6298.8 2921.9710521698
6299.1 3204.1939697265625
6299.4 310.1630187034607
6299.7 -153.2636981010437
6300.0 1574.6966078281403
6300.3 559.3216903209686
6300.6 882.1815347671509
6300.9 2818.4900376796722
6301.2 2910.979154586792
6301.5 3111.7195739746094
6301.8 2785.42586517334
6302.1 2454.265266418457
6302.4 2800.7169761657715
6302.7 2678.0319862365723
6303.0 2561.8167839050293
6303.3 2605.169765472412
6303.6 2567.6418266296387
6303.9 2765.736572265625
6304.2 2460.5368309020996
6304.5 2371.8902130126953
6304.8 2454.6836166381836
6305.1 2570.223403930664
6305.4 2651.5875244140625
6305.7 2508.3492126464844
6306.0 2531.133876800537
6306.3 2889.7909049987793
6306.6 2550.4313468933105
6306.9 2410.576364517212
6307.2 2833.8815574645996
6307.5 2604.1914024353027
6307.8 2507.2400550842285
6308.1 2564.257827758789
6308.4 2551.9688453674316
6308.7 2632.080223083496
6309.0 2331.820213317871
6309.3 2650.108444213867
6309.6 2609.706874847412
6309.9 2561.3052253723145
6310.2 2452.3834381103516
6310.5 2723.41748046875
6310.8 2631.4423332214355
6311.1 2672.9417877197266
6311.4 2575.8230323791504
6311.7 2655.20210647583
6312.0 2751.377498626709
6312.3 2805.027099609375
6312.6 2898.9960136413574
6312.9 2759.3532943725586
6313.2 2742.1951293945312
6313.5 2414.0022888183594
6313.8 2443.203842163086
6314.1 2599.9421730041504
6314.4 2964.148509979248
6314.7 2902.581901550293
6315.0 2741.1438636779785
6315.3 2735.707675933838
6315.6 2662.1575355529785
6315.9 2717.0877685546875
6316.2 2786.281126022339
6316.5 2589.407070159912
6316.8 2626.7479248046875
6317.1 2634.7332916259766
6317.4 2254.4452171325684
6317.7 2558.2870597839355
6318.0 2126.8403663635254
6318.3 2496.418014526367
6318.6 2760.084945678711
6318.9 2478.0153617858887
6319.2 2688.196189880371
6319.5 2617.7640228271484
6319.8 2604.3355026245117
6320.1 2474.3134422302246
6320.4 2572.1854705810547
6320.7 2646.63862991333
6321.0 2678.258140563965
6321.3 2725.8781547546387
6321.6 2633.2584075927734
6321.9 2731.7866554260254
6322.2 2568.5418815612793
6322.5 2488.4361114501953
6322.8 2583.0564880371094
6323.1 2797.1254272460938
6323.4 2641.016872406006
6323.7 2608.7378311157227
6324.0 2686.781120300293
6324.3 2393.0360412597656
6324.6 2549.733654022217
6324.9 2528.90531539917
6325.2 2594.095169067383
6325.5 2590.7181816101074
6325.8 2657.0371475219727
6326.1 2543.899658203125
6326.4 2726.2615356445312
6326.7 2616.2629776000977
6327.0 2715.623935699463
6327.3 2698.3537368774414
6327.6 2573.392116546631
6327.9 2600.341136932373
6328.2 2808.2671852111816
6328.5 2645.6376724243164
6328.8 2634.889129638672
6329.1 2548.418258666992
6329.4 2699.3917121887207
6329.7 2658.5485248565674
6330.0 2766.1770305633545
6330.3 2771.5030670166016
6330.6 2710.1528396606445
6330.9 2299.613494873047
6331.2 2499.4468955993652
6331.5 2611.683261871338
6331.8 2683.991611480713
6332.1 2828.620876312256
6332.4 2661.8106536865234
6332.7 2491.5996170043945
6333.0 2304.1737327575684
6333.3 2681.0229301452637
6333.6 2703.4153366088867
6333.9 2860.884365081787
6334.2 2777.7378463745117
6334.5 2799.838768005371
6334.8 2748.6803092956543
6335.1 2568.7597618103027
6335.4 2738.2536811828613
6335.7 2678.9882583618164
6336.0 2622.102569580078
6336.3 2706.184917449951
6336.6 2545.3450202941895
6336.9 2627.3184089660645
6337.2 2662.9681243896484
6337.5 2563.5501022338867
6337.8 2604.5502738952637
6338.1 2279.2292709350586
6338.4 2391.894462585449
6338.7 2274.589099884033
6339.0 2559.9503173828125
6339.3 2632.6160316467285
6339.6 2800.785732269287
6339.9 2493.7908325195312
6340.2 2456.4636726379395
6340.5 2686.0909729003906
6340.8 2719.617748260498
6341.1 2669.4308586120605
6341.4 2522.664825439453
6341.7 2815.4602012634277
6342.0 2708.4914321899414
6342.3 2567.31160736084
6342.6 2498.9888038635254
6342.9 2601.9628562927246
6343.2 2653.9347953796387
6343.5 2681.5253410339355
6343.8 2658.0555725097656
6344.1 2721.205726623535
6344.4 2609.8226432800293
6344.7 2716.4225311279297
6345.0 2478.3015480041504
6345.3 2603.5521812438965
6345.6 2695.306365966797
6345.9 2734.6512145996094
6346.2 2666.2204780578613
6346.5 2574.2036933898926
6346.8 2560.5035972595215
6347.1 2518.2068405151367
6347.4 2347.9477767944336
6347.7 2314.7325325012207
6348.0 2456.0929107666016
6348.3 2815.7035751342773
6348.6 2682.597541809082
6348.9 2611.620132446289
6349.2 2467.0010261535645
6349.5 2535.7132453918457
6349.8 2705.5474815368652
6350.1 2565.6007919311523
6350.4 2610.016716003418
6350.7 2666.870220184326
6351.0 2626.506935119629
6351.3 2627.601821899414
6351.6 2790.851936340332
6351.9 2703.686794281006
6352.2 2594.355911254883
6352.5 2635.1032638549805
6352.8 2661.4847984313965
6353.1 2851.4473266601562
6353.4 2719.616802215576
6353.7 2709.7673377990723
6354.0 2491.7743186950684
6354.3 2777.600212097168
6354.6 2775.094135284424
6354.9 2728.3342247009277
6355.2 2856.643886566162
6355.5 2799.440273284912
6355.8 2502.7738761901855
6356.1 2636.038864135742
6356.4 2614.008804321289
6356.7 2557.553949356079
6357.0 2672.1234130859375
6357.3 2750.54292678833
6357.6 2822.690441131592
6357.9 2705.7901935577393
6358.2 2829.9301223754883
6358.5 2707.7587661743164
6358.8 2651.86483001709
6359.1 2795.9513053894043
6359.4 2766.4993896484375
6359.7 2841.3774375915527
6360.0 2859.259735107422
6360.3 2616.580535888672
6360.6 2789.986354827881
6360.9 2700.6307525634766
6361.2 2436.1345596313477
6361.5 2516.6236686706543
6361.8 2450.3313179016113
6362.1 2532.5183753967285
6362.4 2991.0096473693848
6362.7 3159.0495624542236
6363.0 2238.879472732544
6363.3 2797.350025177002
6363.6 2814.460922241211
6363.9 2642.693395614624
6364.2 2956.7200241088867
6364.5 2833.561622619629
6364.8 2677.9670372009277
6365.1 2773.081153869629
6365.4 2605.6256217956543
6365.7 2677.915271759033
6366.0 2746.874954223633
6366.3 2976.9571380615234
6366.6 2866.092830657959
6366.9 2600.197624206543
6367.2 2688.6119384765625
6367.5 2735.981185913086
6367.8 2715.2503700256348
6368.1 2812.923713684082
6368.4 2915.3468856811523
6368.7 2905.499744415283
6369.0 2759.519847869873
6369.3 2838.425937652588
6369.6 2724.8824348449707
6369.9 2849.030693054199
6370.2 2814.344757080078
6370.5 2524.806453704834
6370.8 2570.639289855957
6371.1 2501.4491424560547
6371.4 2514.3058128356934
6371.7 2778.8756675720215
6372.0 2849.30424118042
6372.3 2490.180206298828
6372.6 2485.310989379883
6372.9 2734.836696624756
6373.2 2900.3112564086914
6373.5 2928.618453979492
6373.8 2788.8190994262695
6374.1 2713.6735305786133
6374.4 2532.152660369873
6374.7 2757.0155296325684
6375.0 2579.1268577575684
6375.3 2572.683868408203
6375.6 2670.4594116210938
6375.9 2702.9112434387207
6376.2 2628.6553688049316
6376.5 2540.8263053894043
6376.8 2792.4638748168945
6377.1 2742.0159645080566
6377.4 2739.7084465026855
6377.7 2513.670379638672
6378.0 2749.2514610290527
6378.3 2835.5287857055664
6378.6 2878.0644187927246
6378.9 2788.4241333007812
6379.2 2762.728313446045
6379.5 2579.3894538879395
6379.8 2777.341278076172
6380.1 2709.060329437256
6380.4 2707.7592811584473
6380.7 3005.399871826172
6381.0 2996.1234397888184
6381.3 2819.2475776672363
6381.6 2763.0465087890625
6381.9 2815.094295501709
6382.2 2860.0701904296875
6382.5 3033.8439903259277
6382.8 2804.518669128418
6383.1 2788.880126953125
6383.4 2892.576877593994
6383.7 2803.8732414245605
6384.0 2939.2154846191406
6384.3 2800.729190826416
6384.6 2843.114543914795
6384.9 2826.1248092651367
6385.2 3049.174903869629
6385.5 2859.3109588623047
6385.8 2785.06986618042
6386.1 2962.5896186828613
6386.4 2802.652931213379
6386.7 2615.449264526367
6387.0 2715.7574043273926
6387.3 2997.6943702697754
6387.6 2714.391124725342
6387.9 2785.1172409057617
6388.2 3009.645160675049
6388.5 3095.4348754882812
6388.8 2616.5983123779297
6389.1 2829.5290756225586
6389.4 3067.9416580200195
6389.7 2751.4077110290527
6390.0 2996.767116546631
6390.3 2937.1873359680176
6390.6 3038.2284927368164
6390.9 3070.651378631592
6391.2 3026.1149978637695
6391.5 2882.3706588745117
6391.8 2723.4024047851562
6392.1 3004.393814086914
6392.4 3049.4863662719727
6392.7 3018.5074005126953
6393.0 3178.4186248779297
6393.3 3142.8180084228516
6393.6 2746.7002029418945
6393.9 2863.9465827941895
6394.2 3090.7210388183594
6394.5 2995.5708045959473
6394.8 3055.423595428467
6395.1 3072.1772842407227
6395.4 3012.5639839172363
6395.7 2996.8149452209473
6396.0 2996.168788909912
6396.3 2878.174571990967
6396.6 3020.369213104248
6396.9 2841.0624389648438
6397.2 2767.308406829834
6397.5 2554.7898902893066
6397.8 2645.4294509887695
6398.1 2819.2475051879883
6398.4 2814.223133087158
6398.7 2780.3459091186523
6399.0 2696.164768218994
6399.3 2858.166347503662
6399.6 2869.3176307678223
6399.9 2641.593059539795
6400.2 2794.786365509033
6400.5 2842.3114738464355
6400.8 2909.714740753174
6401.1 2968.8660278320312
6401.4 2844.190887451172
6401.7 2903.3237648010254
6402.0 2905.2528228759766
6402.3 2921.857841491699
6402.6 2827.2259521484375
6402.9 2613.9269065856934
6403.2 2719.610927581787
6403.5 2906.2529067993164
6403.8 2654.1732635498047
6404.1 2754.3049354553223
6404.4 2647.8812675476074
6404.7 2623.096664428711
6405.0 2672.9948654174805
6405.3 2764.0344734191895
6405.6 2634.383087158203
6405.9 2755.7596588134766
6406.2 2619.6602783203125
6406.5 2583.5246925354004
6406.8 3074.3564453125
6407.1 2753.8494186401367
6407.4 2767.8027000427246
6407.7 2631.808361053467
6408.0 2749.190475463867
6408.3 2594.1748542785645
6408.6 2803.634422302246
6408.9 2923.268657684326
6409.2 2916.249370574951
6409.5 2770.602226257324
6409.8 2632.790195465088
6410.1 2520.287239074707
6410.4 2779.9066276550293
6410.7 2937.023250579834
6411.0 2763.1269874572754
6411.3 2521.4768295288086
6411.6 2806.162178039551
6411.9 2659.7591400146484
6412.2 2544.6551666259766
6412.5 2821.507011413574
6412.8 2929.1046981811523
6413.1 2830.147789001465
6413.4 2660.713581085205
6413.7 2720.333541870117
6414.0 2828.109230041504
6414.3 2886.8804244995117
6414.6 2793.745090484619
6414.9 2482.307876586914
6415.2 2814.512275695801
6415.5 2721.1270141601562
6415.8 2831.9213218688965
6416.1 2580.203887939453
6416.4 2601.5929412841797
6416.7 2985.3750534057617
6417.0 2840.1598892211914
6417.3 2735.5269508361816
6417.6 2968.1600189208984
6417.9 3080.4582901000977
6418.2 2825.3629302978516
6418.5 2610.50626373291
6418.8 2935.0477981567383
6419.1 2886.291130065918
6419.4 2702.223316192627
6419.7 2642.270191192627
6420.0 2713.9734535217285
6420.3 2992.012851715088
6420.6 2966.8587226867676
6420.9 2859.4319229125977
6421.2 2752.737880706787
6421.5 2851.9089164733887
6421.8 2933.8123626708984
6422.1 2945.400016784668
6422.4 2889.158447265625
6422.7 2617.6260299682617
6423.0 2964.3049278259277
6423.3 2433.1525115966797
6423.6 2821.196346282959
6423.9 2986.5242080688477
6424.2 3034.9289627075195
6424.5 2738.8375549316406
6424.8 2694.1854286193848
6425.1 2926.764976501465
6425.4 2753.2804565429688
6425.7 2845.759578704834
6426.0 2819.728244781494
6426.3 2650.195213317871
6426.6 2702.1879119873047
6426.9 2748.2915267944336
6427.2 3075.9543228149414
6427.5 3008.249984741211
6427.8 2820.5335693359375
6428.1 2763.1385040283203
6428.4 3054.7293586730957
6428.7 3009.080680847168
6429.0 2873.6538276672363
6429.3 2801.444278717041
6429.6 2892.471836090088
6429.9 2840.38143157959
6430.2 2474.212677001953
6430.5 2706.611846923828
6430.8 3114.231300354004
6431.1 3121.989433288574
6431.4 3007.7147674560547
6431.7 3004.3685417175293
6432.0 2961.061180114746
6432.3 2896.0678367614746
6432.6 3070.8647079467773
6432.9 2959.1753311157227
6433.2 2950.0271224975586
6433.5 3034.3340950012207
6433.8 3099.0972442626953
6434.1 3027.435157775879
6434.4 3028.57173538208
6434.7 3204.55765914917
6435.0 2814.9956817626953
6435.3 2707.2359504699707
6435.6 2867.056838989258
6435.9 2662.137218475342
6436.2 2943.5489768981934
6436.5 2974.7283058166504
6436.8 3070.566921234131
6437.1 2923.417640686035
6437.4 2857.645309448242
6437.7 2846.4553298950195
6438.0 2817.0671882629395
6438.3 2681.09725189209
6438.6 2979.8631744384766
6438.9 3028.479232788086
6439.2 2926.731227874756
6439.5 2874.8171768188477
6439.8 2569.395854949951
6440.1 2777.269931793213
6440.4 2763.278663635254
6440.7 2838.0781288146973
6441.0 2656.0639152526855
6441.3 2974.2121658325195
6441.6 2967.551788330078
6441.9 3042.862049102783
6442.2 3043.5832138061523
6442.5 3098.796417236328
6442.8 2853.1475105285645
6443.1 2939.746253967285
6443.4 2957.934600830078
6443.7 3093.769706726074
6444.0 3149.7142601013184
6444.3 2976.332191467285
6444.6 2965.817584991455
6444.9 2953.0909538269043
6445.2 2935.4297790527344
6445.5 3037.24853515625
6445.8 3139.016082763672
6446.1 2941.720390319824
6446.4 2772.045654296875
6446.7 2840.268657684326
6447.0 2716.3504333496094
6447.3 2810.9931411743164
6447.6 2874.2739028930664
6447.9 2885.157196044922
6448.2 2974.5020446777344
6448.5 2778.8576889038086
6448.8 2931.1767959594727
6449.1 2627.4501724243164
6449.4 2599.230209350586
6449.7 2735.8115463256836
6450.0 2823.982089996338
6450.3 2898.152645111084
6450.6 2863.824062347412
6450.9 2715.371784210205
6451.2 3027.6816596984863
6451.5 3051.6135482788086
6451.8 2804.5336475372314
6452.1 2769.054973602295
6452.4 2953.1177406311035
6452.7 2935.626121520996
6453.0 2538.4119567871094
6453.3 2897.019329071045
6453.6 3116.1718521118164
6453.9 3193.707462310791
6454.2 2621.711612701416
6454.5 2819.3446884155273
6454.8 2847.4152030944824
6455.1 2892.616355895996
6455.4 2687.7429237365723
6455.7 2961.6764602661133
6456.0 2902.387477874756
6456.3 2755.215343475342
6456.6 2770.08634185791
6456.9 2826.0245056152344
6457.2 2934.7852363586426
6457.5 3072.648937225342
6457.8 3053.5597381591797
6458.1 3063.403896331787
6458.4 2898.2064247131348
6458.7 3120.698627471924
6459.0 2804.117607116699
6459.3 2850.8399696350098
6459.6 2968.0669708251953
6459.9 3272.7101440429688
6460.2 2809.0153274536133
6460.5 2826.2883491516113
6460.8 2790.0634231567383
6461.1 2712.200180053711
6461.4 2985.271728515625
6461.7 3040.033416748047
6462.0 2817.1899795532227
6462.3 3012.362319946289
6462.6 3108.059886932373
6462.9 2984.0168838500977
6463.2 2995.9146728515625
6463.5 3141.2431869506836
6463.8 2984.7594718933105
6464.1 2990.4392700195312
6464.4 3216.792266845703
6464.7 2999.643768310547
6465.0 2857.418701171875
6465.3 3194.0411338806152
6465.6 3161.1417503356934
6465.9 2795.4709663391113
6466.2 2597.8352279663086
6466.5 2879.100387573242
6466.8 2958.8293952941895
6467.1 2633.8622512817383
6467.4 3017.183940887451
6467.7 3208.8156929016113
6468.0 3200.5887145996094
6468.3 3123.0440979003906
6468.6 2787.926113128662
6468.9 2738.3545570373535
6469.2 2826.010929107666
6469.5 2965.3741188049316
6469.8 3094.923667907715
6470.1 3073.4402084350586
6470.4 3183.4115409851074
6470.7 3357.892120361328
6471.0 3098.045322418213
6471.3 2801.926902770996
6471.6 3045.863048553467
6471.9 2973.615535736084
6472.2 2880.569236755371
6472.5 3070.7376861572266
6472.8 3130.0425987243652
6473.1 3124.7163848876953
6473.4 2971.207893371582
6473.7 3056.5088272094727
6474.0 3166.87850189209
6474.3 2907.2827491760254
6474.6 2805.752826690674
6474.9 2794.282009124756
6475.2 2940.029109954834
6475.5 3050.4913597106934
6475.8 3078.3954582214355
6476.1 2896.703281402588
6476.4 2610.970817565918
6476.7 2786.9639053344727
6477.0 3122.5019302368164
6477.3 3288.778793334961
6477.6 2783.2893447875977
6477.9 2882.042766571045
6478.2 3052.8920974731445
6478.5 3017.1233444213867
6478.8 2903.1444702148438
6479.1 2667.2562942504883
6479.4 2950.3153648376465
6479.7 3082.141986846924
6480.0 2813.273811340332
6480.3 2903.0679664611816
6480.6 2812.38387298584
6480.9 2807.7539825439453
6481.2 3080.13228225708
6481.5 3093.4057388305664
6481.8 2896.342727661133
6482.1 3073.6921920776367
6482.4 3023.883518218994
6482.7 3006.826519012451
6483.0 2960.123649597168
6483.3 3054.4318237304688
6483.6 3100.646385192871
6483.9 3111.138801574707
6484.2 2934.4769744873047
6484.5 2974.823532104492
6484.8 2892.0257263183594
6485.1 2863.169059753418
6485.4 3104.984832763672
6485.7 3123.371536254883
6486.0 3040.368263244629
6486.3 3043.782569885254
6486.6 2897.316738128662
6486.9 2931.170322418213
6487.2 2997.716163635254
6487.5 2952.890022277832
6487.8 2912.9523963928223
6488.1 2749.840560913086
6488.4 2770.255340576172
6488.7 3001.060935974121
6489.0 3148.3281631469727
6489.3 3125.447509765625
6489.6 2914.290512084961
6489.9 2887.161605834961
6490.2 2970.584541320801
6490.5 3147.2641983032227
6490.8 3017.775043487549
6491.1 3095.934371948242
6491.4 3047.703681945801
6491.7 2862.723045349121
6492.0 2937.616424560547
6492.3 2898.6274757385254
6492.6 2962.924514770508
6492.9 2996.221031188965
6493.2 2837.225643157959
6493.5 2814.6700286865234
6493.8 2907.3762016296387
6494.1 2928.7834243774414
6494.4 3128.852851867676
6494.7 3053.949062347412
6495.0 2839.561679840088
6495.3 3003.2261276245117
6495.6 3148.7925987243652
6495.9 2887.0441665649414
6496.2 3033.0085372924805
6496.5 3060.7926635742188
6496.8 3040.9815406799316
6497.1 2928.4503326416016
6497.4 3138.103099822998
6497.7 3465.203842163086
6498.0 3497.3346252441406
6498.3 3205.7686462402344
6498.6 3222.237766265869
6498.9 3117.505989074707
6499.2 3163.862808227539
6499.5 3098.2487144470215
6499.8 2866.191078186035
6500.1 2939.5367279052734
6500.4 3047.6288871765137
6500.7 3023.0126876831055
6501.0 3146.2200927734375
6501.3 3014.468231201172
6501.6 2790.550033569336
6501.9 2815.442939758301
6502.2 3030.7787017822266
6502.5 3167.108856201172
6502.8 2846.513626098633
6503.1 2651.643829345703
6503.4 3019.913703918457
6503.7 3045.200828552246
6504.0 3094.760482788086
6504.3 3019.709815979004
6504.6 3087.6924934387207
6504.9 3005.8546257019043
6505.2 3011.9602394104004
6505.5 3166.8285369873047
6505.8 3130.952968597412
6506.1 2946.518901824951
6506.4 2992.390312194824
6506.7 2936.1958236694336
6507.0 2829.683567047119
6507.3 2863.1333541870117
6507.6 2778.732467651367
6507.9 3014.263786315918
6508.2 3129.466495513916
6508.5 3025.2650566101074
6508.8 2964.358573913574
6509.1 2884.8048133850098
6509.4 2997.9867553710938
6509.7 2986.6280059814453
6510.0 3066.3405799865723
6510.3 2871.3804092407227
6510.6 2628.380989074707
6510.9 2912.937545776367
6511.2 2938.89990234375
6511.5 2873.427989959717
6511.8 2925.829360961914
6512.1 2957.74946975708
6512.4 3038.6161880493164
6512.7 3104.1666717529297
6513.0 3122.193031311035
6513.3 3311.1613388061523
6513.6 3047.106990814209
6513.9 3113.57373046875
6514.2 2913.363441467285
6514.5 3139.068374633789
6514.8 2980.1936798095703
6515.1 2787.385429382324
6515.4 2793.4128608703613
6515.7 2590.2744064331055
6516.0 3018.1439247131348
6516.3 2881.082260131836
6516.6 2900.952033996582
6516.9 3074.97550201416
6517.2 3070.635810852051
6517.5 3108.25874710083
6517.8 3057.8892974853516
6518.1 2943.8128395080566
6518.4 2888.763572692871
6518.7 2967.3844604492188
6519.0 3058.254009246826
6519.3 2955.2218704223633
6519.6 2579.7996826171875
6519.9 3030.146224975586
6520.2 3157.8614463806152
6520.5 3204.4836082458496
6520.8 3184.892158508301
6521.1 3226.690757751465
6521.4 2848.849319458008
6521.7 3193.378219604492
6522.0 2983.504550933838
6522.3 2852.573169708252
6522.6 2886.829490661621
6522.9 3061.636917114258
6523.2 2820.2097129821777
6523.5 2799.9676933288574
6523.8 2801.5705032348633
6524.1 2854.101879119873
6524.4 2973.6571769714355
6524.7 2749.5698165893555
6525.0 2695.265449523926
6525.3 3098.3168029785156
6525.6 3140.2904663085938
6525.9 2983.477191925049
6526.2 2883.035800933838
6526.5 3055.512279510498
6526.8 3105.629020690918
6527.1 2710.644515991211
6527.4 2989.403663635254
6527.7 3149.7024536132812
6528.0 2740.0776443481445
6528.3 3157.6471252441406
6528.6 3111.561782836914
6528.9 2723.0369720458984
6529.2 3061.4193954467773
6529.5 3165.177688598633
6529.8 3136.7211990356445
6530.1 2986.677459716797
6530.4 2695.2113037109375
6530.7 2946.923728942871
6531.0 2974.8845291137695
6531.3 3062.5399475097656
6531.6 3057.751937866211
6531.9 3008.8526344299316
6532.2 3378.1061782836914
6532.5 3470.1835174560547
6532.8 3152.647861480713
6533.1 3234.58349609375
6533.4 3031.091106414795
6533.7 3294.274429321289
6534.0 2939.0302391052246
6534.3 3130.0177841186523
6534.6 3184.7211303710938
6534.9 3189.4504356384277
6535.2 3223.8539543151855
6535.5 2959.593017578125
6535.8 2923.9835510253906
6536.1 3324.8294525146484
6536.4 2925.1483612060547
6536.7 3057.2376251220703
6537.0 3025.4545249938965
6537.3 3088.1799964904785
6537.6 2791.2697525024414
6537.9 2933.4233932495117
6538.2 2935.9563369750977
6538.5 3032.3246688842773
6538.8 3197.855857849121
6539.1 3273.179702758789
6539.4 3160.9746017456055
6539.7 2850.737319946289
6540.0 2748.896755218506
6540.3 2910.978973388672
6540.6 2807.3826599121094
6540.9 3221.1276817321777
6541.2 3227.4718475341797
6541.5 3127.662353515625
6541.8 3050.4280319213867
6542.1 2961.798896789551
6542.4 2835.044120788574
6542.7 3231.7397842407227
6543.0 2782.2705001831055
6543.3 2715.0357666015625
6543.6 3058.931007385254
6543.9 3157.5463638305664
6544.2 3068.8470420837402
6544.5 2940.286376953125
6544.8 2938.364944458008
6545.1 3133.463535308838
6545.4 2907.7919311523438
6545.7 2638.3733978271484
6546.0 2752.4878005981445
6546.3 2804.1510467529297
6546.6 2869.3808364868164
6546.9 2823.854782104492
6547.2 3134.1108932495117
6547.5 3183.7227096557617
6547.8 3028.1144790649414
6548.1 2837.5219955444336
6548.4 2762.3933029174805
6548.7 2601.2744140625
6549.0 2721.057777404785
6549.3 3047.475128173828
6549.6 2999.8451538085938
6549.9 2618.9814796447754
6550.2 2739.954917907715
6550.5 3227.417304992676
6550.8 3284.0496139526367
6551.1 2799.0507469177246
6551.4 2824.555519104004
6551.7 3152.592170715332
6552.0 3150.836826324463
6552.3 3177.1937713623047
6552.6 2766.2236404418945
6552.9 3412.339370727539
6553.2 3270.3788986206055
6553.5 3070.8164443969727
6553.8 3333.88777923584
6554.1 3006.371871948242
6554.4 3057.6700744628906
6554.7 2912.432945251465
6555.0 2904.1138954162598
6555.3 2952.288345336914
6555.6 2878.941635131836
6555.9 2726.070743560791
6556.2 2971.3969650268555
6556.5 3187.0703086853027
6556.8 2974.620864868164
6557.1 2952.884811401367
6557.4 3121.824836730957
6557.7 3001.6533279418945
6558.0 3085.2563705444336
6558.3 3235.4795303344727
6558.6 3204.961036682129
6558.9 2968.544502258301
6559.2 3061.841152191162
6559.5 3030.007339477539
6559.8 2865.028633117676
6560.1 3020.4205055236816
6560.4 3031.8858757019043
6560.7 2864.4247550964355
6561.0 2947.2719535827637
6561.3 2840.9057540893555
6561.6 3167.1950912475586
6561.9 2775.3584175109863
6562.2 3295.983024597168
6562.5 3307.9861450195312
6562.8 3457.0563049316406
6563.1 3321.0808715820312
6563.4 2969.944496154785
6563.7 2836.995704650879
6564.0 2864.012855529785
6564.3 3074.4487915039062
6564.6 3090.7296295166016
6564.9 3274.7387466430664
6565.2 3237.933448791504
6565.5 3031.9322395324707
6565.8 3041.821731567383
6566.1 3124.3353843688965
6566.4 3247.665985107422
6566.7 3260.3061599731445
6567.0 3090.0377349853516
6567.3 3213.8995323181152
6567.6 3205.903705596924
6567.9 2939.4916038513184
6568.2 3202.7935638427734
6568.5 3266.4793243408203
6568.8 2788.6434020996094
6569.1 3141.867332458496
6569.4 3071.111770629883
6569.7 2953.585189819336
6570.0 3065.973361968994
6570.3 3253.6512908935547
6570.6 3189.4707946777344
6570.9 2999.695243835449
6571.2 2879.142379760742
6571.5 2941.0221786499023
6571.8 3040.8652114868164
6572.1 2956.8267402648926
6572.4 3069.5231704711914
6572.7 3181.9186248779297
6573.0 2898.078193664551
6573.3 3176.210437774658
6573.6 3163.9480895996094
6573.9 3100.8673782348633
6574.2 3133.776466369629
6574.5 3066.1246490478516
6574.8 2710.1402435302734
6575.1 2976.882942199707
6575.4 3078.396743774414
6575.7 2952.996795654297
6576.0 3360.5227127075195
6576.3 3334.580253601074
6576.6 3260.7473068237305
6576.9 3258.1597747802734
6577.2 2969.794204711914
6577.5 2975.6886558532715
6577.8 2737.928291320801
6578.1 3076.524833679199
6578.4 3186.4212646484375
6578.7 3020.77156829834
6579.0 3090.6568450927734
6579.3 2874.5517921447754
6579.6 2877.828659057617
6579.9 3072.560718536377
6580.2 3102.4230613708496
6580.5 3141.840576171875
6580.8 3020.390800476074
6581.1 2817.0852813720703
6581.4 2871.4101333618164
6581.7 2875.907123565674
6582.0 3089.336166381836
6582.3 2907.943260192871
6582.6 3048.771697998047
6582.9 2980.6734924316406
6583.2 2829.2615814208984
6583.5 3184.7925186157227
6583.8 3046.609203338623
6584.1 3080.210205078125
6584.4 3175.749439239502
6584.7 2996.613067626953
6585.0 3108.985294342041
6585.3 3067.988426208496
6585.6 2820.6220664978027
6585.9 2926.411308288574
6586.2 2928.510597229004
6586.5 2842.9182662963867
6586.8 2702.221435546875
6587.1 2942.23197555542
6587.4 2690.275909423828
6587.7 2862.1270027160645
6588.0 2998.3924598693848
6588.3 2984.500701904297
6588.6 2964.475761413574
6588.9 2698.173080444336
6589.2 2757.0226821899414
6589.5 2995.349411010742
6589.8 2971.73881149292
6590.1 2905.2332458496094
6590.4 2986.639862060547
6590.7 2797.1305046081543
6591.0 2923.497039794922
6591.3 2764.6674766540527
6591.6 2582.465747833252
6591.9 2696.819793701172
6592.2 2745.1332969665527
6592.5 2925.832286834717
6592.8 2815.3100776672363
6593.1 2872.6530380249023
6593.4 2779.101982116699
6593.7 2710.169120788574
6594.0 2780.087821960449
6594.3 2931.617919921875
6594.6 3096.040084838867
6594.9 2810.125400543213
6595.2 2854.204132080078
6595.5 2965.438247680664
6595.8 3096.132682800293
6596.1 3127.3396072387695
6596.4 3074.2324142456055
6596.7 3145.241195678711
6597.0 3326.8366661071777
6597.3 2983.250747680664
6597.6 2954.309829711914
6597.9 3050.1654510498047
6598.2 2711.1944732666016
6598.5 2934.443256378174
6598.8 3096.1324920654297
6599.1 2983.120620727539
6599.4 2962.0728912353516
6599.7 2963.9966735839844
6600.0 2923.9094009399414
6600.3 3114.370620727539
6600.6 3003.64506149292
6600.9 2746.8975830078125
6601.2 2991.0601959228516
6601.5 3268.7850494384766
6601.8 2967.095359802246
6602.1 3089.42179107666
6602.4 3218.743942260742
6602.7 3259.479522705078
6603.0 2693.160125732422
6603.3 3150.465560913086
6603.6 3472.9204483032227
6603.9 3337.181999206543
6604.2 3186.118366241455
6604.5 3288.3120651245117
6604.8 3273.6696548461914
6605.1 3131.93497467041
6605.4 3240.935127258301
6605.7 2851.9688034057617
6606.0 3352.6280670166016
6606.3 3077.783866882324
6606.6 3220.1868896484375
6606.9 2937.7410583496094
6607.2 2757.5295181274414
6607.5 2896.0049018859863
6607.8 2954.045280456543
6608.1 3101.0753021240234
6608.4 3175.833610534668
6608.7 3115.0057678222656
6609.0 3135.4288482666016
6609.3 2897.079803466797
6609.6 2908.808967590332
6609.9 3057.881866455078
6610.2 2858.0103454589844
6610.5 3048.2038650512695
6610.8 3096.7162322998047
6611.1 3145.2352447509766
6611.4 3101.8268508911133
6611.7 3142.1982040405273
6612.0 2943.563148498535
6612.3 2900.729537963867
6612.6 2994.5781631469727
6612.9 3204.7244567871094
6613.2 3192.312141418457
6613.5 3037.1790771484375
6613.8 3166.10355758667
6614.1 3192.1842613220215
6614.4 3041.4779663085938
6614.7 3099.513038635254
6615.0 3030.6125259399414
6615.3 3312.186149597168
6615.6 3165.989242553711
6615.9 3238.1066932678223
6616.2 3205.1848220825195
6616.5 3070.5422897338867
6616.8 3206.5049362182617
6617.1 2841.8627700805664
6617.4 2880.8092346191406
6617.7 2992.4843368530273
6618.0 2945.3820724487305
6618.3 2975.5432624816895
6618.6 3260.7251892089844
6618.9 3314.0381393432617
6619.2 3327.5045318603516
6619.5 3372.7378311157227
6619.8 3197.5659713745117
6620.1 3199.190383911133
6620.4 2971.2997970581055
6620.7 2694.7071647644043
6621.0 3098.0585861206055
6621.3 3226.3378295898438
6621.6 3300.8304138183594
6621.9 3028.665481567383
6622.2 2986.122283935547
6622.5 3078.5073471069336
6622.8 3240.3953018188477
6623.1 3318.254234313965
6623.4 2990.5950622558594
6623.7 3075.081886291504
6624.0 2861.4085731506348
6624.3 2832.676559448242
6624.6 3073.2976989746094
6624.9 2842.6863708496094
6625.2 2866.9664154052734
6625.5 2982.670967102051
6625.8 2821.6151275634766
6626.1 3296.3989181518555
6626.4 3250.1962814331055
6626.7 3048.4004135131836
6627.0 3230.259178161621
6627.3 3071.69441986084
6627.6 2925.991989135742
6627.9 3085.5404739379883
6628.2 3293.2481994628906
6628.5 3166.3374252319336
6628.8 3065.7005767822266
6629.1 3097.1797637939453
6629.4 3200.8224716186523
6629.7 2968.244529724121
6630.0 3172.60555267334
6630.3 3013.344528198242
6630.6 3143.906536102295
6630.9 2842.6778869628906
6631.2 3218.5879402160645
6631.5 2983.5703353881836
6631.8 2958.21248626709
6632.1 3043.3142890930176
6632.4 3464.6532135009766
6632.7 3284.4452362060547
6633.0 3310.869300842285
6633.3 3013.18741607666
6633.6 3068.5872497558594
6633.9 3060.372871398926
6634.2 2919.599937438965
6634.5 3271.3079376220703
6634.8 3231.845375061035
6635.1 3282.569622039795
6635.4 3068.529941558838
6635.7 3309.061866760254
6636.0 3373.009880065918
6636.3 3288.576820373535
6636.6 2987.700698852539
6636.9 2843.7792892456055
6637.2 3247.4986267089844
6637.5 2797.6041946411133
6637.8 3361.5667572021484
6638.1 3151.249153137207
6638.4 3335.6585998535156
6638.7 3320.852493286133
6639.0 3243.17435836792
6639.3 3330.9571533203125
6639.6 3163.554359436035
6639.9 3272.4153366088867
6640.2 3458.812171936035
6640.5 2933.310935974121
6640.8 3300.1603622436523
6641.1 3259.0042419433594
6641.4 3093.8521881103516
6641.7 3436.841278076172
6642.0 3350.694679260254
6642.3 3227.30419921875
6642.6 3298.7533264160156
6642.9 3117.8769912719727
6643.2 3282.491500854492
6643.5 3305.3291015625
6643.8 3301.077476501465
6644.1 3138.014907836914
6644.4 3295.102493286133
6644.7 3205.7676010131836
6645.0 3199.0825729370117
6645.3 3658.3773880004883
6645.6 3132.9758224487305
6645.9 3218.5358276367188
6646.2 2983.8545532226562
6646.5 3028.1251373291016
6646.8 3534.8140869140625
6647.1 3174.8895416259766
6647.4 3305.9850158691406
6647.7 3071.5628967285156
6648.0 2974.599494934082
6648.3 3158.187301635742
6648.6 3089.6267623901367
6648.9 2902.632911682129
6649.2 2976.4222259521484
6649.5 2974.6328735351562
6649.8 3123.1137466430664
6650.1 2919.031425476074
6650.4 3113.5007247924805
6650.7 3091.8101921081543
6651.0 3064.107162475586
6651.3 2823.789451599121
6651.6 2860.9799194335938
6651.9 3145.0993423461914
6652.2 3266.046142578125
6652.5 2956.5723266601562
6652.8 2818.340003967285
6653.1 3248.137035369873
6653.4 3334.770477294922
6653.7 3146.5529861450195
6654.0 3001.189193725586
6654.3 2939.8936614990234
6654.6 3054.3385467529297
6654.9 3177.955707550049
6655.2 3234.9626388549805
6655.5 3267.633659362793
6655.8 3376.5162353515625
6656.1 3357.5056533813477
6656.4 3502.7238006591797
6656.7 3670.037826538086
6657.0 3942.495147705078
6657.3 4219.697196960449
6657.6 4452.2265548706055
6657.9 4519.140602111816
6658.2 4567.462707519531
6658.5 4510.999137878418
6658.8 4331.970779418945
6659.1 4284.117950439453
6659.4 4231.898086547852
6659.7 3986.815040588379
6660.0 3818.649139404297
6660.3 3782.4650650024414
6660.6 3512.479179382324
6660.9 3615.5095291137695
6661.2 3248.8227005004883
6661.5 3469.948226928711
6661.8 3257.196189880371
6662.1 3164.7593307495117
6662.4 3089.0471801757812
6662.7 3054.9553298950195
6663.0 2993.746047973633
6663.3 3064.4079360961914
6663.6 2960.89737701416
6663.9 2994.855281829834
6664.2 3233.44181060791
6664.5 2832.5074157714844
6664.8 2787.2716522216797
6665.1 2813.596710205078
6665.4 2775.2842178344727
6665.7 3041.8208351135254
6666.0 2860.2759399414062
6666.3 2994.784942626953
6666.6 3098.405044555664
6666.9 3007.1160736083984
6667.2 2948.395683288574
6667.5 2738.484401702881
6667.8 3120.4524154663086
6668.1 3255.801902770996
6668.4 3232.0178451538086
6668.7 3262.181411743164
6669.0 3331.310691833496
6669.3 2981.1451110839844
6669.6 2840.991767883301
6669.9 3154.127067565918
6670.2 3354.6502227783203
6670.5 3487.8777618408203
6670.8 3369.417167663574
6671.1 3196.293830871582
6671.4 3003.662269592285
6671.7 2998.782844543457
6672.0 2926.993881225586
6672.3 2957.1314392089844
6672.6 2862.1653060913086
6672.9 3299.4266357421875
6673.2 3272.261749267578
6673.5 3274.4344177246094
6673.8 3360.5276641845703
6674.1 3419.196174621582
6674.4 3362.139907836914
6674.7 3558.1144943237305
6675.0 3407.348892211914
6675.3 3453.340705871582
6675.6 3910.1996841430664
6675.9 3526.4239807128906
6676.2 4135.373664855957
6676.5 3737.0982971191406
6676.8 3582.2466583251953
6677.1 3656.3190307617188
6677.4 3897.419548034668
6677.7 3893.777000427246
6678.0 4275.762962341309
6678.3 4232.571151733398
6678.6 4277.544242858887
6678.9 4456.046531677246
6679.2 4474.582786560059
6679.5 4352.421318054199
6679.8 4261.930374145508
6680.1 4306.390464782715
6680.4 4335.0493240356445
6680.7 4097.980491638184
6681.0 4001.4830932617188
6681.3 4098.202224731445
6681.6 4015.700798034668
6681.9 3782.7831268310547
6682.2 3670.5425186157227
6682.5 3563.097023010254
6682.8 3591.4618606567383
6683.1 3325.7561569213867
6683.4 3243.5454330444336
6683.7 3327.045783996582
6684.0 3514.683822631836
6684.3 3433.468276977539
6684.6 3261.5802841186523
6684.9 3271.9566345214844
6685.2 3200.8872985839844
6685.5 3211.575263977051
6685.8 2992.4166107177734
6686.1 3275.961845397949
6686.4 3055.82137298584
6686.7 3135.99227142334
6687.0 3188.691276550293
6687.3 2884.339973449707
6687.6 2940.09513092041
6687.9 2991.0154190063477
6688.2 3173.601951599121
6688.5 2798.0570526123047
6688.8 2909.11922454834
6689.1 3148.73974609375
6689.4 2960.0834350585938
6689.7 2899.084587097168
6690.0 3095.151397705078
6690.3 3051.4939041137695
6690.6 3122.5920333862305
6690.9 3238.2536544799805
6691.2 3239.0223541259766
6691.5 3241.404296875
6691.8 3250.585189819336
6692.1 2827.6614685058594
6692.4 2865.2917404174805
6692.7 3086.435386657715
6693.0 3131.299835205078
6693.3 3032.0593795776367
6693.6 2978.843231201172
6693.9 3028.0263137817383
6694.2 3091.7575607299805
6694.5 2933.930549621582
6694.8 2932.210136413574
6695.1 3220.6474075317383
6695.4 3250.009635925293
6695.7 3104.1087646484375
6696.0 3103.721652984619
6696.3 2893.382308959961
6696.6 2901.5825958251953
6696.9 2980.2261505126953
6697.2 3145.4551429748535
6697.5 2963.3763275146484
6697.8 2936.0957412719727
6698.1 2967.093505859375
6698.4 3189.5317993164062
6698.7 3174.2016220092773
6699.0 3187.729423522949
6699.3 3024.6113052368164
6699.6 2873.3679809570312
6699.9 3183.051254272461
6700.2 3101.99796295166
6700.5 3093.2585525512695
6700.8 2999.332046508789
6701.1 3041.9689178466797
6701.4 3086.6141967773438
6701.7 3008.9058685302734
6702.0 2985.3464736938477
6702.3 2942.3369216918945
6702.6 2829.461151123047
6702.9 3214.9646224975586
6703.2 3088.1875228881836
6703.5 2835.450828552246
6703.8 3147.862503051758
6704.1 3413.1364974975586
6704.4 3181.9723205566406
6704.7 2938.455940246582
6705.0 3198.530204772949
6705.3 2974.960609436035
6705.6 2841.674606323242
6705.9 2837.1947326660156
6706.2 2791.35391998291
6706.5 2818.234405517578
6706.8 3222.4969635009766
6707.1 3131.3006591796875
6707.4 3153.6735458374023
6707.7 3213.614585876465
6708.0 3173.8114013671875
6708.3 3276.2754287719727
6708.6 3098.3202514648438
6708.9 2920.0050888061523
6709.2 2684.218849182129
6709.5 3191.8949127197266
6709.8 3267.3753509521484
6710.1 3096.587173461914
6710.4 2741.86856842041
6710.7 2990.878860473633
6711.0 2948.6581649780273
6711.3 3042.6437759399414
6711.6 3087.1036224365234
6711.9 2917.4457626342773
6712.2 3077.9425735473633
6712.5 2840.1937103271484
6712.8 3320.851188659668
6713.1 3258.4563522338867
6713.4 3164.005989074707
6713.7 3183.3218154907227
6714.0 3080.860870361328
6714.3 3107.476631164551
6714.6 2978.370620727539
6714.9 3179.9818115234375
6715.2 3217.5180435180664
6715.5 2934.0453491210938
6715.8 3325.3383865356445
6716.1 2876.0059814453125
6716.4 3081.004150390625
6716.7 3124.513557434082
6717.0 2978.1182403564453
6717.3 3015.7687911987305
6717.6 2938.337615966797
6717.9 3298.293037414551
6718.2 3192.341178894043
6718.5 3171.371078491211
6718.8 3208.23136138916
6719.1 3154.8502807617188
6719.4 3386.3714599609375
6719.7 3296.5741119384766
6720.0 3146.114326477051
6720.3 3086.0042152404785
6720.6 2939.725631713867
6720.9 3072.39640045166
6721.2 3023.079429626465
6721.5 3156.423194885254
6721.8 3088.288772583008
6722.1 3047.0349349975586
6722.4 3312.980255126953
6722.7 3184.7618408203125
6723.0 3053.2642364501953
6723.3 3311.7036514282227
6723.6 3040.7799530029297
6723.9 2877.4725646972656
6724.2 2883.033203125
6724.5 3161.5176544189453
6724.8 2840.690704345703
6725.1 2904.5258026123047
6725.4 3319.678268432617
6725.7 3263.287063598633
6726.0 3014.7456436157227
6726.3 3063.25545501709
6726.6 3097.226387023926
6726.9 2857.052261352539
6727.2 2754.5167846679688
6727.5 3004.627601623535
6727.8 2901.883331298828
6728.1 3072.6997604370117
6728.4 3431.122703552246
6728.7 2874.7062225341797
6729.0 2721.333381652832
6729.3 3163.133743286133
6729.6 3203.8420639038086
6729.9 3261.9921340942383
6730.2 3035.0357627868652
6730.5 3141.2293701171875
6730.8 2803.548828125
6731.1 2944.388816833496
6731.4 3421.857376098633
6731.7 3153.0554962158203
6732.0 3232.3275756835938
6732.3 3134.8922805786133
6732.6 3217.1671981811523
6732.9 3227.3472900390625
6733.2 3347.9016494750977
6733.5 3131.958610534668
6733.8 3196.5592079162598
6734.1 2988.028076171875
6734.4 3014.6697006225586
6734.7 2890.6923599243164
6735.0 3033.4811401367188
6735.3 3166.157917022705
6735.6 3109.6963119506836
6735.9 3017.555404663086
6736.2 3007.7848358154297
6736.5 2928.595443725586
6736.8 2767.984031677246
6737.1 2941.0886459350586
6737.4 3309.1111907958984
6737.7 3028.590145111084
6738.0 3131.582691192627
6738.3 2927.871109008789
6738.6 3327.432228088379
6738.9 2829.7828826904297
6739.2 3097.705711364746
6739.5 2992.8241424560547
6739.8 3060.402542114258
6740.1 3056.0703048706055
6740.4 3202.8090438842773
6740.7 3319.5554733276367
6741.0 3150.0808639526367
6741.3 3054.2587127685547
6741.6 2811.218849182129
6741.9 2917.2085494995117
6742.2 3185.545394897461
6742.5 2875.9510192871094
6742.8 3088.9542694091797
6743.1 3162.6929779052734
6743.4 3420.741012573242
6743.7 3478.513557434082
6744.0 3008.4384841918945
6744.3 2929.317222595215
6744.6 3152.9665489196777
6744.9 3078.8373413085938
6745.2 3287.1901779174805
6745.5 3216.071708679199
6745.8 2928.3729858398438
6746.1 3071.829475402832
6746.4 3037.7928314208984
6746.7 3028.782157897949
6747.0 2936.7512016296387
6747.3 3221.265785217285
6747.6 3334.8981170654297
6747.9 2855.24609375
6748.2 3100.017021179199
6748.5 3207.6274642944336
6748.8 3655.1441955566406
6749.1 3350.275619506836
6749.4 3241.714401245117
6749.7 3178.814453125
6750.0 3124.5163230895996
6750.3 3073.151870727539
6750.6 2974.252944946289
6750.9 2991.6685791015625
6751.2 2991.3581466674805
6751.5 2975.3688888549805
6751.8 3355.1141204833984
6752.1 3240.7516860961914
6752.4 3293.5468673706055
6752.7 3166.9506225585938
6753.0 3340.0225143432617
6753.3 3346.337646484375
6753.6 2741.6514892578125
6753.9 3232.7988815307617
6754.2 3083.7586975097656
6754.5 3296.7213745117188
6754.8 3303.1484375
6755.1 3114.9066467285156
6755.4 3144.448287963867
6755.7 3104.064895629883
6756.0 3295.3180389404297
6756.3 3248.5322875976562
6756.6 2942.7232971191406
6756.9 2955.2457313537598
6757.2 2920.4987869262695
6757.5 3184.7458267211914
6757.8 3102.3920249938965
6758.1 3141.360565185547
6758.4 2968.7756576538086
6758.7 3298.464096069336
6759.0 3338.4432220458984
6759.3 3205.2218170166016
6759.6 3251.4431762695312
6759.9 3253.2718353271484
6760.2 3102.9436569213867
6760.5 2852.772018432617
6760.8 3256.4119415283203
6761.1 3288.0677642822266
6761.4 3197.001983642578
6761.7 3077.0082473754883
6762.0 3368.85400390625
6762.3 2912.6351165771484
6762.6 2919.686882019043
6762.9 3028.4341049194336
6763.2 3314.064582824707
6763.5 3340.861015319824
6763.8 3214.8696365356445
6764.1 3161.9837188720703
6764.4 2973.4104385375977
6764.7 3151.7313842773438
6765.0 3272.0167121887207
6765.3 2833.2366333007812
6765.6 3098.961868286133
6765.9 3098.5372009277344
6766.2 2883.4577026367188
6766.5 2960.7461700439453
6766.8 3005.7277908325195
6767.1 2995.306312561035
6767.4 2985.1522941589355
6767.7 3049.0675659179688
6768.0 3197.90535736084
6768.3 2900.3772735595703
6768.6 2833.746467590332
6768.9 3034.5609550476074
6769.2 3150.4023818969727
6769.5 3209.2809982299805
6769.8 2959.5134506225586
6770.1 2887.584785461426
6770.4 3028.9744873046875
6770.7 3265.559844970703
6771.0 2978.1330184936523
6771.3 3255.558937072754
6771.6 3152.420944213867
6771.9 3067.8207244873047
6772.2 3104.581382751465
6772.5 2948.644401550293
6772.8 3342.3755264282227
6773.1 2960.1237411499023
6773.4 3217.6975860595703
6773.7 2859.0225219726562
6774.0 3009.7619247436523
6774.3 3346.9382247924805
6774.6 2859.4264755249023
6774.9 2834.5043716430664
6775.2 3180.6061096191406
6775.5 3065.7236251831055
6775.8 2842.907554626465
6776.1 3242.31241607666
6776.4 3016.3355712890625
6776.7 3006.926483154297
6777.0 3401.9389610290527
6777.3 3051.281913757324
6777.6 3347.1226348876953
6777.9 3177.330253601074
6778.2 3137.806442260742
6778.5 3280.1816329956055
6778.8 3331.255439758301
6779.1 2914.685821533203
6779.4 3249.255043029785
6779.7 3150.938865661621
6780.0 3232.458526611328
6780.3 3225.0363159179688
6780.6 3038.801429748535
6780.9 2961.861469268799
6781.2 2978.1012649536133
6781.5 2817.261787414551
6781.8 3067.842041015625
6782.1 3047.6711654663086
6782.4 2933.0401611328125
6782.7 2897.3844680786133
6783.0 3352.9450912475586
6783.3 3156.6794357299805
6783.6 3294.6323165893555
6783.9 3199.716468811035
6784.2 2895.1185913085938
6784.5 2992.4016494750977
6784.8 2991.639518737793
6785.1 3164.3211975097656
6785.4 2895.7844009399414
6785.7 3049.5599517822266
6786.0 3383.170341491699
6786.3 3512.3206787109375
6786.6 3604.0890731811523
6786.9 3134.720184326172
6787.2 2995.934097290039
6787.5 3248.0592498779297
6787.8 3027.512969970703
6788.1 3092.6378784179688
6788.4 3116.476692199707
6788.7 3145.9024620056152
6789.0 2826.418388366699
6789.3 3362.8804931640625
6789.6 3275.234718322754
6789.9 3182.6695404052734
6790.2 3054.667999267578
6790.5 2623.0812759399414
6790.8 3073.2576599121094
6791.1 3063.081672668457
6791.4 3221.1733169555664
6791.7 2821.356346130371
6792.0 3154.41007232666
6792.3 3066.8038635253906
6792.6 3033.0944061279297
6792.9 3049.322540283203
6793.2 3488.3034133911133
6793.5 3238.0073776245117
6793.8 3068.557258605957
6794.1 3273.757583618164
6794.4 3356.055992126465
6794.7 3070.3844604492188
6795.0 3073.112937927246
6795.3 3526.9818077087402
6795.6 3129.3972549438477
6795.9 3031.2586822509766
6796.2 3210.2503929138184
6796.5 3207.0693893432617
6796.8 3350.544937133789
6797.1 3186.9281845092773
6797.4 2912.660469055176
6797.7 2834.3037338256836
6798.0 3119.453556060791
6798.3 3316.12833404541
6798.6 2981.503486633301
6798.9 3115.017219543457
6799.2 3114.891258239746
6799.5 3162.162124633789
6799.8 3280.4113845825195
6800.1 3119.044876098633
6800.4 2973.509941101074
6800.7 2944.20751953125
6801.0 2878.4526596069336
6801.3 3256.078239440918
6801.6 3272.5377349853516
6801.9 3160.4807205200195
6802.2 3154.912124633789
6802.5 3179.8694229125977
6802.8 2887.266502380371
6803.1 2945.50333404541
6803.4 3117.8208618164062
6803.7 3285.374366760254
6804.0 2935.2939529418945
6804.3 3309.211601257324
6804.6 2955.7231826782227
6804.9 3091.273162841797
6805.2 2943.474868774414
6805.5 3203.026542663574
6805.8 3124.3188247680664
6806.1 3220.841537475586
6806.4 3356.068489074707
6806.7 3103.9814224243164
6807.0 3233.427459716797
6807.3 3094.6961212158203
6807.6 3337.136604309082
6807.9 2927.968391418457
6808.2 3235.8439407348633
6808.5 3244.219924926758
6808.8 3376.5432891845703
6809.1 3410.247314453125
6809.4 3444.3420333862305
6809.7 3315.527587890625
6810.0 3016.7725830078125
6810.3 3376.877342224121
6810.6 3472.510612487793
6810.9 3682.152900695801
6811.2 3486.7804794311523
6811.5 3438.372230529785
6811.8 3608.2369232177734
6812.1 3253.3659591674805
6812.4 3331.772994995117
6812.7 3398.4833450317383
6813.0 3870.316780090332
6813.3 3594.137107849121
6813.6 3785.429443359375
6813.9 3563.6005783081055
6814.2 3689.9013900756836
6814.5 3620.8652420043945
6814.8 3665.3657989501953
6815.1 3401.2562103271484
6815.4 3743.2010498046875
6815.7 3620.9782485961914
6816.0 3615.252082824707
6816.3 3516.0659942626953
6816.6 3331.164764404297
6816.9 3552.659683227539
6817.2 3507.3686752319336
6817.5 3393.936912536621
6817.8 3119.3247299194336
6818.1 3370.926788330078
6818.4 3379.5207443237305
6818.7 3261.8357467651367
6819.0 3104.7324142456055
6819.3 3103.633888244629
6819.6 3472.2875900268555
6819.9 3227.396614074707
6820.2 3229.714958190918
6820.5 3000.726318359375
6820.8 3488.5755310058594
6821.1 3143.340118408203
6821.4 3197.6873359680176
6821.7 3340.509162902832
6822.0 3295.001625061035
6822.3 3457.3170623779297
6822.6 3288.4152908325195
6822.9 3197.745315551758
6823.2 2865.602249145508
6823.5 3021.4650382995605
6823.8 3160.4576873779297
6824.1 3402.646987915039
6824.4 3468.392776489258
6824.7 3096.996383666992
6825.0 3065.089080810547
6825.3 2991.057975769043
6825.6 2955.5135192871094
6825.9 3719.0074729919434
6826.2 3312.9520950317383
6826.5 3811.025909423828
6826.8 3638.475799560547
6827.1 3388.590217590332
6827.4 3613.1519317626953
6827.7 3555.6071701049805
6828.0 3606.593147277832
6828.3 3689.9573669433594
6828.6 3625.6128692626953
6828.9 4092.804130554199
6829.2 3678.9110717773438
6829.5 3578.3493270874023
6829.8 3867.8190536499023
6830.1 3259.9156341552734
6830.4 3152.300849914551
6830.7 3405.258544921875
6831.0 3281.2243423461914
6831.3 3338.4105072021484
6831.6 3391.424789428711
6831.9 3520.831901550293
6832.2 3707.505081176758
6832.5 3684.472366333008
6832.8 3734.5943298339844
6833.1 3691.529571533203
6833.4 3745.23673248291
6833.7 3767.280601501465
6834.0 4066.541831970215
6834.3 3886.812431335449
6834.6 3301.042549133301
6834.9 3462.985496520996
6835.2 3317.4833450317383
6835.5 3426.519744873047
6835.8 3268.118049621582
6836.1 3343.9135360717773
6836.4 3137.6560287475586
6836.7 2916.5197830200195
6837.0 3247.1345748901367
6837.3 3213.401901245117
6837.6 2858.7068634033203
6837.9 2981.975112915039
6838.2 2776.7277297973633
6838.5 2988.3188858032227
6838.8 3048.9531173706055
6839.1 2808.458267211914
6839.4 3091.0653686523438
6839.7 3125.0827445983887
6840.0 2898.6646881103516
6840.3 3121.16259765625
6840.6 3047.6555709838867
6840.9 3117.8980026245117
6841.2 3243.4134979248047
6841.5 3170.8247451782227
6841.8 3249.195510864258
6842.1 3008.388916015625
6842.4 2993.750389099121
6842.7 2904.9398880004883
6843.0 2970.1246490478516
6843.3 3006.9294815063477
6843.6 3001.994701385498
6843.9 3067.9343223571777
6844.2 3163.7461318969727
6844.5 3167.275405883789
6844.8 3062.7277221679688
6845.1 3338.6756286621094
6845.4 2768.124092102051
6845.7 3118.1478881835938
6846.0 2586.183006286621
6846.3 2862.393600463867
6846.6 3345.6101036071777
6846.9 2972.854446411133
6847.2 3187.600559234619
6847.5 3162.4445877075195
6847.8 3311.2049255371094
6848.1 3344.771385192871
6848.4 3418.081100463867
6848.7 3137.2095336914062
6849.0 3020.036293029785
6849.3 2935.214370727539
6849.6 2857.045555114746
6849.9 3060.8474655151367
6850.2 3121.6829833984375
6850.5 2692.856864929199
6850.8 3337.5667724609375
6851.1 2984.120719909668
6851.4 2871.4664001464844
6851.7 3093.467918395996
6852.0 3077.9510955810547
6852.3 3018.2206115722656
6852.6 2982.5169830322266
6852.9 3072.7755432128906
6853.2 2881.2097091674805
6853.5 3233.038185119629
6853.8 3246.7908248901367
6854.1 3036.1136169433594
6854.4 2994.4770278930664
6854.7 3068.7343673706055
6855.0 2990.914047241211
6855.3 2796.2859954833984
6855.6 2881.9364852905273
6855.9 2990.423538208008
6856.2 3228.766456604004
6856.5 3096.3863220214844
6856.8 3210.328941345215
6857.1 3113.55615234375
6857.4 3202.547294616699
6857.7 3054.2778549194336
6858.0 3062.6665115356445
6858.3 3406.712730407715
6858.6 3121.986602783203
6858.9 2821.250831604004
6859.2 3016.9420127868652
6859.5 3208.8006324768066
6859.8 3042.923126220703
6860.1 2745.9799270629883
6860.4 2880.0144119262695
6860.7 2914.0558166503906
6861.0 3136.2475204467773
6861.3 3749.27791595459
6861.6 4421.791091918945
6861.9 4026.0865783691406
6862.2 4386.853569030762
6862.5 4634.079452514648
6862.8 5209.262466430664
6863.1 5300.38387298584
6863.4 6021.815124511719
6863.7 5093.496467590332
6864.0 4181.579483032227
6864.3 4078.4979400634766
6864.6 2662.6006774902344
6864.9 2213.238540649414
6865.2 1685.6442260742188
6865.5 1618.504005432129
6865.8 1690.8670921325684
6866.1 1230.4672508239746
6866.4 1356.4689559936523
6866.7 1372.055549621582
6867.0 222.0384292602539
6867.3 0.0
6867.6 0.0
6867.9 0.0
6868.2 0.0
6868.5 0.0
6868.8 0.0
6869.1 0.0
6869.4 0.0
6869.7 0.0
