4662.0 0.0
4662.3 0.0
4662.6 0.0
4662.9 0.0
4663.2 0.0
4663.5 0.0
4663.8 0.0
4664.1 0.0
4664.4 0.0
4664.7 0.0
4665.0 0.0
4665.3 0.0
4665.6 0.0
4665.9 0.0
4666.2 0.0
4666.5 0.0
4666.8 0.0
4667.1 0.0
4667.4 0.0
4667.7 0.0
4668.0 0.0
4668.3 0.0
4668.6 0.0
4668.9 0.0
4669.2 0.0
4669.5 0.0
4669.8 0.0
4670.1 0.0
4670.4 0.0
4670.7 0.0
4671.0 0.0
4671.3 0.0
4671.6 0.0
4671.9 0.0
4672.2 0.0
4672.5 0.0
4672.8 0.0
4673.1 0.0
4673.4 0.0
4673.7 0.0
4674.0 0.0
4674.3 0.0
4674.6 0.0
4674.9 0.0
4675.2 0.0
4675.5 0.0
4675.8 0.0
4676.1 0.0
4676.4 0.0
4676.7 0.0
4677.0 0.0
4677.3 26.486557006835938
4677.6 36.44691467285156
4677.9 17.522687911987305
4678.2 25.682390213012695
4678.5 32.86502456665039
4678.8 37.78510284423828
4679.1 62.5899772644043
4679.4 59.49274826049805
4679.7 20.392946243286133
4680.0 421.9379253387451
4680.3 569.2135906219482
4680.6 526.8192043304443
4680.9 425.2639980316162
4681.2 317.5216073989868
4681.5 373.82588386535645
4681.8 414.06011390686035
4682.1 380.98648834228516
4682.4 428.5214099884033
4682.7 524.7609477043152
4683.0 1612.3263835906982
4683.3 1740.3467540740967
4683.6 1761.879098892212
4683.9 1707.9490661621094
4684.2 1464.6254234313965
4684.5 1596.2364616394043
4684.8 1419.2163734436035
4685.1 1537.374252319336
4685.4 1457.1645679473877
4685.7 1710.7383251190186
4686.0 1588.5423698425293
4686.3 1591.1500339508057
4686.6 1682.2550506591797
4686.9 1608.7574501037598
4687.2 1513.0536575317383
4687.5 1586.1317825317383
4687.8 1657.0841598510742
4688.1 1765.474962234497
4688.4 1663.1362552642822
4688.7 1636.9289321899414
4689.0 1606.2773246765137
4689.3 1665.1774406433105
4689.6 1644.0866737365723
4689.9 1624.2223854064941
4690.2 1625.7758903503418
4690.5 1693.7830848693848
4690.8 1680.3176078796387
4691.1 1676.66432762146
4691.4 1637.6094493865967
4691.7 1672.9492416381836
4692.0 1727.7818183898926
4692.3 1743.3950729370117
4692.6 1693.784065246582
4692.9 1695.77925491333
4693.2 1722.6215705871582
4693.5 1692.009449005127
4693.8 1746.5503692626953
4694.1 1715.4317665100098
4694.4 1580.8860244750977
4694.7 1563.2880268096924
4695.0 1604.5557746887207
4695.3 1734.2233505249023
4695.6 1757.5342597961426
4695.9 1671.8766288757324
4696.2 1655.6333198547363
4696.5 1648.9380340576172
4696.8 1721.2089443206787
4697.1 1720.3814392089844
4697.4 1675.1974258422852
4697.7 1672.889720916748
4698.0 1696.5107650756836
4698.3 1758.11079788208
4698.6 1764.7674255371094
4698.9 1846.8212928771973
4699.2 1753.4238166809082
4699.5 1739.24049949646
4699.8 1702.5926361083984
4700.1 1718.203296661377
4700.4 1712.0570373535156
4700.7 1808.0898895263672
4701.0 1727.9456062316895
4701.3 1645.0378761291504
4701.6 1616.8260250091553
4701.9 1639.4047260284424
4702.2 1664.7991275787354
4702.5 1698.6811408996582
4702.8 1703.9153480529785
4703.1 1688.5455303192139
4703.4 1685.5872707366943
4703.7 1601.252447128296
4704.0 1647.330514907837
4704.3 1682.2494812011719
4704.6 1685.704761505127
4704.9 1617.6355381011963
4705.2 1634.1222229003906
4705.5 1767.0232276916504
4705.8 1744.6677894592285
4706.1 1702.5101928710938
4706.4 1724.1073875427246
4706.7 1757.3003768920898
4707.0 1744.865291595459
4707.3 1666.6757125854492
4707.6 1622.1932201385498
4707.9 1645.2106189727783
4708.2 1722.399112701416
4708.5 1606.133701324463
4708.8 1676.377628326416
4709.1 1721.8858642578125
4709.4 1842.9697151184082
4709.7 1724.1787300109863
4710.0 1659.270378112793
4710.3 1728.3513145446777
4710.6 1698.0963096618652
4710.9 1762.5127639770508
4711.2 1811.385757446289
4711.5 1823.0033912658691
4711.8 1813.7155723571777
4712.1 1694.9799919128418
4712.4 1740.6522178649902
4712.7 1739.8900260925293
4713.0 1674.6156120300293
4713.3 1750.8818531036377
4713.6 1790.1165657043457
4713.9 1734.8972434997559
4714.2 1713.155818939209
4714.5 1688.53000831604
4714.8 1785.3548316955566
4715.1 1710.3201961517334
4715.4 1675.6145782470703
4715.7 1679.247709274292
4716.0 1599.6138172149658
4716.3 1575.4862785339355
4716.6 1635.4103393554688
4716.9 1635.1243953704834
4717.2 1790.5634307861328
4717.5 1857.8635902404785
4717.8 1797.1880493164062
4718.1 1703.0857620239258
4718.4 1796.068172454834
4718.7 1894.5850143432617
4719.0 1833.1153450012207
4719.3 1886.2478637695312
4719.6 1877.6089668273926
4719.9 1768.5295295715332
4720.2 1790.2131690979004
4720.5 1930.8956260681152
4720.8 1890.1773872375488
4721.1 1910.658203125
4721.4 1891.124324798584
4721.7 1795.962718963623
4722.0 1716.0717735290527
4722.3 1792.0051879882812
4722.6 1929.9498977661133
4722.9 1935.7439422607422
4723.2 1982.005443572998
4723.5 1890.864128112793
4723.8 1948.1921195983887
4724.1 1870.2106246948242
4724.4 1868.8463287353516
4724.7 1865.9828758239746
4725.0 1864.5088291168213
4725.3 1867.8549919128418
4725.6 1887.2354640960693
4725.9 1963.2700958251953
4726.2 1967.9047164916992
4726.5 2077.7282066345215
4726.8 1993.6701889038086
4727.1 1898.7347106933594
4727.4 1918.9592170715332
4727.7 1958.7941246032715
4728.0 2058.487922668457
4728.3 1871.5351753234863
4728.6 1999.2422065734863
4728.9 2036.3573608398438
4729.2 2040.1045036315918
4729.5 2020.05717086792
4729.8 1965.4220008850098
4730.1 2032.82035446167
4730.4 1959.6048011779785
4730.7 1928.704978942871
4731.0 2036.7854385375977
4731.3 1946.939437866211
4731.6 1762.6473598480225
4731.9 1910.6822776794434
4732.2 1939.7144355773926
4732.5 1904.3970184326172
4732.8 1897.82515335083
4733.1 1870.0370635986328
4733.4 1805.8112983703613
4733.7 1813.599941253662
4734.0 1893.717487335205
4734.3 1825.5565948486328
4734.6 1792.5257377624512
4734.9 1794.4240531921387
4735.2 1845.6744270324707
4735.5 1857.1912288665771
4735.8 1749.9533157348633
4736.1 1833.1042213439941
4736.4 1761.7895126342773
4736.7 1799.0089492797852
4737.0 1924.2815895080566
4737.3 1801.9231758117676
4737.6 1763.3498935699463
4737.9 1780.051067352295
4738.2 1968.8581504821777
4738.5 1938.7155723571777
4738.8 1868.8710174560547
4739.1 2013.920560836792
4739.4 2045.1773147583008
4739.7 1980.5802574157715
4740.0 1892.1420650482178
4740.3 1939.955093383789
4740.6 2016.6793899536133
4740.9 1892.5511436462402
4741.2 1988.496711730957
4741.5 2034.8806190490723
4741.8 2035.6967010498047
4742.1 1975.2335166931152
4742.4 2003.4494590759277
4742.7 1963.4615516662598
4743.0 2170.326457977295
4743.3 2101.085205078125
4743.6 2009.4283866882324
4743.9 1966.236717224121
4744.2 2020.3889846801758
4744.5 2098.0385551452637
4744.8 2025.0653686523438
4745.1 1980.9047012329102
4745.4 2017.285442352295
4745.7 2104.806167602539
4746.0 2021.784740447998
4746.3 1992.0847511291504
4746.6 2029.2530822753906
4746.9 1952.5641498565674
4747.2 1945.2355155944824
4747.5 2080.417808532715
4747.8 2108.633068084717
4748.1 1998.2812843322754
4748.4 2044.7284660339355
4748.7 1937.9191398620605
4749.0 1997.3824996948242
4749.3 1953.5953369140625
4749.6 2040.7032356262207
4749.9 2012.391014099121
4750.2 2037.2696685791016
4750.5 1984.8191757202148
4750.8 1898.05202293396
4751.1 1998.2651901245117
4751.4 1976.1624488830566
4751.7 1915.1742210388184
4752.0 2059.0182762145996
4752.3 2091.35750579834
4752.6 2048.5295753479004
4752.9 2143.510639190674
4753.2 2100.4634742736816
4753.5 2062.0269317626953
4753.8 2097.0877952575684
4754.1 2086.240852355957
4754.4 2100.120761871338
4754.7 2087.8983268737793
4755.0 1985.8957061767578
4755.3 2049.99214553833
4755.6 2042.6770782470703
4755.9 2085.8992958068848
4756.2 2155.813953399658
4756.5 2096.793445587158
4756.8 1971.0171432495117
4757.1 1999.7047080993652
4757.4 2154.7340965270996
4757.7 2202.7874450683594
4758.0 2094.527675628662
4758.3 2073.890613555908
4758.6 2022.7779998779297
4758.9 1975.9681701660156
4759.2 2015.5251083374023
4759.5 1941.8531913757324
4759.8 1992.4381484985352
4760.1 2082.163417816162
4760.4 2116.6109046936035
4760.7 2038.4715766906738
4761.0 1930.4901275634766
4761.3 2062.0136337280273
4761.6 2107.7128944396973
4761.9 2008.9531135559082
4762.2 2178.032855987549
4762.5 2136.5284576416016
4762.8 2048.156421661377
4763.1 1988.4716987609863
4763.4 1983.8986892700195
4763.7 2151.9146041870117
4764.0 2262.239158630371
4764.3 2121.090156555176
4764.6 2042.233871459961
4764.9 2059.2522773742676
4765.2 2073.508472442627
4765.5 2067.578395843506
4765.8 2065.1196823120117
4766.1 2018.4609642028809
4766.4 2047.4543151855469
4766.7 2158.1425132751465
4767.0 2059.249408721924
4767.3 2026.0703315734863
4767.6 1986.9561080932617
4767.9 2042.9790954589844
4768.2 2016.7907829284668
4768.5 1936.8008308410645
4768.8 2023.9222946166992
4769.1 1989.1550216674805
4769.4 1961.9707660675049
4769.7 2068.1840209960938
4770.0 1989.3443756103516
4770.3 1951.0386562347412
4770.6 2079.2711486816406
4770.9 2066.608283996582
4771.2 2005.0016708374023
4771.5 2116.259738922119
4771.8 2041.3163375854492
4772.1 2019.0634956359863
4772.4 2039.4021263122559
4772.7 2019.5870819091797
4773.0 1999.3618659973145
4773.3 2087.1208534240723
4773.6 2008.2425422668457
4773.9 2051.404342651367
4774.2 2057.5099716186523
4774.5 2014.960620880127
4774.8 2179.3474407196045
4775.1 2113.191083908081
4775.4 2069.6067810058594
4775.7 2014.5175094604492
4776.0 2077.0591583251953
4776.3 2034.7966575622559
4776.6 2066.6942443847656
4776.9 2045.4115715026855
4777.2 2027.1565551757812
4777.5 2093.2643280029297
4777.8 2128.6781616210938
4778.1 2062.8409385681152
4778.4 2072.617286682129
4778.7 2118.5601959228516
4779.0 2052.2344360351562
4779.3 2039.917335510254
4779.6 2050.1308937072754
4779.9 2073.6521072387695
4780.2 1960.385747909546
4780.5 2010.4157752990723
4780.8 2010.995906829834
4781.1 2103.3629570007324
4781.4 2039.2360153198242
4781.7 2080.4293823242188
4782.0 2070.9459953308105
4782.3 2050.197521209717
4782.6 2258.33553314209
4782.9 2177.2020225524902
4783.2 2136.788188934326
4783.5 2111.9130210876465
4783.8 2048.948657989502
4784.1 2134.373638153076
4784.4 2045.8746871948242
4784.7 2104.715732574463
4785.0 2204.678062438965
4785.3 2161.3016052246094
4785.6 2170.8799896240234
4785.9 2207.2005004882812
4786.2 2245.769458770752
4786.5 2304.941059112549
4786.8 2187.457004547119
4787.1 2084.8730506896973
4787.4 2222.2442512512207
4787.7 2312.1877670288086
4788.0 2267.094924926758
4788.3 2260.387897491455
4788.6 2236.2163734436035
4788.9 2104.9931678771973
4789.2 2253.112995147705
4789.5 2313.549816131592
4789.8 2293.760055541992
4790.1 2299.2110023498535
4790.4 2171.1927223205566
4790.7 2196.6992721557617
4791.0 2366.737030029297
4791.3 2416.1480751037598
4791.6 2333.717426300049
4791.9 2260.811210632324
4792.2 2273.052558898926
4792.5 2310.812313079834
4792.8 2213.5342750549316
4793.1 2218.5215072631836
4793.4 2196.812919616699
4793.7 2159.43803024292
4794.0 2205.5598106384277
4794.3 2202.9734382629395
4794.6 2216.9939765930176
4794.9 2189.8400650024414
4795.2 2119.0761947631836
4795.5 2177.7858276367188
4795.8 2077.8505897521973
4796.1 2063.9680786132812
4796.4 1998.3954162597656
4796.7 2030.4795112609863
4797.0 2010.9579849243164
4797.3 2075.928852081299
4797.6 2124.7908515930176
4797.9 2123.168354034424
4798.2 2198.220771789551
4798.5 2110.1067428588867
4798.8 2062.7455673217773
4799.1 2039.8949642181396
4799.4 2018.3062591552734
4799.7 2032.0596542358398
4800.0 2067.9287338256836
4800.3 1988.781883239746
4800.6 1993.7099304199219
4800.9 2002.1701354980469
4801.2 1916.61137008667
4801.5 2114.7765769958496
4801.8 2087.8465614318848
4802.1 2083.1522178649902
4802.4 2114.0483474731445
4802.7 2044.6801300048828
4803.0 2048.4020195007324
4803.3 2077.325870513916
4803.6 2074.8691749572754
4803.9 2086.9696769714355
4804.2 2116.8029441833496
4804.5 2130.4250717163086
4804.8 2046.8916664123535
4805.1 2126.3197746276855
4805.4 2126.5733070373535
4805.7 2205.6082496643066
4806.0 2235.4544639587402
4806.3 2259.953323364258
4806.6 2194.943328857422
4806.9 2184.9182319641113
4807.2 2189.2430992126465
4807.5 2179.4971809387207
4807.8 2154.627300262451
4808.1 2169.99222946167
4808.4 2215.8125038146973
4808.7 2227.388156890869
4809.0 2174.3379096984863
4809.3 2264.832717895508
4809.6 2310.851875305176
4809.9 2232.829641342163
4810.2 2229.835983276367
4810.5 2208.8854331970215
4810.8 2200.2580947875977
4811.1 2276.7585945129395
4811.4 2276.149684906006
4811.7 2210.8566398620605
4812.0 2297.378921508789
4812.3 2377.8176879882812
4812.6 2224.8206748962402
4812.9 2349.6357917785645
4813.2 2382.7779426574707
4813.5 2379.5121726989746
4813.8 2339.4719619750977
4814.1 2349.6809844970703
4814.4 2349.5998764038086
4814.7 2220.3315925598145
4815.0 2260.379123687744
4815.3 2273.305908203125
4815.6 2379.589630126953
4815.9 2277.4606895446777
4816.2 2335.0333251953125
4816.5 2301.8881912231445
4816.8 2187.474899291992
4817.1 2278.4446601867676
4817.4 2268.0741958618164
4817.7 2291.4009399414062
4818.0 2372.877769470215
4818.3 2256.4689025878906
4818.6 2148.7062225341797
4818.9 2170.0265769958496
4819.2 2208.0104942321777
4819.5 2143.6575965881348
4819.8 2256.679443359375
4820.1 2166.892532348633
4820.4 2227.7360610961914
4820.7 2187.2369384765625
4821.0 2124.469772338867
4821.3 2212.763660430908
4821.6 2192.589256286621
4821.9 2196.199733734131
4822.2 2373.645492553711
4822.5 2267.882839202881
4822.8 2176.2721824645996
4823.1 2173.7296829223633
4823.4 2156.6529235839844
4823.7 2130.1564445495605
4824.0 2140.7537956237793
4824.3 2119.251678466797
4824.6 2122.830135345459
4824.9 2301.7852630615234
4825.2 2174.130069732666
4825.5 2140.311080932617
4825.8 2197.6033210754395
4826.1 2209.2041931152344
4826.4 2190.4932594299316
4826.7 2184.9047927856445
4827.0 2215.097267150879
4827.3 2184.873867034912
4827.6 2243.0184059143066
4827.9 2237.482177734375
4828.2 2215.6878604888916
4828.5 2160.5041542053223
4828.8 2169.175754547119
4829.1 2187.0073623657227
4829.4 2253.8155632019043
4829.7 2258.551425933838
4830.0 2120.501895904541
4830.3 2092.0463829040527
4830.6 2120.423355102539
4830.9 2151.6929969787598
4831.2 2121.4759254455566
4831.5 2205.971363067627
4831.8 2229.5436515808105
4832.1 2057.98380279541
4832.4 2011.5264358520508
4832.7 2189.5593223571777
4833.0 2097.562213897705
4833.3 2154.055477142334
4833.6 2000.5635795593262
4833.9 2022.5823707580566
4834.2 2005.910057067871
4834.5 2042.9611015319824
4834.8 2050.4884605407715
4835.1 2050.7549018859863
4835.4 2057.210289001465
4835.7 2091.9268112182617
4836.0 2153.251811981201
4836.3 2108.016716003418
4836.6 1954.6997146606445
4836.9 2064.9488258361816
4837.2 2131.4533977508545
4837.5 2185.3184967041016
4837.8 2094.6127128601074
4838.1 2126.2637062072754
4838.4 2113.7795753479004
4838.7 2146.8030281066895
4839.0 2121.1258392333984
4839.3 2100.0571250915527
4839.6 2178.5702056884766
4839.9 2165.8117904663086
4840.2 2186.786464691162
4840.5 2189.7985343933105
4840.8 2194.087600708008
4841.1 2238.386516571045
4841.4 2239.5824241638184
4841.7 2136.5116119384766
4842.0 2224.304153442383
4842.3 2217.4506301879883
4842.6 2244.1231231689453
4842.9 2144.2117614746094
4843.2 2204.2214546203613
4843.5 2267.3945693969727
4843.8 2205.230701446533
4844.1 2213.2581176757812
4844.4 2229.356399536133
4844.7 2199.5070419311523
4845.0 2133.164867401123
4845.3 2214.308246612549
4845.6 2303.7769165039062
4845.9 2170.9802474975586
4846.2 2146.5279846191406
4846.5 2248.039134979248
4846.8 2224.378520965576
4847.1 2145.921375274658
4847.4 2170.8324394226074
4847.7 2215.1018409729004
4848.0 2148.791145324707
4848.3 2165.3905334472656
4848.6 2220.60648727417
4848.9 2160.580322265625
4849.2 2249.696262359619
4849.5 2196.5800437927246
4849.8 2194.1843032836914
4850.1 2150.2106018066406
4850.4 2124.0225219726562
4850.7 2146.6758041381836
4851.0 2128.6642532348633
4851.3 1971.5989227294922
4851.6 2139.3095932006836
4851.9 2306.5288047790527
4852.2 2272.3404083251953
4852.5 2110.8053588867188
4852.8 2058.085666656494
4853.1 2145.8079948425293
4853.4 2209.6480445861816
4853.7 2128.4434547424316
4854.0 2058.2587509155273
4854.3 2124.101905822754
4854.6 2148.2179985046387
4854.9 2152.8389625549316
4855.2 2094.1950607299805
4855.5 2063.5140743255615
4855.8 2012.3245639801025
4856.1 2112.754997253418
4856.4 2105.39981842041
4856.7 2090.613136291504
4857.0 2069.6752376556396
4857.3 2057.7512283325195
4857.6 2189.0954933166504
4857.9 2094.8698539733887
4858.2 2047.5199699401855
4858.5 2072.5574951171875
4858.8 2199.1638565063477
4859.1 2225.920612335205
4859.4 2138.028648376465
4859.7 2024.2300491333008
4860.0 2098.2807540893555
4860.3 2063.668773651123
4860.6 2111.032859802246
4860.9 2164.9600830078125
4861.2 2143.8003997802734
4861.5 2162.8752212524414
4861.8 2127.011947631836
4862.1 2143.9184608459473
4862.4 2076.152214050293
4862.7 2179.6592597961426
4863.0 2211.6434020996094
4863.3 2262.3892555236816
4863.6 2300.6957092285156
4863.9 2232.433620452881
4864.2 2327.227684020996
4864.5 2272.638454437256
4864.8 2204.655075073242
4865.1 2274.464870452881
4865.4 2193.9849433898926
4865.7 2316.2109985351562
4866.0 2215.6062088012695
4866.3 2240.230037689209
4866.6 2322.215099334717
4866.9 2277.6494750976562
4867.2 2289.6572875976562
4867.5 2235.644920349121
4867.8 2302.123390197754
4868.1 2272.703266143799
4868.4 2218.630023956299
4868.7 2206.256046295166
4869.0 2149.1383018493652
4869.3 2279.690845489502
4869.6 2205.417049407959
4869.9 2193.3949546813965
4870.2 2168.539783477783
4870.5 2085.910369873047
4870.8 2140.601463317871
4871.1 2190.401828765869
4871.4 2137.547119140625
4871.7 2214.0733337402344
4872.0 2063.5994834899902
4872.3 2142.4935455322266
4872.6 2198.561046600342
4872.9 2263.384696960449
4873.2 2232.8532791137695
4873.5 2190.1763763427734
4873.8 2190.0139083862305
4874.1 2210.4871215820312
4874.4 2198.5429763793945
4874.7 2168.945903778076
4875.0 2181.422233581543
4875.3 2268.415870666504
4875.6 2158.3741340637207
4875.9 2113.6544075012207
4876.2 2136.5649223327637
4876.5 2088.0803031921387
4876.8 2089.0858612060547
4877.1 2124.5202102661133
4877.4 2170.6904525756836
4877.7 2243.2054710388184
4878.0 2178.2958602905273
4878.3 2124.234052658081
4878.6 2120.2434577941895
4878.9 2118.865619659424
4879.2 2156.010265350342
4879.5 2138.0910873413086
4879.8 2112.577049255371
4880.1 2213.819553375244
4880.4 2090.2365951538086
4880.7 2051.0544662475586
4881.0 2169.2470054626465
4881.3 2196.0633087158203
4881.6 2188.6313705444336
4881.9 2142.6278915405273
4882.2 2132.732250213623
4882.5 2137.526454925537
4882.8 2094.617473602295
4883.1 2138.864339828491
4883.4 2231.4962463378906
4883.7 2179.826473236084
4884.0 2169.702693939209
4884.3 2224.6467895507812
4884.6 2189.6228218078613
4884.9 2170.3512115478516
4885.2 2137.6663970947266
4885.5 2178.3499069213867
4885.8 2190.9589920043945
4886.1 2244.3467407226562
4886.4 2207.9956703186035
4886.7 2248.302177429199
4887.0 2228.215118408203
4887.3 2277.6737060546875
4887.6 2224.194881439209
4887.9 2230.9247436523438
4888.2 2230.279773712158
4888.5 2160.123420715332
4888.8 2337.797939300537
4889.1 2339.345157623291
4889.4 2268.965675354004
4889.7 2255.5041999816895
4890.0 2151.0032501220703
4890.3 2149.2584266662598
4890.6 2154.089157104492
4890.9 2053.7602195739746
4891.2 2165.763271331787
4891.5 2166.703775405884
4891.8 2175.849458694458
4892.1 2087.9252071380615
4892.4 2156.849994659424
4892.7 2187.21142578125
4893.0 2191.678005218506
4893.3 2127.190361022949
4893.6 2141.428482055664
4893.9 2234.14945602417
4894.2 2088.2517280578613
4894.5 2145.565092086792
4894.8 2172.6403732299805
4895.1 2156.246265411377
4895.4 2172.9161949157715
4895.7 2076.4553565979004
4896.0 2139.037342071533
4896.3 2059.33939743042
4896.6 2021.6818923950195
4896.9 2080.3562927246094
4897.2 2032.0937957763672
4897.5 2134.7670860290527
4897.8 2222.6457023620605
4898.1 2184.4636878967285
4898.4 2102.5710258483887
4898.7 2219.7879333496094
4899.0 2106.9195404052734
4899.3 2045.5999145507812
4899.6 2125.969882965088
4899.9 2212.412410736084
4900.2 2117.0967597961426
4900.5 2129.0471267700195
4900.8 2232.067684173584
4901.1 2213.937339782715
4901.4 2109.429214477539
4901.7 2130.9382095336914
4902.0 2093.285186767578
4902.3 2077.9972381591797
4902.6 2106.656391143799
4902.9 2053.321388244629
4903.2 2151.749698638916
4903.5 2173.9194831848145
4903.8 2090.4554710388184
4904.1 2115.862190246582
4904.4 2249.533920288086
4904.7 2125.885139465332
4905.0 2186.1700592041016
4905.3 2110.3032188415527
4905.6 2074.0624046325684
4905.9 2093.675712585449
4906.2 2156.2608032226562
4906.5 2200.1902656555176
4906.8 2131.1029319763184
4907.1 2100.2068405151367
4907.4 2125.718418121338
4907.7 2054.8426361083984
4908.0 2117.232177734375
4908.3 2183.006134033203
4908.6 2112.0012435913086
4908.9 2108.8802642822266
4909.2 2144.225486755371
4909.5 2083.785976409912
4909.8 2093.8462142944336
4910.1 2214.060146331787
4910.4 2054.5906982421875
4910.7 2068.1236572265625
4911.0 2118.549488067627
4911.3 2080.3199043273926
4911.6 2091.1954555511475
4911.9 2119.97562789917
4912.2 2152.039144515991
4912.5 2170.666343688965
4912.8 2114.1634521484375
4913.1 2107.1087493896484
4913.4 2116.6854095458984
4913.7 2168.9123725891113
4914.0 2088.615882873535
4914.3 2119.936752319336
4914.6 2052.589324951172
4914.9 2111.4555282592773
4915.2 2017.6659927368164
4915.5 2089.5986976623535
4915.8 2267.97566986084
4916.1 2201.2897415161133
4916.4 2313.3215827941895
4916.7 2143.839179992676
4917.0 2135.8029556274414
4917.3 2117.1162338256836
4917.6 2172.47749710083
4917.9 2113.8584175109863
4918.2 2184.5822792053223
4918.5 2134.8454627990723
4918.8 2140.193992614746
4919.1 2111.054100036621
4919.4 2042.942714691162
4919.7 2143.6635551452637
4920.0 2079.541664123535
4920.3 2121.5365257263184
4920.6 2096.7129402160645
4920.9 2177.247543334961
4921.2 2138.287982940674
4921.5 2188.1553688049316
4921.8 2071.461845397949
4922.1 2061.359790802002
4922.4 2081.0421257019043
4922.7 1980.1570739746094
4923.0 2022.0769805908203
4923.3 2096.223342895508
4923.6 2203.332832336426
4923.9 2031.0029602050781
4924.2 1962.6680374145508
4924.5 2056.0934867858887
4924.8 2088.2828483581543
4925.1 1971.4624977111816
4925.4 2033.7624473571777
4925.7 1983.4675006866455
4926.0 1984.0471305847168
4926.3 1990.8141021728516
4926.6 2033.040184020996
4926.9 1928.7254486083984
4927.2 1950.5599937438965
4927.5 1960.513957977295
4927.8 1968.300422668457
4928.1 2007.391456604004
4928.4 2010.5011978149414
4928.7 2106.989356994629
4929.0 2092.9909133911133
4929.3 2058.7268142700195
4929.6 2177.182792663574
4929.9 2012.4993419647217
4930.2 2172.35013961792
4930.5 2160.462390899658
4930.8 2287.060188293457
4931.1 2449.4092750549316
4931.4 2608.7910919189453
4931.7 2708.058078765869
4932.0 2639.882646560669
4932.3 2679.2946586608887
4932.6 2518.189140319824
4932.9 2501.677532196045
4933.2 2466.1317443847656
4933.5 2440.89701461792
4933.8 2332.5717124938965
4934.1 2226.8031997680664
4934.4 2172.1161003112793
4934.7 2123.4129943847656
4935.0 1889.6997451782227
4935.3 1881.9960136413574
4935.6 2005.1327171325684
4935.9 1969.9605293273926
4936.2 1950.3389129638672
4936.5 2105.880870819092
4936.8 1996.329517364502
4937.1 1921.7644577026367
4937.4 2020.846336364746
4937.7 1951.0067291259766
4938.0 1887.7554054260254
4938.3 1890.6943054199219
4938.6 1906.8394260406494
4938.9 1825.1461944580078
4939.2 1984.053279876709
4939.5 1913.7415046691895
4939.8 1919.262466430664
4940.1 1839.8786926269531
4940.4 1900.6564407348633
4940.7 2013.0640678405762
4941.0 1967.2825546264648
4941.3 1924.7682723999023
4941.6 1996.3887062072754
4941.9 1966.9643630981445
4942.2 1879.4067363739014
4942.5 1834.4135513305664
4942.8 1842.9802589416504
4943.1 1922.999927520752
4943.4 1974.3832664489746
4943.7 1866.3073539733887
4944.0 1909.9838790893555
4944.3 1908.120620727539
4944.6 1865.6888942718506
4944.9 1937.695701599121
4945.2 1973.0469207763672
4945.5 1904.1189422607422
4945.8 2088.3291625976562
4946.1 2044.2459869384766
4946.4 1997.8363342285156
4946.7 1976.0797309875488
4947.0 1979.1580390930176
4947.3 2057.166473388672
4947.6 2066.206527709961
4947.9 2077.775321960449
4948.2 2079.7376594543457
4948.5 2172.343822479248
4948.8 2070.1423683166504
4949.1 2078.066577911377
4949.4 2106.4328651428223
4949.7 2129.335117340088
4950.0 2135.113468170166
4950.3 2085.154930114746
4950.6 2067.727403640747
4950.9 2155.12149810791
4951.2 2090.006694793701
4951.5 2053.956974029541
4951.8 2108.699577331543
4952.1 2234.7615394592285
4952.4 2166.9443168640137
4952.7 2117.2365188598633
4953.0 2088.406768798828
4953.3 2018.9887924194336
4953.6 2120.1854286193848
4953.9 2019.6418533325195
4954.2 2063.2419204711914
4954.5 2063.576042175293
4954.8 1940.0272178649902
4955.1 1895.9694557189941
4955.4 1945.1264743804932
4955.7 2083.0522842407227
4956.0 2058.9003868103027
4956.3 1982.9894828796387
4956.6 1986.6273612976074
4956.9 2037.8056144714355
4957.2 2036.832347869873
4957.5 1961.8842239379883
4957.8 2069.7102127075195
4958.1 2034.1837158203125
4958.4 1943.6673698425293
4958.7 1885.8478031158447
4959.0 1939.6748085021973
4959.3 1993.8319549560547
4959.6 2023.4184494018555
4959.9 1959.196891784668
4960.2 1932.186351776123
4960.5 1935.989070892334
4960.8 1877.852725982666
4961.1 1991.2372779846191
4961.4 2072.9151649475098
4961.7 1981.1274242401123
4962.0 1987.6605834960938
4962.3 2062.2375564575195
4962.6 2029.8836784362793
4962.9 2075.6245079040527
4963.2 2062.045063018799
4963.5 2054.850574493408
4963.8 1956.2335739135742
4964.1 1998.4554023742676
4964.4 2040.8326950073242
4964.7 2100.6587142944336
4965.0 2085.545295715332
4965.3 2066.4856872558594
4965.6 2073.3744049072266
4965.9 2136.6035232543945
4966.2 2198.6373405456543
4966.5 2118.1431274414062
4966.8 2100.556983947754
4967.1 2263.8542976379395
4967.4 2145.9713134765625
4967.7 2266.3637733459473
4968.0 2229.5371742248535
4968.3 2221.3091354370117
4968.6 2062.6405639648438
4968.9 2194.6522064208984
4969.2 2308.9326095581055
4969.5 2236.875789642334
4969.8 2170.673652648926
4970.1 2176.225143432617
4970.4 2308.460159301758
4970.7 2276.1827545166016
4971.0 2190.0856552124023
4971.3 2127.0428924560547
4971.6 2022.753490447998
4971.9 2165.369453430176
4972.2 2211.0841102600098
4972.5 2172.0601768493652
4972.8 2197.708023071289
4973.1 2116.8218574523926
4973.4 2019.305995941162
4973.7 2083.0453033447266
4974.0 1998.0152854919434
4974.3 2013.8770027160645
4974.6 2129.4351654052734
4974.9 2198.359920501709
4975.2 2191.768253326416
4975.5 2122.0054092407227
4975.8 2159.9061698913574
4976.1 2213.1174125671387
4976.4 2046.6563987731934
4976.7 2171.426082611084
4977.0 2132.4017963409424
4977.3 2112.560977935791
4977.6 2131.348285675049
4977.9 2231.4348754882812
4978.2 2156.109001159668
4978.5 2020.7813415527344
4978.8 2090.78768157959
4979.1 2168.832981109619
4979.4 2144.723056793213
4979.7 2070.0709342956543
4980.0 1986.4116401672363
4980.3 2013.5984268188477
4980.6 2075.2693824768066
4980.9 2136.4864540100098
4981.2 2119.0332412719727
4981.5 2050.7893600463867
4981.8 2031.956485748291
4982.1 2193.216812133789
4982.4 2082.9319763183594
4982.7 2113.58207321167
4983.0 2098.4074783325195
4983.3 1989.529010772705
4983.6 2019.6533737182617
4983.9 1863.4858741760254
4984.2 1966.5825271606445
4984.5 2068.7450981140137
4984.8 2145.51615524292
4985.1 2107.807891845703
4985.4 2076.633930206299
4985.7 2050.0020141601562
4986.0 2079.034019470215
4986.3 2122.825054168701
4986.6 2010.8300971984863
4986.9 2108.5211067199707
4987.2 2133.4531478881836
4987.5 2107.675979614258
4987.8 2106.286403656006
4988.1 2098.0349502563477
4988.4 2045.0096893310547
4988.7 2046.811912536621
4989.0 1954.0869178771973
4989.3 1937.1780090332031
4989.6 2006.7102146148682
4989.9 2059.9818992614746
4990.2 2116.797145843506
4990.5 1982.178409576416
4990.8 1990.0950241088867
4991.1 1968.518798828125
4991.4 1942.8865928649902
4991.7 1931.9463729858398
4992.0 1932.7753105163574
4992.3 1952.313705444336
4992.6 2003.1690406799316
4992.9 1936.3000526428223
4993.2 1944.721580505371
4993.5 1991.4146041870117
4993.8 2056.574447631836
4994.1 2039.291706085205
4994.4 2046.0954627990723
4994.7 1899.636547088623
4995.0 1925.0875511169434
4995.3 1893.6448860168457
4995.6 2043.7628936767578
4995.9 1968.4415893554688
4996.2 1957.73237991333
4996.5 1946.5916175842285
4996.8 2023.0213603973389
4997.1 1995.899082183838
4997.4 2016.6247291564941
4997.7 2082.089256286621
4998.0 2087.6974029541016
4998.3 2078.3607215881348
4998.6 2094.6265754699707
4998.9 2187.4163703918457
4999.2 2253.0983276367188
4999.5 2173.816753387451
4999.8 2172.375835418701
5000.1 2178.3978118896484
5000.4 2108.2230339050293
5000.7 2152.898750305176
5001.0 2087.6480140686035
5001.3 2155.7659339904785
5001.6 2170.057174682617
5001.9 2185.411720275879
5002.2 2129.4070892333984
5002.5 2150.773738861084
5002.8 2145.980224609375
5003.1 2150.4761085510254
5003.4 2184.929916381836
5003.7 2284.2770614624023
5004.0 2056.6419639587402
5004.3 2121.8884048461914
5004.6 2161.722381591797
5004.9 2097.572986602783
5005.2 2150.9011154174805
5005.5 2222.506359100342
5005.8 2084.3101234436035
5006.1 2045.679630279541
5006.4 2067.3897972106934
5006.7 2099.6641883850098
5007.0 2136.209587097168
5007.3 2146.937343597412
5007.6 2024.7822723388672
5007.9 2057.081127166748
5008.2 2018.0989723205566
5008.5 2036.7528171539307
5008.8 2044.3811645507812
5009.1 1995.1831092834473
5009.4 1951.4815254211426
5009.7 2058.1967697143555
5010.0 2028.5924987792969
5010.3 2024.245777130127
5010.6 2087.6192626953125
5010.9 2050.255100250244
5011.2 1964.5710525512695
5011.5 2043.3742904663086
5011.8 2036.4368934631348
5012.1 2004.6628608703613
5012.4 2090.9383430480957
5012.7 2201.5058364868164
5013.0 2152.8194122314453
5013.3 2128.1496047973633
5013.6 2090.148349761963
5013.9 2141.1673889160156
5014.2 2091.5509719848633
5014.5 2049.262649536133
5014.8 2110.264232635498
5015.1 2083.2788887023926
5015.4 2073.628402709961
5015.7 2156.747486114502
5016.0 2129.4019317626953
5016.3 2142.513137817383
5016.6 2029.2120246887207
5016.9 2193.4590072631836
5017.2 2171.1695861816406
5017.5 2214.680633544922
5017.8 2271.3768157958984
5018.1 2198.292922973633
5018.4 2225.7583198547363
5018.7 2175.2930755615234
5019.0 2169.5822372436523
5019.3 2185.110523223877
5019.6 2160.1889114379883
5019.9 2159.0788383483887
5020.2 2195.451015472412
5020.5 2206.6490783691406
5020.8 2263.0157051086426
5021.1 2264.8161430358887
5021.4 2163.4982147216797
5021.7 2190.0104446411133
5022.0 2378.7833557128906
5022.3 2228.148338317871
5022.6 2191.376209259033
5022.9 2233.101795196533
5023.2 2135.7659950256348
5023.5 2200.4953651428223
5023.8 2204.4717330932617
5024.1 2194.422431945801
5024.4 2186.2549629211426
5024.7 2218.323986053467
5025.0 2177.242141723633
5025.3 2167.8695945739746
5025.6 2147.840663909912
5025.9 2173.2894592285156
5026.2 2190.6983757019043
5026.5 2157.4649505615234
5026.8 2092.2761993408203
5027.1 2135.7271156311035
5027.4 2114.9310302734375
5027.7 2164.3988304138184
5028.0 2088.1101455688477
5028.3 2125.205520629883
5028.6 2156.3927307128906
5028.9 2059.0787200927734
5029.2 2091.1191806793213
5029.5 2215.34566116333
5029.8 2132.7917861938477
5030.1 2176.9111289978027
5030.4 2130.928176879883
5030.7 2240.3172302246094
5031.0 2237.044746398926
5031.3 2253.69327545166
5031.6 2182.5975341796875
5031.9 2156.4697189331055
5032.2 2160.674644470215
5032.5 2196.792957305908
5032.8 2237.1600227355957
5033.1 2246.1221084594727
5033.4 2150.589168548584
5033.7 2199.1062049865723
5034.0 2163.1161613464355
5034.3 2159.229549407959
5034.6 2144.520725250244
5034.9 2101.8409156799316
5035.2 2071.279499053955
5035.5 2147.8626556396484
5035.8 2116.484046936035
5036.1 1987.1332302093506
5036.4 2096.547821044922
5036.7 2099.8757705688477
5037.0 2018.4790534973145
5037.3 2149.4902114868164
5037.6 2067.701126098633
5037.9 2098.082588195801
5038.2 2089.205146789551
5038.5 2091.375228881836
5038.8 1991.8509941101074
5039.1 2099.35786819458
5039.4 2049.4158668518066
5039.7 2096.1023902893066
5040.0 2062.808265686035
5040.3 2028.5606956481934
5040.6 2037.730800628662
5040.9 2022.2068672180176
5041.2 2023.102975845337
5041.5 2015.2485122680664
5041.8 2105.3176193237305
5042.1 2018.0117454528809
5042.4 2109.4165382385254
5042.7 2097.079532623291
5043.0 2076.474090576172
5043.3 2027.5514945983887
5043.6 2054.985782623291
5043.9 2066.0132217407227
5044.2 2095.453624725342
5044.5 2166.2469635009766
5044.8 2162.148857116699
5045.1 2135.49796295166
5045.4 2083.0491828918457
5045.7 2079.2760887145996
5046.0 2087.0729904174805
5046.3 2060.0880737304688
5046.6 2099.207134246826
5046.9 2143.437213897705
5047.2 2110.595729827881
5047.5 2141.760269165039
5047.8 2105.8641090393066
5048.1 2050.8939514160156
5048.4 2155.387683868408
5048.7 2195.753593444824
5049.0 2177.0684814453125
5049.3 2131.939163208008
5049.6 2095.644012451172
5049.9 2105.545066833496
5050.2 2064.497081756592
5050.5 2041.7899856567383
5050.8 2032.7133140563965
5051.1 1996.107707977295
5051.4 1956.4454803466797
5051.7 1981.7630577087402
5052.0 1928.8168258666992
5052.3 1981.981502532959
5052.6 2003.8874549865723
5052.9 2004.850570678711
5053.2 1984.049747467041
5053.5 1988.7944793701172
5053.8 1970.7959098815918
5054.1 1831.5602111816406
5054.4 1885.3113174438477
5054.7 1889.8095664978027
5055.0 1974.1059265136719
5055.3 1955.1256370544434
5055.6 1850.1403121948242
5055.9 1883.0691566467285
5056.2 1822.7315368652344
5056.5 1896.1564254760742
5056.8 2060.933563232422
5057.1 1957.9905395507812
5057.4 1909.1985130310059
5057.7 1986.5709381103516
5058.0 2029.410099029541
5058.3 2006.021827697754
5058.6 2027.0968589782715
5058.9 1975.4738540649414
5059.2 2041.6497611999512
5059.5 2077.2095260620117
5059.8 2098.6170806884766
5060.1 2162.7529487609863
5060.4 2123.9930534362793
5060.7 2064.811767578125
5061.0 2129.7842979431152
5061.3 2081.524200439453
5061.6 2088.090003967285
5061.9 2157.392276763916
5062.2 2150.09912109375
5062.5 2107.8858032226562
5062.8 2114.458869934082
5063.1 2081.9713287353516
5063.4 2082.153610229492
5063.7 2095.421401977539
5064.0 2034.4605026245117
5064.3 2069.28955078125
5064.6 2009.9160041809082
5064.9 2083.527400970459
5065.2 2065.49275970459
5065.5 2130.008041381836
5065.8 2143.046863555908
5066.1 2037.3524150848389
5066.4 2031.173849105835
5066.7 2046.473731994629
5067.0 2058.757236480713
5067.3 2044.8350296020508
5067.6 2075.0743370056152
5067.9 2077.9368057250977
5068.2 2128.186809539795
5068.5 2186.6191368103027
5068.8 2142.1698837280273
5069.1 2146.3408241271973
5069.4 2162.4900245666504
5069.7 2107.7101135253906
5070.0 2043.907865524292
5070.3 2191.649501800537
5070.6 2058.2717361450195
5070.9 2105.939464569092
5071.2 2114.6081733703613
5071.5 2168.719638824463
5071.8 2055.389488220215
5072.1 2042.159107208252
5072.4 2087.422218322754
5072.7 2015.123146057129
5073.0 1939.1642570495605
5073.3 1958.4931297302246
5073.6 1953.8901138305664
5073.9 1989.4900722503662
5074.2 2071.38436126709
5074.5 2137.7565727233887
5074.8 2066.7668075561523
5075.1 2066.524471282959
5075.4 1996.745361328125
5075.7 2171.768684387207
5076.0 2139.1084022521973
5076.3 2160.80908203125
5076.6 2097.8387718200684
5076.9 2106.326557159424
5077.2 2312.8195190429688
5077.5 2296.4212532043457
5077.8 2280.9506492614746
5078.1 2307.105911254883
5078.4 2339.7033081054688
5078.7 2390.014114379883
5079.0 2447.584300994873
5079.3 2411.8069648742676
5079.6 2405.393669128418
5079.9 2359.341564178467
5080.2 2390.089542388916
5080.5 2419.7451705932617
5080.8 2564.5582847595215
5081.1 2473.7500190734863
5081.4 2378.712703704834
5081.7 2296.2392768859863
5082.0 2344.9326400756836
5082.3 2204.254837036133
5082.6 2174.4617919921875
5082.9 2127.6012649536133
5083.2 2165.5506439208984
5083.5 2103.58646774292
5083.8 2175.2399940490723
5084.1 2066.6581420898438
5084.4 2047.8831825256348
5084.7 1985.900619506836
5085.0 2020.1509895324707
5085.3 1917.0840587615967
5085.6 1963.3581008911133
5085.9 1886.4600105285645
5086.2 1839.3315925598145
5086.5 1835.2567710876465
5086.8 1849.9346961975098
5087.1 2007.570384979248
5087.4 1923.9279174804688
5087.7 1896.4803581237793
5088.0 1905.0007438659668
5088.3 1994.2322959899902
5088.6 1894.51469039917
5088.9 1888.011920928955
5089.2 1956.2638359069824
5089.5 1995.273941040039
5089.8 2002.8474884033203
5090.1 1962.9891471862793
5090.4 1926.551742553711
5090.7 1901.7495574951172
5091.0 1895.932014465332
5091.3 1817.9220962524414
5091.6 1893.0233612060547
5091.9 1969.3142852783203
5092.2 2012.9485893249512
5092.5 1892.4892272949219
5092.8 1888.0082473754883
5093.1 2012.7777633666992
5093.4 1986.843978881836
5093.7 1971.8869934082031
5094.0 1961.778419494629
5094.3 1839.0195045471191
5094.6 1985.0015544891357
5094.9 2034.5561256408691
5095.2 2038.8317909240723
5095.5 2065.2814865112305
5095.8 2031.1790618896484
5096.1 1965.014087677002
5096.4 1982.1303977966309
5096.7 2020.9831809997559
5097.0 1924.9362831115723
5097.3 2046.390121459961
5097.6 1929.8817825317383
5097.9 2002.4882431030273
5098.2 2080.144458770752
5098.5 2020.0625267028809
5098.8 1927.7419509887695
5099.1 1982.858081817627
5099.4 1965.349012374878
5099.7 2014.4802436828613
5100.0 2047.0343055725098
5100.3 2027.42427444458
5100.6 1986.559196472168
5100.9 1999.5229530334473
5101.2 2149.8223915100098
5101.5 2090.096601486206
5101.8 2171.3641242980957
5102.1 1998.1470489501953
5102.4 2088.7186546325684
5102.7 2003.1273002624512
5103.0 1926.3698501586914
5103.3 2026.0240745544434
5103.6 2113.434841156006
5103.9 2104.7211418151855
5104.2 2183.770160675049
5104.5 2177.3954429626465
5104.8 2130.2235107421875
5105.1 2051.272117614746
5105.4 2084.1414909362793
5105.7 2115.1841888427734
5106.0 2112.6826362609863
5106.3 2093.2490768432617
5106.6 2156.7780265808105
5106.9 2131.7302474975586
5107.2 2156.178237915039
5107.5 2059.079532623291
5107.8 2069.126033782959
5108.1 2213.3764686584473
5108.4 2150.1571502685547
5108.7 2002.3110466003418
5109.0 2131.079578399658
5109.3 2101.832820892334
5109.6 2112.8521041870117
5109.9 2023.9266319274902
5110.2 2052.5408096313477
5110.5 2019.5060806274414
5110.8 2020.29439163208
5111.1 1985.4070663452148
5111.4 1926.859920501709
5111.7 1858.646282196045
5112.0 2067.0982933044434
5112.3 2042.4543952941895
5112.6 2093.095417022705
5112.9 2056.581813812256
5113.2 1933.3314514160156
5113.5 1906.4016609191895
5113.8 1887.2613430023193
5114.1 2039.9735851287842
5114.4 1914.0790672302246
5114.7 1956.4589653015137
5115.0 2125.4418296813965
5115.3 1982.702350616455
5115.6 1948.6974983215332
5115.9 1963.0971183776855
5116.2 2012.0328826904297
5116.5 2104.1377334594727
5116.8 2053.2239151000977
5117.1 2018.2293014526367
5117.4 1974.930507659912
5117.7 2045.1518783569336
5118.0 2085.7387084960938
5118.3 2113.7575607299805
5118.6 2148.656051635742
5118.9 2138.960910797119
5119.2 2047.812213897705
5119.5 2175.1183433532715
5119.8 2129.459915161133
5120.1 2121.501979827881
5120.4 2160.6007919311523
5120.7 2185.3341217041016
5121.0 2353.7187538146973
5121.3 2180.7788124084473
5121.6 2051.616611480713
5121.9 2097.966941833496
5122.2 2080.885368347168
5122.5 2072.4108810424805
5122.8 2105.6140480041504
5123.1 2095.516502380371
5123.4 2090.1384201049805
5123.7 2069.9052810668945
5124.0 2125.233352661133
5124.3 2084.648551940918
5124.6 2003.6834106445312
5124.9 2029.1788482666016
5125.2 2104.164806365967
5125.5 2121.947410583496
5125.8 2184.112865447998
5126.1 2130.0174674987793
5126.4 2155.8059730529785
5126.7 2212.1350593566895
5127.0 2155.4471282958984
5127.3 2071.9073219299316
5127.6 2129.649024963379
5127.9 2168.2989234924316
5128.2 2161.885528564453
5128.5 2179.54301071167
5128.8 2191.6767501831055
5129.1 2205.4592361450195
5129.4 2093.201156616211
5129.7 2135.737590789795
5130.0 2230.991527557373
5130.3 2300.1905937194824
5130.6 2379.0658798217773
5130.9 2234.0686798095703
5131.2 2177.796356201172
5131.5 2230.9954261779785
5131.8 2236.7199935913086
5132.1 2097.6595878601074
5132.4 2216.7852325439453
5132.7 2142.2768020629883
5133.0 2254.1375160217285
5133.3 2296.828197479248
5133.6 2243.7572326660156
5133.9 2385.469005584717
5134.2 2194.1494674682617
5134.5 2242.4211616516113
5134.8 2307.2960472106934
5135.1 2269.1268272399902
5135.4 2220.700901031494
5135.7 2298.5181427001953
5136.0 2342.3340492248535
5136.3 2175.2661628723145
5136.6 2122.3632316589355
5136.9 2174.3355865478516
5137.2 2317.118942260742
5137.5 2257.5481719970703
5137.8 2223.3412895202637
5138.1 2224.4223556518555
5138.4 2128.5554389953613
5138.7 2095.9250144958496
5139.0 2142.8529167175293
5139.3 2124.511619567871
5139.6 2181.6965713500977
5139.9 2158.0348320007324
5140.2 2231.5752334594727
5140.5 2151.602119445801
5140.8 2234.5976486206055
5141.1 2157.834632873535
5141.4 2110.0507850646973
5141.7 2117.1866188049316
5142.0 2069.8983573913574
5142.3 2109.482334136963
5142.6 2072.387966156006
5142.9 2152.301097869873
5143.2 2108.1423950195312
5143.5 2125.222682952881
5143.8 2269.682601928711
5144.1 2246.7591514587402
5144.4 2155.5340461730957
5144.7 2143.4862327575684
5145.0 2089.4424781799316
5145.3 2166.1655502319336
5145.6 2191.3456420898438
5145.9 2174.2215995788574
5146.2 2218.3522720336914
5146.5 2189.2434120178223
5146.8 2175.515823364258
5147.1 2226.1164054870605
5147.4 2233.4577255249023
5147.7 2230.9913063049316
5148.0 2221.0576362609863
5148.3 2139.186321258545
5148.6 2122.2548866271973
5148.9 2175.994113922119
5149.2 2255.051170349121
5149.5 2129.2252159118652
5149.8 2156.969924926758
5150.1 2190.072578430176
5150.4 2174.893394470215
5150.7 2125.02730178833
5151.0 2120.5235290527344
5151.3 2183.795711517334
5151.6 2128.684627532959
5151.9 2167.133289337158
5152.2 2154.5997619628906
5152.5 2163.9547843933105
5152.8 2097.5543670654297
5153.1 2190.2209510803223
5153.4 2095.7584266662598
5153.7 2044.758975982666
5154.0 2143.6653327941895
5154.3 2132.96280670166
5154.6 2130.512840270996
5154.9 2084.309497833252
5155.2 2151.0315589904785
5155.5 2154.8019256591797
5155.8 2070.5307388305664
5156.1 2070.8727531433105
5156.4 2047.8094749450684
5156.7 2096.7212257385254
5157.0 2217.6966552734375
5157.3 2152.428430557251
5157.6 2115.8850479125977
5157.9 2130.5869102478027
5158.2 2071.498809814453
5158.5 2123.1916542053223
5158.8 2177.183666229248
5159.1 2226.243984222412
5159.4 2176.651206970215
5159.7 2211.2663040161133
5160.0 2227.347667694092
5160.3 2204.1064796447754
5160.6 2270.8207626342773
5160.9 2186.494472503662
5161.2 2195.8394317626953
5161.5 2280.7274627685547
5161.8 2229.3109130859375
5162.1 2171.646053314209
5162.4 2279.181365966797
5162.7 2351.9648056030273
5163.0 2287.651969909668
5163.3 2223.181526184082
5163.6 2310.8206214904785
5163.9 2280.517436981201
5164.2 2246.7570877075195
5164.5 2331.5874519348145
5164.8 2140.271816253662
5165.1 2303.9843406677246
5165.4 2236.8945808410645
5165.7 2224.9063262939453
5166.0 2267.6379585266113
5166.3 2370.374282836914
5166.6 2292.7186737060547
5166.9 2245.1644172668457
5167.2 2100.2172775268555
5167.5 2250.0916023254395
5167.8 2258.654670715332
5168.1 2283.242343902588
5168.4 2288.748332977295
5168.7 2239.4674949645996
5169.0 2208.647449493408
5169.3 2237.0709114074707
5169.6 2177.870990753174
5169.9 2245.568992614746
5170.2 2341.639362335205
5170.5 2226.151844024658
5170.8 2093.8722381591797
5171.1 2136.2577896118164
5171.4 2182.2374992370605
5171.7 2150.3442153930664
5172.0 2074.8554458618164
5172.3 2128.2840690612793
5172.6 2051.5457611083984
5172.9 2126.6155014038086
5173.2 2142.536388397217
5173.5 2225.8871459960938
5173.8 2037.6617317199707
5174.1 2010.5685920715332
5174.4 2101.5151138305664
5174.7 2196.7669563293457
5175.0 2200.144260406494
5175.3 2213.3737258911133
5175.6 2244.9690551757812
5175.9 2257.015800476074
5176.2 2137.665599822998
5176.5 2194.001979827881
5176.8 2136.491367340088
5177.1 2244.4804496765137
5177.4 2162.3072967529297
5177.7 2266.195487976074
5178.0 2294.118175506592
5178.3 2326.514705657959
5178.6 2088.8879356384277
5178.9 2295.279312133789
5179.2 2148.1887817382812
5179.5 2180.716018676758
5179.8 2340.7347259521484
5180.1 2229.175880432129
5180.4 2169.1010971069336
5180.7 2206.6258392333984
5181.0 2206.104991912842
5181.3 2192.6395301818848
5181.6 2191.8198776245117
5181.9 2207.082160949707
5182.2 2176.254741668701
5182.5 2247.6528396606445
5182.8 2161.9336280822754
5183.1 2159.0317878723145
5183.4 2054.079792022705
5183.7 2077.5039405822754
5184.0 2082.6616592407227
5184.3 2249.5638542175293
5184.6 2204.3107109069824
5184.9 2183.3157272338867
5185.2 2158.525863647461
5185.5 2158.169048309326
5185.8 2234.5159301757812
5186.1 2299.107734680176
5186.4 2169.4920921325684
5186.7 2330.433391571045
5187.0 2267.091323852539
5187.3 2317.889617919922
5187.6 2250.0914916992188
5187.9 2120.450870513916
5188.2 2198.9375076293945
5188.5 2210.4756774902344
5188.8 2300.633659362793
5189.1 2329.8237113952637
5189.4 2230.1364364624023
5189.7 2301.263069152832
5190.0 2276.6396713256836
5190.3 2308.877208709717
5190.6 2248.3542976379395
5190.9 2413.1845741271973
5191.2 2359.5322341918945
5191.5 2324.4301528930664
5191.8 2289.371322631836
5192.1 2325.9525108337402
5192.4 2254.849323272705
5192.7 2324.034782409668
5193.0 2397.6551246643066
5193.3 2215.4470443725586
5193.6 2174.1860885620117
5193.9 2243.1942100524902
5194.2 2407.870090484619
5194.5 2228.767791748047
5194.8 2234.809112548828
5195.1 2274.91943359375
5195.4 2321.452667236328
5195.7 2143.28120803833
5196.0 2109.6351318359375
5196.3 2200.5229682922363
5196.6 2315.5146293640137
5196.9 2331.3076667785645
5197.2 2284.1369438171387
5197.5 2226.7296600341797
5197.8 2000.2131881713867
5198.1 2063.081066131592
5198.4 2155.686725616455
5198.7 2046.2713165283203
5199.0 2173.7230644226074
5199.3 2167.30672454834
5199.6 2200.086902618408
5199.9 2117.427490234375
5200.2 2156.255039215088
5200.5 2182.5551986694336
5200.8 2160.5358390808105
5201.1 2123.709461212158
5201.4 2171.624855041504
5201.7 2230.206398010254
5202.0 2188.3041610717773
5202.3 2234.645652770996
5202.6 2145.701591491699
5202.9 2106.0813789367676
5203.2 2014.2520713806152
5203.5 2203.7632026672363
5203.8 2240.309226989746
5204.1 2237.346305847168
5204.4 2186.7048110961914
5204.7 2180.187717437744
5205.0 2142.939796447754
5205.3 2317.124210357666
5205.6 2209.736789703369
5205.9 2276.284740447998
5206.2 2239.376392364502
5206.5 2167.3429641723633
5206.8 2172.8652153015137
5207.1 2274.4401054382324
5207.4 2149.960193634033
5207.7 2252.0291900634766
5208.0 2225.273578643799
5208.3 2245.1890716552734
5208.6 2361.6142768859863
5208.9 2317.558094024658
5209.2 2208.4763946533203
5209.5 2253.6040954589844
5209.8 2199.3368072509766
5210.1 2206.5596141815186
5210.4 2228.7125854492188
5210.7 2150.373146057129
5211.0 2096.563003540039
5211.3 2307.710292816162
5211.6 2300.78857421875
5211.9 2341.9303970336914
5212.2 2296.1495513916016
5212.5 2198.528347015381
5212.8 2222.4887619018555
5213.1 2272.0613594055176
5213.4 2201.4783058166504
5213.7 2255.1011924743652
5214.0 2188.8184509277344
5214.3 2224.339309692383
5214.6 2212.7835731506348
5214.9 2202.7648391723633
5215.2 2173.4099922180176
5215.5 2152.2698822021484
5215.8 2210.3545455932617
5216.1 2263.0682945251465
5216.4 2274.4672470092773
5216.7 2262.6589965820312
5217.0 2152.299699783325
5217.3 2178.064338684082
5217.6 2270.72469329834
5217.9 2213.6010360717773
5218.2 2216.369113922119
5218.5 2228.6199913024902
5218.8 2216.9530906677246
5219.1 2246.56388092041
5219.4 2227.9624214172363
5219.7 2213.291156768799
5220.0 2201.4414596557617
5220.3 2215.4635276794434
5220.6 2210.047592163086
5220.9 2200.3137130737305
5221.2 2161.2475090026855
5221.5 2054.164806365967
5221.8 2213.722354888916
5222.1 2302.025577545166
5222.4 2172.6344718933105
5222.7 2075.9892616271973
5223.0 2032.0122451782227
5223.3 2227.579372406006
5223.6 2114.4180641174316
5223.9 2182.349578857422
5224.2 2116.0677490234375
5224.5 2075.588768005371
5224.8 2286.8746376037598
5225.1 2247.3632621765137
5225.4 2161.5722160339355
5225.7 2104.172550201416
5226.0 2126.6235275268555
5226.3 2117.4095497131348
5226.6 2164.4970932006836
5226.9 2262.730209350586
5227.2 2184.141670227051
5227.5 2147.4700050354004
5227.8 2345.944778442383
5228.1 2213.4175338745117
5228.4 2223.9966735839844
5228.7 2300.3133583068848
5229.0 2191.8756523132324
5229.3 2130.1533164978027
5229.6 2219.0035667419434
5229.9 2368.4137382507324
5230.2 2299.04829788208
5230.5 2385.0617637634277
5230.8 2266.508369445801
5231.1 2310.700424194336
5231.4 2406.200901031494
5231.7 2302.304370880127
5232.0 2338.3721656799316
5232.3 2371.9939193725586
5232.6 2317.6005516052246
5232.9 2252.902801513672
5233.2 2285.468391418457
5233.5 2287.584426879883
5233.8 2369.5148582458496
5234.1 2275.3414154052734
5234.4 2359.4317169189453
5234.7 2224.919723510742
5235.0 2316.555187225342
5235.3 2347.739303588867
5235.6 2353.171455383301
5235.9 2287.159694671631
5236.2 2315.4869422912598
5236.5 2329.949848175049
5236.8 2145.283504486084
5237.1 2110.3021202087402
5237.4 2110.711971282959
5237.7 2229.6082153320312
5238.0 2219.2290229797363
5238.3 2134.480941772461
5238.6 2218.9678802490234
5238.9 2203.079864501953
5239.2 2051.690742492676
5239.5 2051.0093002319336
5239.8 2097.776149749756
5240.1 2003.728672027588
5240.4 1912.4732704162598
5240.7 1919.589038848877
5241.0 1932.4974670410156
5241.3 1938.625659942627
5241.6 1976.753734588623
5241.9 1923.646572113037
5242.2 1756.9367084503174
5242.5 1747.6423740386963
5242.8 1901.3940124511719
5243.1 1796.220859527588
5243.4 1924.8325996398926
5243.7 1815.8999633789062
5244.0 1751.859079360962
5244.3 1859.0499515533447
5244.6 1805.4858169555664
5244.9 1919.2670669555664
5245.2 1917.6793060302734
5245.5 1772.2424640655518
5245.8 1706.18705368042
5246.1 1832.1125564575195
5246.4 1831.4221229553223
5246.7 1821.3522186279297
5247.0 1819.2838916778564
5247.3 1865.5495338439941
5247.6 1700.9265060424805
5247.9 1780.3134307861328
5248.2 1810.729290008545
5248.5 1802.4243202209473
5248.8 1881.1595001220703
5249.1 1948.60986328125
5249.4 1962.251796722412
5249.7 1959.9885368347168
5250.0 1957.1853294372559
5250.3 1923.6862163543701
5250.6 2024.799015045166
5250.9 2075.5298767089844
5251.2 1933.1120567321777
5251.5 2120.5152854919434
5251.8 2235.7086639404297
5252.1 2154.646572113037
5252.4 2282.185935974121
5252.7 2220.134735107422
5253.0 2126.7286491394043
5253.3 2089.682716369629
5253.6 2251.89949798584
5253.9 2177.40238571167
5254.2 2095.892059326172
5254.5 2082.414207458496
5254.8 2058.2865676879883
5255.1 2056.9231719970703
5255.4 1955.3059120178223
5255.7 1987.693431854248
5256.0 1992.084321975708
5256.3 1982.4952774047852
5256.6 1880.5324401855469
5256.9 1869.8869743347168
5257.2 1890.6232509613037
5257.5 1875.3977737426758
5257.8 1972.2225151062012
5258.1 1883.2105236053467
5258.4 1962.255729675293
5258.7 1763.064947128296
5259.0 1840.2094993591309
5259.3 1821.2399559020996
5259.6 1889.2607307434082
5259.9 2005.5766468048096
5260.2 2030.3415565490723
5260.5 1978.9719276428223
5260.8 1911.5973205566406
5261.1 2146.374710083008
5261.4 2014.8467636108398
5261.7 2070.657688140869
5262.0 1991.4551048278809
5262.3 2054.8331184387207
5262.6 2058.4309787750244
5262.9 2186.4600677490234
5263.2 2117.925148010254
5263.5 2174.051685333252
5263.8 2211.26180267334
5264.1 2256.019691467285
5264.4 2299.3129920959473
5264.7 2334.8154335021973
5265.0 2263.079315185547
5265.3 2134.4495887756348
5265.6 2213.087760925293
5265.9 2207.9334754943848
5266.2 2169.4553718566895
5266.5 2185.5699043273926
5266.8 2124.526195526123
5267.1 2203.665325164795
5267.4 2266.407382965088
5267.7 2330.0698051452637
5268.0 2289.6120796203613
5268.3 2167.6058921813965
5268.6 2281.5278396606445
5268.9 2263.6348190307617
5269.2 2315.9644622802734
5269.5 2323.1947326660156
5269.8 2314.525077819824
5270.1 2168.3655910491943
5270.4 2200.28995513916
5270.7 2206.864528656006
5271.0 2283.3595542907715
5271.3 2382.2050704956055
5271.6 2376.0778198242188
5271.9 2484.042209625244
5272.2 2334.226432800293
5272.5 2435.5659980773926
5272.8 2470.1731033325195
5273.1 2475.2030754089355
5273.4 2368.249652862549
5273.7 2394.4712104797363
5274.0 2605.9843139648438
5274.3 2450.4056091308594
5274.6 2431.0255546569824
5274.9 2521.4423599243164
5275.2 2497.7605018615723
5275.5 2538.9086303710938
5275.8 2546.527992248535
5276.1 2465.781494140625
5276.4 2444.138584136963
5276.7 2449.186538696289
5277.0 2489.6815185546875
5277.3 2389.4456176757812
5277.6 2446.403190612793
5277.9 2302.263282775879
5278.2 2413.802314758301
5278.5 2319.525291442871
5278.8 2292.3615493774414
5279.1 2133.882209777832
5279.4 2230.5899543762207
5279.7 2256.342830657959
5280.0 2173.7917289733887
5280.3 2114.2287406921387
5280.6 2132.0531883239746
5280.9 2165.7959175109863
5281.2 2132.1549110412598
5281.5 2203.6551628112793
5281.8 2071.74015045166
5282.1 1982.8499069213867
5282.4 2063.7918395996094
5282.7 2122.639602661133
5283.0 2100.007926940918
5283.3 2019.7424964904785
5283.6 2044.5150108337402
5283.9 2219.8616981506348
5284.2 2186.2960472106934
5284.5 2213.812900543213
5284.8 2142.3095321655273
5285.1 2108.178134918213
5285.4 2130.6352348327637
5285.7 2116.0067443847656
5286.0 2206.2552700042725
5286.3 2167.4841270446777
5286.6 2200.135299682617
5286.9 2324.833839416504
5287.2 2246.894172668457
5287.5 2213.421257019043
5287.8 2258.7686729431152
5288.1 2239.922431945801
5288.4 2230.4993286132812
5288.7 2401.795398712158
5289.0 2310.7431411743164
5289.3 2288.4715728759766
5289.6 2260.338851928711
5289.9 2380.220615386963
5290.2 2290.4825115203857
5290.5 2319.2156352996826
5290.8 2252.534923553467
5291.1 2496.259937286377
5291.4 2392.3119945526123
5291.7 2317.5346450805664
5292.0 2231.194606781006
5292.3 2276.6793098449707
5292.6 2318.417194366455
5292.9 2405.982822418213
5293.2 2388.932304382324
5293.5 2231.8017196655273
5293.8 2499.00772857666
5294.1 2429.3918266296387
5294.4 2381.0671463012695
5294.7 2415.321880340576
5295.0 2382.184860229492
5295.3 2332.445098876953
5295.6 2447.2605590820312
5295.9 2395.8513717651367
5296.2 2417.5156440734863
5296.5 2386.99760055542
5296.8 2314.004684448242
5297.1 2378.726833343506
5297.4 2420.235107421875
5297.7 2328.8305473327637
5298.0 2388.6732864379883
5298.3 2375.0303268432617
5298.6 2308.6173820495605
5298.9 2194.496868133545
5299.2 2324.7563972473145
5299.5 2175.907157897949
5299.8 2202.424633026123
5300.1 2174.5214500427246
5300.4 2276.0811767578125
5300.7 2187.2489128112793
5301.0 2338.2131958007812
5301.3 2093.8777809143066
5301.6 2242.447166442871
5301.9 2157.719959259033
5302.2 2195.4708976745605
5302.5 2208.154800415039
5302.8 2115.7375411987305
5303.1 2247.7800636291504
5303.4 2249.8770751953125
5303.7 2152.729179382324
5304.0 2101.9086875915527
5304.3 2134.3035278320312
5304.6 2273.6558532714844
5304.9 2191.2795791625977
5305.2 2155.5233840942383
5305.5 2121.149688720703
5305.8 2274.3510360717773
5306.1 2216.3399925231934
5306.4 2240.524688720703
5306.7 2350.937110900879
5307.0 2267.009925842285
5307.3 2316.2500762939453
5307.6 2269.5360717773438
5307.9 2257.141368865967
5308.2 2308.751194000244
5308.5 2227.219856262207
5308.8 2210.684371948242
5309.1 2232.7179412841797
5309.4 2216.481119155884
5309.7 2247.269390106201
5310.0 2310.377510070801
5310.3 2338.620819091797
5310.6 2201.2272148132324
5310.9 2257.631881713867
5311.2 2420.3859672546387
5311.5 2297.2130088806152
5311.8 2314.600200653076
5312.1 2388.835277557373
5312.4 2372.4951400756836
5312.7 2435.0992126464844
5313.0 2288.3309078216553
5313.3 2392.418167114258
5313.6 2380.216899871826
5313.9 2413.350124359131
5314.2 2353.6032218933105
5314.5 2390.5413131713867
5314.8 2315.183319091797
5315.1 2459.9836349487305
5315.4 2296.6322631835938
5315.7 2300.3015518188477
5316.0 2337.7143478393555
5316.3 2660.6819076538086
5316.6 2619.5242042541504
5316.9 2436.892532348633
5317.2 2418.3968353271484
5317.5 2772.357364654541
5317.8 2943.088367462158
5318.1 2983.9980392456055
5318.4 2972.6402015686035
5318.7 2749.542621612549
5319.0 2927.3006744384766
5319.3 2716.3073902130127
5319.6 2760.0144081115723
5319.9 2711.1769790649414
5320.2 2828.2779579162598
5320.5 1039.7651691436768
5320.8 822.1125984191895
5321.1 790.4535112380981
5321.4 825.478723526001
5321.7 672.5863962173462
5322.0 679.5113673210144
5322.3 775.1382665634155
5322.6 853.5632514953613
5322.9 0.0
5323.2 0.0
5323.5 0.0
5323.8 0.0
5324.1 0.0
5324.4 0.0
5324.7 0.0
5325.0 0.0
5325.3 0.0
5325.6 0.0
5325.9 0.0
5326.2 0.0
5326.5 0.0
5326.8 0.0
5327.1 0.0
5327.4 0.0
5327.7 0.0
5328.0 0.0
5328.3 0.0
5328.6 0.0
5328.9 0.0
5329.2 0.0
5329.5 0.0
5329.8 0.0
