4662.0 0.0
4662.3 0.0
4662.6 0.0
4662.9 0.0
4663.2 0.0
4663.5 0.0
4663.8 0.0
4664.1 0.0
4664.4 0.0
4664.7 0.0
4665.0 0.0
4665.3 0.0
4665.6 0.0
4665.9 0.0
4666.2 0.0
4666.5 0.0
4666.8 0.0
4667.1 0.0
4667.4 0.0
4667.7 0.0
4668.0 0.0
4668.3 0.0
4668.6 0.0
4668.9 0.0
4669.2 0.0
4669.5 0.0
4669.8 0.0
4670.1 0.0
4670.4 0.0
4670.7 0.0
4671.0 0.0
4671.3 0.0
4671.6 0.0
4671.9 0.0
4672.2 0.0
4672.5 0.0
4672.8 0.0
4673.1 0.0
4673.4 0.0
4673.7 0.0
4674.0 0.0
4674.3 0.0
4674.6 0.0
4674.9 0.0
4675.2 0.0
4675.5 0.0
4675.8 0.0
4676.1 0.0
4676.4 0.0
4676.7 0.0
4677.0 0.0
4677.3 0.0
4677.6 0.0
4677.9 0.0
4678.2 0.0
4678.5 0.0
4678.8 0.0
4679.1 0.0
4679.4 0.0
4679.7 0.0
4680.0 0.0
4680.3 0.0
4680.6 0.0
4680.9 0.0
4681.2 0.0
4681.5 0.0
4681.8 0.0
4682.1 0.0
4682.4 0.0
4682.7 0.0
4683.0 0.0
4683.3 8.669485330581665
4683.6 39.40243989229202
4683.9 104.98915207386017
4684.2 -85.50530004501343
4684.5 90.34017932415009
4684.8 42.74367834627628
4685.1 -200.3529617637396
4685.4 -157.7837591022253
4685.7 -200.9523167014122
4686.0 -52.97945497557521
4686.3 298.2838736772537
4686.6 142.36525442823768
4686.9 -283.93272719020024
4687.2 -41.195324182510376
4687.5 325.79203513264656
4687.8 284.28137893229723
4688.1 242.13064572680742
4688.4 -140.0535708963871
4688.7 -12.495346024632454
4689.0 4.9192399345338345
4689.3 -71.3065363317728
4689.6 -30.823494099080563
4689.9 78.1182766482234
4690.2 97.22394461929798
4690.5 362.72457695007324
4690.8 123.3857770934701
4691.1 129.7865450233221
4691.4 45.98698669299483
4691.7 147.92284402996302
4692.0 -6.434633342549205
4692.3 26.716658061370254
4692.6 122.88158871233463
4692.9 149.42911693826318
4693.2 203.51589541323483
4693.5 101.40682345349342
4693.8 304.42392632365227
4694.1 -11.715623944997787
4694.4 28.57913854974322
4694.7 118.9182473016117
4695.0 231.4413469284773
4695.3 222.96943003311753
4695.6 96.69350417144597
4695.9 183.38411649689078
4696.2 328.24417278915644
4696.5 199.21355263143778
4696.8 54.09273780696094
4697.1 49.39674559677951
4697.4 169.19305039942265
4697.7 113.36857426166534
4698.0 53.868517991155386
4698.3 -77.31740378212999
4698.6 140.35595562309027
4698.9 108.43207371234894
4699.2 151.24448096752167
4699.5 95.11034191399813
4699.8 159.0940522775054
4700.1 217.459169998765
4700.4 11.74815582856536
4700.7 126.21403881814331
4701.0 242.12021886184812
4701.3 196.8338607251644
4701.6 180.21311777830124
4701.9 42.84508543892298
4702.2 25.5876069907099
4702.5 -46.56567022204399
4702.8 22.66309805214405
4703.1 125.99409653246403
4703.4 177.1684540398419
4703.7 65.0826887156145
4704.0 138.6654155999422
4704.3 106.46396467089653
4704.6 109.13753170659766
4704.9 51.98569539189339
4705.2 135.2598879262805
4705.5 112.45125118270516
4705.8 199.22686141729355
4706.1 91.97740861400962
4706.4 100.74057780206203
4706.7 -30.868548341095448
4707.0 -35.91450772061944
4707.3 -14.948963150382042
4707.6 -7.190812133252621
4707.9 88.32298551872373
4708.2 99.45133562386036
4708.5 425.5159684307873
4708.8 131.30400493741035
4709.1 46.643596889451146
4709.4 -90.4691279605031
4709.7 141.84124380536377
4710.0 196.4900232180953
4710.3 -40.256889931857586
4710.6 195.7041325122118
4710.9 210.14148887991905
4711.2 244.24691498465836
4711.5 224.67151167988777
4711.8 210.5879289060831
4712.1 188.87013758718967
4712.4 -19.877769768238068
4712.7 11.501734256744385
4713.0 21.538731068372726
4713.3 126.74649560451508
4713.6 333.437186807394
4713.9 186.6895485073328
4714.2 317.7338817715645
4714.5 225.20857718586922
4714.8 164.71975657343864
4715.1 199.89719012379646
4715.4 20.184491381049156
4715.7 266.0959068983793
4716.0 448.68799705058336
4716.3 222.31338868290186
4716.6 59.30823653936386
4716.9 285.77593475580215
4717.2 113.39669841970317
4717.5 81.09848451800644
4717.8 236.1969032883644
4718.1 -1.4445161819458008
4718.4 240.65277976728976
4718.7 168.62050522118807
4719.0 42.70430038869381
4719.3 270.41746389493346
4719.6 287.7791770398617
4719.9 160.50134155154228
4720.2 87.08710034005344
4720.5 130.4454330727458
4720.8 97.97629181668162
4721.1 227.92051231861115
4721.4 294.1800122484565
4721.7 251.89720156788826
4722.0 -128.21515231579542
4722.3 82.73461112380028
4722.6 168.1282054670155
4722.9 -58.60497608780861
4723.2 71.63912453502417
4723.5 -12.32926082261838
4723.8 137.02668677642941
4724.1 387.5388524234295
4724.4 264.3650723993778
4724.7 101.46769307553768
4725.0 -79.40246831998229
4725.3 164.82603172957897
4725.6 30.010031444951892
4725.9 174.39121751487255
4726.2 -26.971753410063684
4726.5 157.2148928642273
4726.8 159.75274972617626
4727.1 124.1334517672658
4727.4 262.5612317696214
4727.7 100.17140834033489
4728.0 182.6948561668396
4728.3 10.257429465651512
4728.6 62.38163359463215
4728.9 420.82274028658867
4729.2 452.95483753085136
4729.5 306.371752358973
4729.8 272.50297090411186
4730.1 175.3804306704551
4730.4 79.81264915317297
4730.7 232.97872935049236
4731.0 134.11412362754345
4731.3 110.89269478619099
4731.6 -94.54577589035034
4731.9 145.9804333895445
4732.2 102.39421140030026
4732.5 251.65933644026518
4732.8 123.7368585318327
4733.1 259.7410913556814
4733.4 103.76420260593295
4733.7 -37.37927367002703
4734.0 241.82069660536945
4734.3 319.95638862624764
4734.6 247.57299063913524
4734.9 343.67931862175465
4735.2 184.82294626533985
4735.5 77.8066279925406
4735.8 156.12813965976238
4736.1 378.32207261770964
4736.4 33.64518705010414
4736.7 36.27583769126795
4737.0 15.070928022265434
4737.3 225.2550812959671
4737.6 52.42279116716236
4737.9 180.0056301318109
4738.2 188.3068364849314
4738.5 131.72384940087795
4738.8 -80.27570615708828
4739.1 -52.794797122478485
4739.4 38.75349076092243
4739.7 40.99765559285879
4740.0 50.85975646041334
4740.3 -43.68202508985996
4740.6 69.40502459555864
4740.9 66.21289871633053
4741.2 249.3608232960105
4741.5 341.7256813906133
4741.8 240.6361026596278
4742.1 242.31028043851256
4742.4 91.44865693151951
4742.7 199.40215602889657
4743.0 40.783111959695816
4743.3 113.20543337520212
4743.6 165.01326575875282
4743.9 419.55632783286273
4744.2 313.2520681563765
4744.5 274.85628867149353
4744.8 35.867583729326725
4745.1 193.6711977943778
4745.4 335.6651042923331
4745.7 122.04742085933685
4746.0 164.579654738307
4746.3 204.86455605179071
4746.6 114.21256798505783
4746.9 -9.064812324941158
4747.2 186.70561948092654
4747.5 199.69120197929442
4747.8 245.84747776389122
4748.1 134.10339011671022
4748.4 61.37287265062332
4748.7 -15.374085698276758
4749.0 14.441420741379261
4749.3 159.5622002929449
4749.6 299.20562969893217
4749.9 186.27585178799927
4750.2 176.38466772437096
4750.5 169.1429017484188
4750.8 150.97527447342873
4751.1 74.68217630684376
4751.4 37.13788604736328
4751.7 267.71107806265354
4752.0 100.38204777240753
4752.3 118.40878686308861
4752.6 75.35018074512482
4752.9 204.12989556789398
4753.2 287.880744467373
4753.5 220.36755364760756
4753.8 168.7709796205163
4754.1 -227.17972700297832
4754.4 45.069687366485596
4754.7 232.88596379756927
4755.0 -9.666060276329517
4755.3 242.43262384459376
4755.6 49.33808087557554
4755.9 111.23002431727946
4756.2 170.953571267426
4756.5 226.59097304940224
4756.8 49.31367515027523
4757.1 216.80398906581104
4757.4 -37.745850175619125
4757.7 120.48883825540543
4758.0 236.5293925977312
4758.3 44.969080582261086
4758.6 -6.688614467158914
4758.9 9.284719467163086
4759.2 189.50146692991257
4759.5 166.7282977849245
4759.8 1.1513389348983765
4760.1 88.87989677488804
4760.4 124.51792068290524
4760.7 309.62747955136
4761.0 210.90848743915558
4761.3 36.61283015832305
4761.6 197.329538308084
4761.9 80.73906200448982
4762.2 108.11864678369602
4762.5 -55.75491924583912
4762.8 -53.927779752761126
4763.1 0.7766706049442291
4763.4 211.87490020412952
4763.7 137.62370911985636
4764.0 139.87538054585457
4764.3 58.3699201233685
4764.6 137.61256946623325
4764.9 86.71955469530076
4765.2 54.08139627985656
4765.5 182.5776568390429
4765.8 74.4032890656963
4766.1 60.881341338157654
4766.4 130.861359924078
4766.7 -69.52283075451851
4767.0 173.9193639345467
4767.3 -2.8581717181950808
4767.6 31.67838929593563
4767.9 253.75079655647278
4768.2 224.60148014873266
4768.5 10.140302408486605
4768.8 12.76397406309843
4769.1 218.46566939959303
4769.4 -21.179759941995144
4769.7 24.510020807385445
4770.0 86.3676513582468
4770.3 -77.43927590548992
4770.6 103.60697673633695
4770.9 105.49855653941631
4771.2 111.14983780682087
4771.5 223.6653013676405
4771.8 154.48476618528366
4772.1 317.3428526222706
4772.4 230.4015271998942
4772.7 44.33856682758778
4773.0 262.6470465064049
4773.3 54.484801925718784
4773.6 -173.0355520248413
4773.9 -1.4373087212443352
4774.2 30.298034499865025
4774.5 143.0544892437756
4774.8 266.33887258172035
4775.1 294.003815677017
4775.4 70.01604172587395
4775.7 31.403767919167876
4776.0 72.81591794267297
4776.3 109.8741296492517
4776.6 348.6659781038761
4776.9 177.843421459198
4777.2 113.57683404907584
4777.5 -72.4984629850369
4777.8 -34.347174525260925
4778.1 67.06562311947346
4778.4 23.829769104719162
4778.7 8.610985696315765
4779.0 -7.3421303033828735
4779.3 282.0351101271808
4779.6 201.31362130492926
4779.9 152.27470157295465
4780.2 215.59314649552107
4780.5 -62.4255433678627
4780.8 60.62093545496464
4781.1 16.870147168636322
4781.4 53.69771572947502
4781.7 57.874868884682655
4782.0 105.28805142641068
4782.3 102.65820282697678
4782.6 40.44246889650822
4782.9 102.84469491243362
4783.2 77.36458045244217
4783.5 72.91927701979876
4783.8 169.96585373952985
4784.1 234.44915184378624
4784.4 219.96161381155252
4784.7 210.81318644061685
4785.0 -19.31919538974762
4785.3 -47.34343999624252
4785.6 -71.51738439500332
4785.9 -236.17312176525593
4786.2 9.814276114106178
4786.5 77.47753882408142
4786.8 -43.733828008174896
4787.1 102.04815346933901
4787.4 209.22492023929954
4787.7 74.83799386024475
4788.0 -109.67752730846405
4788.3 70.158327171579
4788.6 72.67436711490154
4788.9 23.329268246889114
4789.2 50.035944782197475
4789.5 91.69538433477283
4789.8 232.58057924360037
4790.1 154.83900052681565
4790.4 -20.400779604911804
4790.7 273.0034165624529
4791.0 252.98804108798504
4791.3 -59.96776877436787
4791.6 100.76275019347668
4791.9 263.22527864575386
4792.2 233.81492175161839
4792.5 175.92604859359562
4792.8 83.2996458094567
4793.1 111.58496552705765
4793.4 113.62285453826189
4793.7 312.7998775243759
4794.0 197.30894637852907
4794.3 197.2359820943675
4794.6 66.16688250005245
4794.9 334.3913141489029
4795.2 257.79212792403996
4795.5 337.8198000341654
4795.8 158.66236680746078
4796.1 156.272322550416
4796.4 9.780734986066818
4796.7 185.0714519917965
4797.0 185.5996511131525
4797.3 97.77809749543667
4797.6 257.5820136703551
4797.9 382.90937335789204
4798.2 178.3954890165478
4798.5 156.4180204719305
4798.8 212.1121328175068
4799.1 146.47145056724548
4799.4 -61.93136144429445
4799.7 112.39839492738247
4800.0 3.0225998563691974
4800.3 -32.613883362617344
4800.6 282.69954946637154
4800.9 247.11812464147806
4801.2 267.2410472482443
4801.5 327.51130639761686
4801.8 264.72880122065544
4802.1 224.06701803021133
4802.4 171.11099752783775
4802.7 19.72686066478491
4803.0 -128.18605160340667
4803.3 115.97090356051922
4803.6 43.61606453359127
4803.9 165.04483630822506
4804.2 64.0124411508441
4804.5 20.069863379001617
4804.8 83.84119798988104
4805.1 105.13520267605782
4805.4 142.49087052233517
4805.7 71.61084790620953
4806.0 90.89773627370596
4806.3 227.2242447808385
4806.6 176.30178850144148
4806.9 130.99648912996054
4807.2 209.1778150089085
4807.5 204.54246991872787
4807.8 336.44621282210574
4808.1 91.47850104048848
4808.4 193.37022115290165
4808.7 376.88561287522316
4809.0 73.37310921028256
4809.3 -36.752922773361206
4809.6 127.95881606638432
4809.9 201.7546793706715
4810.2 155.92440584301949
4810.5 248.02558739483356
4810.8 146.43289637565613
4811.1 -0.6503251641988754
4811.4 2.774889439344406
4811.7 220.7062132600695
4812.0 216.36905524134636
4812.3 183.46778051927686
4812.6 -8.934870541095734
4812.9 -5.37341770902276
4813.2 -61.657108038663864
4813.5 -198.61042638123035
4813.8 43.63052071724087
4814.1 284.8063287138939
4814.4 151.21337945759296
4814.7 208.95738811045885
4815.0 249.61293784342706
4815.3 -52.46223048865795
4815.6 58.48082815017551
4815.9 29.093865561299026
4816.2 80.23055696487427
4816.5 267.9474233612418
4816.8 215.80794198531657
4817.1 229.86329451203346
4817.4 72.7031871676445
4817.7 45.36269596219063
4818.0 198.58686389029026
4818.3 51.45551115274429
4818.6 192.43682844378054
4818.9 338.925119638443
4819.2 153.27445094613358
4819.5 -62.34978102147579
4819.8 77.24299770593643
4820.1 158.39895620197058
4820.4 220.54543770849705
4820.7 252.2722209095955
4821.0 -13.116298027336597
4821.3 -122.35290369391441
4821.6 171.59071090817451
4821.9 -67.0788207128644
4822.2 102.37344659119844
4822.5 195.043777436018
4822.8 102.34763652086258
4823.1 110.05539504438639
4823.4 121.99419569806196
4823.7 3.572028800845146
4824.0 171.98717998340726
4824.3 0.9047204181551933
4824.6 54.39275909215212
4824.9 169.60641014575958
4825.2 137.75040666013956
4825.5 64.94783480092883
4825.8 162.40656004846096
4826.1 155.94464272260666
4826.4 225.41764463484287
4826.7 247.3492732346058
4827.0 301.93856436014175
4827.3 -80.42009118199348
4827.6 -6.696010367944837
4827.9 133.06378300487995
4828.2 168.30667361617088
4828.5 118.80932603031397
4828.8 -31.790149219334126
4829.1 213.37196165695786
4829.4 108.31728471815586
4829.7 177.3192556872964
4830.0 112.43528012931347
4830.3 176.47569577395916
4830.6 151.5260123461485
4830.9 68.12088158354163
4831.2 204.77364365768153
4831.5 88.82255429029465
4831.8 32.50413133203983
4832.1 111.91689528152347
4832.4 453.8943576514721
4832.7 227.94267912209034
4833.0 46.32354073226452
4833.3 26.82583113759756
4833.6 46.30059065297246
4833.9 -63.31174115673639
4834.2 233.9580454006791
4834.5 348.39458280289546
4834.8 195.60138656944036
4835.1 178.23802411556244
4835.4 64.01778707187623
4835.7 75.42282100021839
4836.0 235.94870096445084
4836.3 -60.65527721680701
4836.6 -18.089539282023907
4836.9 149.4927730401978
4837.2 219.84080274403095
4837.5 52.006196761503816
4837.8 96.36878930218518
4838.1 406.2212408185005
4838.4 247.42020025849342
4838.7 192.10902906954288
4839.0 232.80042631924152
4839.3 215.1711584031582
4839.6 -6.528985604643822
4839.9 72.01908483356237
4840.2 258.87674725055695
4840.5 98.08636471629143
4840.8 192.70693577826023
4841.1 11.249205499887466
4841.4 62.67087806761265
4841.7 144.84354680776596
4842.0 264.1126839965582
4842.3 121.64284532517195
4842.6 218.438764244318
4842.9 243.03152694553137
4843.2 76.62682666815817
4843.5 105.71325560286641
4843.8 193.7653520554304
4844.1 113.37456628680229
4844.4 308.2857646346092
4844.7 170.99109704606235
4845.0 262.5439296141267
4845.3 411.6050600409508
4845.6 294.14930818229914
4845.9 373.54101518541574
4846.2 131.8207874642685
4846.5 58.01846770942211
4846.8 185.39681175351143
4847.1 183.09670012444258
4847.4 42.64175432547927
4847.7 5.595333119854331
4848.0 23.05489730089903
4848.3 24.938768327236176
4848.6 158.55293149879435
4848.9 195.5328520797193
4849.2 255.43540588021278
4849.5 124.0407742857933
4849.8 171.52517853677273
4850.1 177.09529197216034
4850.4 86.92026673257351
4850.7 48.11849009618163
4851.0 327.9283772855997
4851.3 299.4282957287505
4851.6 144.87998246401548
4851.9 321.43882578611374
4852.2 207.21822634711862
4852.5 177.573945581913
4852.8 197.5280486010015
4853.1 328.8113994002342
4853.4 200.31187227368355
4853.7 295.6704313457012
4854.0 -43.603623249800876
4854.3 352.38847040757537
4854.6 189.45559319481254
4854.9 237.26365362852812
4855.2 246.02365212142467
4855.5 -30.811174724251032
4855.8 48.06849299231544
4856.1 93.96832412481308
4856.4 163.37364199757576
4856.7 51.98527140915394
4857.0 30.348501689732075
4857.3 334.77540250122547
4857.6 157.26940724626184
4857.9 156.4336324315518
4858.2 230.57873192057014
4858.5 339.3481455789879
4858.8 -31.560340281575918
4859.1 132.12596945930272
4859.4 335.04685121774673
4859.7 323.4539382196963
4860.0 328.8243763446808
4860.3 160.04020103812218
4860.6 364.4328147172928
4860.9 139.38486226415262
4861.2 175.50547283887863
4861.5 186.47455678880215
4861.8 294.72888324968517
4862.1 97.88275072537363
4862.4 29.360848277807236
4862.7 -60.52756413817406
4863.0 -49.54787623882294
4863.3 99.13386287167668
4863.6 154.5592270642519
4863.9 196.2075846120715
4864.2 160.83520472049713
4864.5 -36.71798995882273
4864.8 34.280597642064095
4865.1 84.43200470507145
4865.4 246.6396124344319
4865.7 105.4276900216937
4866.0 206.26058162376285
4866.3 142.81465937942266
4866.6 127.26633019000292
4866.9 -30.811850011348724
4867.2 172.84200837090611
4867.5 231.45318368449807
4867.8 379.9298885911703
4868.1 236.94157752394676
4868.4 8.456421444192529
4868.7 201.76521060988307
4869.0 261.8380433470011
4869.3 224.5817667543888
4869.6 140.06174014508724
4869.9 122.17485792934895
4870.2 6.142427586019039
4870.5 320.0448191333562
4870.8 -19.084832921624184
4871.1 119.8591440692544
4871.4 10.841278966516256
4871.7 15.874502331018448
4872.0 71.26634910702705
4872.3 -62.33826419711113
4872.6 303.0660164952278
4872.9 373.42950317263603
4873.2 -30.225734684150666
4873.5 294.22526556253433
4873.8 214.91372048854828
4874.1 173.75638867914677
4874.4 253.65413246676326
4874.7 29.067550601437688
4875.0 88.14191557094455
4875.3 -59.93469168804586
4875.6 125.64040239155293
4875.9 104.97506800293922
4876.2 -11.853187054395676
4876.5 -79.70365291275084
4876.8 102.52726632356644
4877.1 66.46685655415058
4877.4 209.97893600910902
4877.7 158.45158280804753
4878.0 147.74104223772883
4878.3 144.3490427955985
4878.6 157.90134090930223
4878.9 310.21594312042
4879.2 341.24291114509106
4879.5 249.47015668265522
4879.8 212.03305014409125
4880.1 95.70036152005196
4880.4 136.40083307400346
4880.7 41.44856335222721
4881.0 153.95984987914562
4881.3 100.26605114340782
4881.6 2.025105234235525
4881.9 -48.626826740801334
4882.2 156.20854809880257
4882.5 122.92034655250609
4882.8 -25.706817995756865
4883.1 145.26355123519897
4883.4 255.87698528915644
4883.7 -80.12075094878674
4884.0 110.11108332127333
4884.3 1.0789070753380656
4884.6 68.82181238383055
4884.9 179.72403602302074
4885.2 122.57711793482304
4885.5 244.06660189852118
4885.8 236.33663312345743
4886.1 145.16428893711418
4886.4 236.40099777653813
4886.7 203.78647319227457
4887.0 316.37950272113085
4887.3 75.5242329351604
4887.6 158.08596067503095
4887.9 82.44782770052552
4888.2 139.88275986909866
4888.5 133.6606271341443
4888.8 15.814752319827676
4889.1 44.57538491487503
4889.4 -28.237577319145203
4889.7 55.93381724320352
4890.0 145.9961928538978
4890.3 15.738075204193592
4890.6 53.25578375160694
4890.9 177.41880036890507
4891.2 458.1735377907753
4891.5 235.99849297106266
4891.8 -32.65833552181721
4892.1 198.48687962815166
4892.4 120.65883668512106
4892.7 241.7837893664837
4893.0 94.83655560016632
4893.3 -24.975978553295135
4893.6 62.920247703790665
4893.9 216.8460474461317
4894.2 39.796728326939046
4894.5 73.75288269296288
4894.8 194.9420651718974
4895.1 212.9618176817894
4895.4 281.96319741010666
4895.7 127.24893428385258
4896.0 164.18103763461113
4896.3 154.83351390995085
4896.6 283.14399406313896
4896.9 253.6747651696205
4897.2 235.50010347366333
4897.5 197.93199104070663
4897.8 227.54833833128214
4898.1 347.18181596696377
4898.4 271.50845439732075
4898.7 217.26984246075153
4899.0 379.54326524958014
4899.3 155.76294279890135
4899.6 4.0648128017783165
4899.9 110.98036804795265
4900.2 228.56700496934354
4900.5 268.85938219190575
4900.8 337.7623505592346
4901.1 252.41761837899685
4901.4 175.56829252839088
4901.7 -5.919507205486298
4902.0 12.930660396814346
4902.3 124.13777734525502
4902.6 19.401770390570164
4902.9 136.93134565278888
4903.2 213.80608066916466
4903.5 15.267141845077276
4903.8 81.75095189188141
4904.1 48.699574396014214
4904.4 76.8315694630146
4904.7 145.97809237241745
4905.0 -142.28067518770695
4905.3 28.57852777093649
4905.6 31.978971153497696
4905.9 162.78502103686333
4906.2 178.85403805971146
4906.5 41.1437621191144
4906.8 65.93298429250717
4907.1 17.652303136885166
4907.4 48.517589926719666
4907.7 55.82782553136349
4908.0 68.57636632025242
4908.3 -45.96685117855668
4908.6 30.544048309326172
4908.9 102.26396157592535
4909.2 251.38637628406286
4909.5 -154.28746224939823
4909.8 196.09828473627567
4910.1 240.639500528574
4910.4 123.13118896633387
4910.7 79.66359269060194
4911.0 17.40108374506235
4911.3 -80.31187656521797
4911.6 -3.9503652453422546
4911.9 217.62388449907303
4912.2 274.7055030539632
4912.5 202.29303100705147
4912.8 229.15291202813387
4913.1 281.0365837998688
4913.4 89.79613322019577
4913.7 321.7794706374407
4914.0 167.46733504533768
4914.3 114.0263594314456
4914.6 69.92647474259138
4914.9 93.2507174629718
4915.2 294.1913200803101
4915.5 119.47573267668486
4915.8 48.92337080836296
4916.1 162.61327900737524
4916.4 235.20213428139687
4916.7 4.826536633074284
4917.0 85.04555586352944
4917.3 75.0870458111167
4917.6 66.77264837734401
4917.9 172.1819789633155
4918.2 305.3463544398546
4918.5 406.72526236623526
4918.8 228.21635630726814
4919.1 108.39418320730329
4919.4 66.06637654453516
4919.7 88.65602983161807
4920.0 193.0158853083849
4920.3 331.2286126539111
4920.6 300.8759740595706
4920.9 139.1700063943863
4921.2 221.6508786380291
4921.5 128.9589839950204
4921.8 170.81045528128743
4922.1 70.2599980160594
4922.4 185.09557706862688
4922.7 242.12040335685015
4923.0 -58.98011559294537
4923.3 167.1821223772131
4923.6 415.4927834570408
4923.9 308.46572556719184
4924.2 158.45827715843916
4924.5 86.49051854014397
4924.8 217.20805951952934
4925.1 -43.66702021751553
4925.4 145.4129972755909
4925.7 286.02300146222115
4926.0 239.44053085148335
4926.3 178.2047374546528
4926.6 17.642705576494336
4926.9 64.43885979056358
4927.2 144.88971605151892
4927.5 -6.353846460580826
4927.8 18.791690230369568
4928.1 312.1292037963867
4928.4 278.87871347367764
4928.7 531.5745321512222
4929.0 784.2892985343933
4929.3 415.67332796752453
4929.6 604.6856113895774
4929.9 480.46350038051605
4930.2 392.55773232877254
4930.5 645.3436892330647
4930.8 666.6889320909977
4931.1 596.7127263024449
4931.4 543.0167777910829
4931.7 743.9846123456955
4932.0 803.6392145454884
4932.3 551.9820621982217
4932.6 761.6623308509588
4932.9 761.14177284576
4933.2 917.0833830088377
4933.5 919.9920394332148
4933.8 936.7999624311924
4934.1 1027.2131074666977
4934.4 990.260898321867
4934.7 1084.312663629651
4935.0 1179.3381299078465
4935.3 1169.8829015344381
4935.6 1138.2514789700508
4935.9 885.9993442399427
4936.2 644.913905441761
4936.5 409.7047316506505
4936.8 213.49787391908467
4937.1 332.32602059841156
4937.4 388.63954758644104
4937.7 392.8587630726397
4938.0 224.60399815440178
4938.3 111.359454061836
4938.6 239.15129947662354
4938.9 297.55396074056625
4939.2 46.74453438818455
4939.5 153.83919144421816
4939.8 99.35473619773984
4940.1 311.9652373716235
4940.4 145.20984519273043
4940.7 341.1072146296501
4941.0 182.77188734710217
4941.3 160.21694259904325
4941.6 159.805723041296
4941.9 109.66472640261054
4942.2 195.25892712548375
4942.5 115.43747705966234
4942.8 141.0826062709093
4943.1 281.06898805871606
4943.4 340.84802102670074
4943.7 203.9496003165841
4944.0 163.80311839282513
4944.3 498.36343075335026
4944.6 278.628746509552
4944.9 160.29094106238335
4945.2 107.29231600940693
4945.5 43.1099808216095
4945.8 98.48957351595163
4946.1 230.26250544562936
4946.4 191.05222759582102
4946.7 85.7984743732959
4947.0 100.06556029990315
4947.3 146.64054961502552
4947.6 232.04620650038123
4947.9 183.0863045975566
4948.2 167.14827771484852
4948.5 313.70015263557434
4948.8 239.92096100747585
4949.1 207.5221365094185
4949.4 264.79074866324663
4949.7 258.21937784552574
4950.0 455.4884392172098
4950.3 288.6400945261121
4950.6 222.00079241394997
4950.9 274.41815711557865
4951.2 224.39180586487055
4951.5 169.6701385914348
4951.8 348.3074017614126
4952.1 237.62278321385384
4952.4 -16.71399649977684
4952.7 -6.979388829320669
4953.0 152.81797690689564
4953.3 279.3469195365906
4953.6 107.7979937940836
4953.9 103.63181613385677
4954.2 40.191445022821426
4954.5 137.24354121088982
4954.8 228.70060279080644
4955.1 250.16228084918112
4955.4 198.36284387856722
4955.7 166.34073251113296
4956.0 163.23606738448143
4956.3 91.3533605337143
4956.6 272.2925764620304
4956.9 241.67451658286154
4957.2 194.51669864356518
4957.5 237.5645242780447
4957.8 209.4397691860795
4958.1 181.51060819253325
4958.4 203.02398845553398
4958.7 244.45513767562807
4959.0 208.76079515274614
4959.3 281.263315141201
4959.6 329.90471049025655
4959.9 279.9052224662155
4960.2 62.31081133335829
4960.5 344.270625770092
4960.8 268.697530195117
4961.1 399.39532566070557
4961.4 230.8879086226225
4961.7 13.097551740705967
4962.0 144.14405102282763
4962.3 0.5670421235263348
4962.6 362.77943096496165
4962.9 362.20637464523315
4963.2 170.87524943053722
4963.5 137.76786557585
4963.8 352.96365205943584
4964.1 126.4767374843359
4964.4 95.87769065005705
4964.7 285.5677949041128
4965.0 251.0318555533886
4965.3 117.81983734061942
4965.6 114.18111327290535
4965.9 7.050088718533516
4966.2 97.64745547622442
4966.5 -8.047256246209145
4966.8 151.92550297826529
4967.1 284.1559881377034
4967.4 181.28507135808468
4967.7 164.43071305379272
4968.0 -11.851758945733309
4968.3 59.44037739560008
4968.6 253.3717204593122
4968.9 -2.9079506881535053
4969.2 4.7451481111347675
4969.5 231.33181875944138
4969.8 84.64449663460255
4970.1 206.2995327860117
4970.4 116.25190278887749
4970.7 31.25369095802307
4971.0 127.2451840043068
4971.3 78.33960248157382
4971.6 257.34303346276283
4971.9 355.56455343961716
4972.2 3.34673710167408
4972.5 308.8281246125698
4972.8 79.32190352678299
4973.1 -165.38463780097663
4973.4 311.3734257221222
4973.7 421.70218522753567
4974.0 304.1846440732479
4974.3 173.11737779621035
4974.6 162.33695514686406
4974.9 191.92482535075396
4975.2 253.3404686897993
4975.5 406.52830851078033
4975.8 149.85263466835022
4976.1 302.27939933538437
4976.4 45.561943924985826
4976.7 300.82921577244997
4977.0 110.40012933065009
4977.3 -52.26980921626091
4977.6 79.97562552988529
4977.9 152.1048719221726
4978.2 241.3585384450853
4978.5 269.83817487955093
4978.8 67.0627625361085
4979.1 21.695891838520765
4979.4 11.984955966472626
4979.7 23.196479535195976
4980.0 279.2044695401564
4980.3 0.9079684112221003
4980.6 242.49898476153612
4980.9 187.3340317569673
4981.2 30.3244058964774
4981.5 148.5377063639462
4981.8 18.672748252749443
4982.1 114.0073452219367
4982.4 31.843926716595888
4982.7 145.26438006851822
4983.0 191.35575105249882
4983.3 298.20531003177166
4983.6 71.97377800196409
4983.9 111.03740796819329
4984.2 83.16820129193366
4984.5 142.0827113315463
4984.8 258.03594879899174
4985.1 144.01887215673923
4985.4 80.37062602071092
4985.7 161.48116423934698
4986.0 134.40955295809545
4986.3 118.27629171311855
4986.6 140.27350073121488
4986.9 269.2032301463187
4987.2 234.71364970505238
4987.5 29.16880952566862
4987.8 148.02133660018444
4988.1 7.326295651495457
4988.4 175.8959925174713
4988.7 385.6120381951332
4989.0 350.1027757525444
4989.3 230.08486583828926
4989.6 377.6064759939909
4989.9 378.2033444568515
4990.2 218.37391579151154
4990.5 285.1049815714359
4990.8 410.4455876369029
4991.1 392.58980786800385
4991.4 164.70271451119334
4991.7 304.19149663485587
4992.0 402.6707731485367
4992.3 212.13172636926174
4992.6 -18.968168549239635
4992.9 141.2225217036903
4993.2 162.55367122590542
4993.5 111.10622152686119
4993.8 235.67617027740926
4994.1 125.87600829452276
4994.4 49.98019144684076
4994.7 208.19257300160825
4995.0 269.73711585998535
4995.3 147.58818827569485
4995.6 49.333461116068065
4995.9 243.85853102058172
4996.2 227.73799061775208
4996.5 208.88406884018332
4996.8 80.58611487969756
4997.1 116.52588331699371
4997.4 51.9486614651978
4997.7 175.3918410614133
4998.0 173.12354158610106
4998.3 89.21873547881842
4998.6 267.78396205604076
4998.9 239.3991990685463
4999.2 61.75317945331335
4999.5 106.87178679555655
4999.8 235.36146324127913
5000.1 142.97029583342373
5000.4 155.3736653830856
5000.7 168.53004485741258
5001.0 176.17212536931038
5001.3 221.02481371164322
5001.6 -54.88087409734726
5001.9 40.703055411577225
5002.2 264.60297217965126
5002.5 63.27009090781212
5002.8 186.33404794707894
5003.1 -27.614678725600243
5003.4 135.91354264575057
5003.7 19.24003107100725
5004.0 41.27901839464903
5004.3 239.6986871212721
5004.6 184.41709771379828
5004.9 227.2857353836298
5005.2 123.30220007896423
5005.5 224.68607880920172
5005.8 196.66786571592093
5006.1 298.5590519756079
5006.4 261.081117361784
5006.7 273.46698666363955
5007.0 70.216508009471
5007.3 -3.5418155565857887
5007.6 218.91814732551575
5007.9 225.75583442859352
5008.2 284.78581325896084
5008.5 215.83457712829113
5008.8 212.51363018155098
5009.1 91.27386825159192
5009.4 170.4070145189762
5009.7 333.70069290697575
5010.0 86.03344846889377
5010.3 53.897912323474884
5010.6 116.8673256970942
5010.9 -116.66254386678338
5011.2 170.46033132076263
5011.5 169.49352407455444
5011.8 196.59366359189153
5012.1 112.08875124156475
5012.4 76.52035216614604
5012.7 51.03949138522148
5013.0 125.01772964000702
5013.3 121.07627346366644
5013.6 205.94110613316298
5013.9 66.60443353280425
5014.2 73.41116426885128
5014.5 180.6584660448134
5014.8 318.08374516293406
5015.1 206.2753035724163
5015.4 229.3768252786249
5015.7 273.4319020975381
5016.0 212.30176851898432
5016.3 84.07089700736105
5016.6 27.339841425418854
5016.9 449.2276355624199
5017.2 214.59443125128746
5017.5 144.37506952509284
5017.8 195.78437153436244
5018.1 371.630040705204
5018.4 313.8178300410509
5018.7 259.53014509379864
5019.0 90.33895413577557
5019.3 92.44757230579853
5019.6 338.0164803266525
5019.9 232.34773978590965
5020.2 104.59474264085293
5020.5 193.9029741883278
5020.8 158.374062333256
5021.1 281.37445962429047
5021.4 126.69474303722382
5021.7 252.54835041984916
5022.0 41.06731274817139
5022.3 207.20137559063733
5022.6 281.5034075938165
5022.9 313.56059806607664
5023.2 200.6151618435979
5023.5 275.08430486917496
5023.8 139.929656624794
5024.1 247.86922828108072
5024.4 228.46673449128866
5024.7 -0.17504346370697021
5025.0 2.438346140086651
5025.3 250.01368072628975
5025.6 155.56169046461582
5025.9 247.19548170268536
5026.2 224.4575901031494
5026.5 332.14995062351227
5026.8 168.02047795057297
5027.1 364.4448573514819
5027.4 249.22945676743984
5027.7 248.43163419887424
5028.0 353.59348544478416
5028.3 347.78626150637865
5028.6 461.22519412636757
5028.9 356.37946364376694
5029.2 173.4636554569006
5029.5 480.7737075984478
5029.8 341.31587578263134
5030.1 325.37973663955927
5030.4 391.8346388936043
5030.7 522.5635499358177
5031.0 459.93539164122194
5031.3 381.1615679562092
5031.6 299.9187498539686
5031.9 384.2098997661378
5032.2 248.1878896355629
5032.5 475.4813229739666
5032.8 466.72250767052174
5033.1 415.2147613018751
5033.4 381.3169005662203
5033.7 541.0578804463148
5034.0 681.3408932611346
5034.3 642.513225659728
5034.6 467.9793139696121
5034.9 439.0596225038171
5035.2 476.32644744217396
5035.5 390.92559081315994
5035.8 317.69819420576096
5036.1 128.7412293255329
5036.4 309.24048602581024
5036.7 260.25604890473187
5037.0 280.3871801197529
5037.3 233.70955412089825
5037.6 100.91451743990183
5037.9 161.04372757207602
5038.2 -14.516428373754025
5038.5 196.00590799748898
5038.8 211.07848843932152
5039.1 285.4898265004158
5039.4 -2.440853677690029
5039.7 78.8823315538466
5040.0 -36.42272005788982
5040.3 76.81154143810272
5040.6 80.93543807789683
5040.9 171.12832595407963
5041.2 82.97064470779151
5041.5 80.32138600945473
5041.8 264.68143455684185
5042.1 238.8399049239233
5042.4 184.7225261926651
5042.7 314.6458089710213
5043.0 46.66297099739313
5043.3 -37.76669366657734
5043.6 132.80940352380276
5043.9 104.63437454169616
5044.2 168.44890681747347
5044.5 48.17402688926086
5044.8 82.28248132765293
5045.1 240.567578651011
5045.4 134.3373298421502
5045.7 159.17027845978737
5046.0 305.5979374498129
5046.3 38.55310583114624
5046.6 220.3353898972273
5046.9 22.622059226036072
5047.2 326.4304325059056
5047.5 105.91908269212581
5047.8 -58.56605289876461
5048.1 217.43563674390316
5048.4 66.06240820139647
5048.7 196.98372584581375
5049.0 71.5779404938221
5049.3 149.12945231050253
5049.6 179.10069033503532
5049.9 265.4579112753272
5050.2 202.31404361873865
5050.5 225.34257032722235
5050.8 150.04370948672295
5051.1 125.33024540543556
5051.4 -28.44124683085829
5051.7 279.6177039761096
5052.0 27.497086682356894
5052.3 -157.49127573054284
5052.6 51.58549728617072
5052.9 247.4615869000554
5053.2 166.90475501865149
5053.5 257.244553970173
5053.8 251.86025056242943
5054.1 138.67695073783398
5054.4 30.559080189326778
5054.7 167.51586095336825
5055.0 73.05977899581194
5055.3 279.8342900276184
5055.6 336.84001532197
5055.9 249.50404316559434
5056.2 138.1966533716768
5056.5 151.49366694502532
5056.8 259.2202510461211
5057.1 214.3543519899249
5057.4 30.985572073608637
5057.7 115.24387399107218
5058.0 138.8762878519483
5058.3 126.09255249798298
5058.6 234.96864639408886
5058.9 340.89012283086777
5059.2 261.3552745580673
5059.5 132.55580538511276
5059.8 31.564194412901998
5060.1 160.4228441938758
5060.4 204.56250707432628
5060.7 145.03874287754297
5061.0 205.77632553130388
5061.3 119.44025812670588
5061.6 228.16913034021854
5061.9 -3.8641306906938553
5062.2 101.08462217450142
5062.5 61.70934176817536
5062.8 247.79089879989624
5063.1 265.2635592520237
5063.4 106.1024324297905
5063.7 110.12815614044666
5064.0 86.13724008202553
5064.3 298.74524956569076
5064.6 275.10567235946655
5064.9 41.003830175846815
5065.2 90.6027392745018
5065.5 84.12996565178037
5065.8 212.0189718939364
5066.1 127.4462878992781
5066.4 154.44768447428942
5066.7 137.78587406873703
5067.0 332.0923276245594
5067.3 271.62073680758476
5067.6 314.3634100407362
5067.9 52.45774284377694
5068.2 128.7244297862053
5068.5 195.39902137964964
5068.8 118.36807924509048
5069.1 234.86703629232943
5069.4 311.07436387613416
5069.7 178.0833387747407
5070.0 273.7560747824609
5070.3 203.33425153791904
5070.6 225.21442772448063
5070.9 266.8382490314543
5071.2 168.43778167292476
5071.5 116.7013167142868
5071.8 235.88626670092344
5072.1 41.5551823079586
5072.4 134.52315978705883
5072.7 222.43033903092146
5073.0 191.42721719294786
5073.3 258.14919826202095
5073.6 -47.735348761081696
5073.9 25.219328075647354
5074.2 96.18526674807072
5074.5 153.63546253740788
5074.8 236.92256194353104
5075.1 288.10566882789135
5075.4 454.2455093860626
5075.7 419.6273140758276
5076.0 705.9447052031755
5076.3 964.7524807453156
5076.6 1096.257081270218
5076.9 1151.0519288778305
5077.2 1208.937450349331
5077.5 1065.2285567373037
5077.8 1064.1942764818668
5078.1 944.831313692499
5078.4 809.0491079986095
5078.7 656.4553539156914
5079.0 857.7194833792746
5079.3 807.523287653923
5079.6 902.2418700046837
5079.9 821.9177165776491
5080.2 828.7960561513901
5080.5 879.7120876610279
5080.8 946.7276373803616
5081.1 916.0978548079729
5081.4 944.041058793664
5081.7 1083.9323660880327
5082.0 1167.2910325024277
5082.3 1353.2136674206704
5082.6 1285.3919214308262
5082.9 1307.617019340396
5083.2 1264.0920232459903
5083.5 1107.1460604816675
5083.8 852.2435921225697
5084.1 759.9190380126238
5084.4 403.44316893443465
5084.7 375.8068565018475
5085.0 604.8788923230022
5085.3 465.61321823485196
5085.6 211.21930576115847
5085.9 252.9612279832363
5086.2 169.25827834568918
5086.5 430.2739953547716
5086.8 80.46548949182034
5087.1 264.6151819974184
5087.4 384.06877771019936
5087.7 347.2461725473404
5088.0 220.3975686505437
5088.3 272.7305203564465
5088.6 164.13271790742874
5088.9 59.124414830468595
5089.2 203.22824806533754
5089.5 383.28676584362984
5089.8 280.65720514953136
5090.1 236.40502204746008
5090.4 194.92880128510296
5090.7 252.77566128969193
5091.0 201.51762451976538
5091.3 300.9750542640686
5091.6 356.16346168518066
5091.9 200.62259025871754
5092.2 161.7329272478819
5092.5 220.0832410529256
5092.8 109.79135364666581
5093.1 214.88848644017708
5093.4 239.0510885901749
5093.7 310.9764770567417
5094.0 152.28634970635176
5094.3 268.77606119029224
5094.6 291.58144521713257
5094.9 185.29715126147494
5095.2 121.80910450220108
5095.5 137.60384660121053
5095.8 439.8836168721318
5096.1 171.93371210992336
5096.4 91.17903386056423
5096.7 -13.974921242333949
5097.0 207.28377256914973
5097.3 257.33840066194534
5097.6 385.1490671336651
5097.9 288.1892396658659
5098.2 191.97055804729462
5098.5 197.95116537064314
5098.8 113.7145723477006
5099.1 143.69912896864116
5099.4 270.4310249686241
5099.7 259.12088414281607
5100.0 139.15720672963653
5100.3 -24.402878656983376
5100.6 95.0952323563397
5100.9 112.84115625917912
5101.2 171.91278992034495
5101.5 241.2327546775341
5101.8 285.57893241755664
5102.1 85.65335502102971
5102.4 246.47463885694742
5102.7 143.95948197692633
5103.0 255.40113277360797
5103.3 154.42281235009432
5103.6 109.79588954336941
5103.9 128.26205351948738
5104.2 -14.26939725317061
5104.5 91.13924939185381
5104.8 108.37039791047573
5105.1 124.78080577403307
5105.4 73.21028873324394
5105.7 303.55392255913466
5106.0 210.04794926941395
5106.3 36.89980418793857
5106.6 135.72979344427586
5106.9 194.9786413013935
5107.2 200.0071748578921
5107.5 68.81085819751024
5107.8 136.56782153248787
5108.1 136.48199432063848
5108.4 40.33308872766793
5108.7 77.31233095377684
5109.0 215.20582734793425
5109.3 169.94155061617494
5109.6 170.86963218823075
5109.9 330.95442239940166
5110.2 234.1058413013816
5110.5 -33.93208220679662
5110.8 59.68065323168412
5111.1 139.2268655858934
5111.4 49.54224031418562
5111.7 201.59986843168736
5112.0 244.0123054124415
5112.3 235.23819822457153
5112.6 132.86347479000688
5112.9 366.9427543282509
5113.2 520.6755946576595
5113.5 172.9230859875679
5113.8 132.0962104946375
5114.1 230.3044862151146
5114.4 39.11533134710044
5114.7 -51.05513831600547
5115.0 165.12026008963585
5115.3 192.0271350890398
5115.6 115.87240421958268
5115.9 190.8709641546011
5116.2 277.9004022926092
5116.5 281.76990884542465
5116.8 143.47216502577066
5117.1 185.3075578212738
5117.4 33.46653604507446
5117.7 70.71365624666214
5118.0 137.89436693489552
5118.3 273.36809343099594
5118.6 60.09263437986374
5118.9 208.8638245910406
5119.2 48.76966895163059
5119.5 74.96575982123613
5119.8 182.73767041787505
5120.1 109.44186441600323
5120.4 -18.74726201221347
5120.7 53.04450377076864
5121.0 342.74168054480106
5121.3 233.06925731897354
5121.6 251.29169791191816
5121.9 231.59782387688756
5122.2 -34.18921835720539
5122.5 153.98972369357944
5122.8 247.45365960150957
5123.1 231.2718842648901
5123.4 150.77794197387993
5123.7 183.9235084806569
5124.0 129.17863244423643
5124.3 146.21825982630253
5124.6 193.234336623922
5124.9 118.89330107346177
5125.2 173.33113598637283
5125.5 73.43768292665482
5125.8 37.47554179560393
5126.1 175.13044004142284
5126.4 147.11953236535192
5126.7 376.86626007407904
5127.0 399.51474779099226
5127.3 273.22022718191147
5127.6 132.7797391526401
5127.9 266.62400645017624
5128.2 186.93282802402973
5128.5 138.34021086618304
5128.8 248.4102132320404
5129.1 194.7759042829275
5129.4 235.14852209202945
5129.7 328.7249158397317
5130.0 388.43980177491903
5130.3 109.95796464756131
5130.6 141.83651066571474
5130.9 79.6033433675766
5131.2 265.44581764936447
5131.5 279.69677443802357
5131.8 387.88474959135056
5132.1 152.93007749319077
5132.4 162.860062032938
5132.7 39.039703860878944
5133.0 -19.161369621753693
5133.3 -38.84151580929756
5133.6 184.1076532676816
5133.9 88.85649741441011
5134.2 108.41861375886947
5134.5 315.54757140390575
5134.8 126.2323699221015
5135.1 67.4030155390501
5135.4 133.19444943591952
5135.7 23.94186074845493
5136.0 152.92984989657998
5136.3 146.63969360291958
5136.6 216.1072445102036
5136.9 258.7972539253533
5137.2 171.58708033710718
5137.5 260.6815209463239
5137.8 157.255479183048
5138.1 14.801951043307781
5138.4 150.20216070115566
5138.7 118.87202748283744
5139.0 407.6022430509329
5139.3 434.7903796136379
5139.6 200.58830300718546
5139.9 293.9421900585294
5140.2 129.19701128453016
5140.5 64.09944271296263
5140.8 173.23438207805157
5141.1 238.6233511120081
5141.4 123.89727334678173
5141.7 165.22594288736582
5142.0 74.75580444186926
5142.3 55.88413777947426
5142.6 305.80772987008095
5142.9 274.6980261206627
5143.2 456.97204716317356
5143.5 294.1524029634893
5143.8 145.87187733501196
5144.1 116.42829765379429
5144.4 -13.203195095062256
5144.7 6.33026335760951
5145.0 193.9158793091774
5145.3 207.61520656198263
5145.6 58.784178894013166
5145.9 139.30100748687983
5146.2 185.85562853515148
5146.5 108.43200621753931
5146.8 -33.43915957957506
5147.1 196.8292515249923
5147.4 248.8925725221634
5147.7 122.38975110650063
5148.0 73.03271149424836
5148.3 59.85002537444234
5148.6 242.07079693116248
5148.9 229.58253367990255
5149.2 432.01226811110973
5149.5 291.7221870655194
5149.8 195.5443548709154
5150.1 208.7779147475958
5150.4 240.07277090847492
5150.7 210.3488366678357
5151.0 129.05776272714138
5151.3 199.13071820139885
5151.6 402.30808522645384
5151.9 147.37902808841318
5152.2 145.59162577614188
5152.5 1.8109384179115295
5152.8 227.6232616379857
5153.1 285.8452419117093
5153.4 268.2828845717013
5153.7 140.23157730326056
5154.0 109.56661941856146
5154.3 178.59920715913177
5154.6 125.92319550737739
5154.9 272.3538621664047
5155.2 321.1709567345679
5155.5 227.78587929159403
5155.8 155.97892643511295
5156.1 8.078645111992955
5156.4 168.79598281532526
5156.7 453.54677963256836
5157.0 190.19153040274978
5157.3 117.30399144534022
5157.6 126.58585703372955
5157.9 103.09420701861382
5158.2 246.76024517789483
5158.5 87.38737717270851
5158.8 109.02073946595192
5159.1 192.46770434081554
5159.4 187.33346034027636
5159.7 164.6953837275505
5160.0 -7.9845529943704605
5160.3 35.477283768355846
5160.6 200.08268926665187
5160.9 95.7654358446598
5161.2 86.33903233706951
5161.5 121.8587102778256
5161.8 -28.777958318591118
5162.1 48.61958532594144
5162.4 70.05144333094358
5162.7 276.4487081170082
5163.0 191.23913050442934
5163.3 126.08290239615599
5163.6 157.89943765103817
5163.9 196.53617733716965
5164.2 159.06073482520878
5164.5 311.45012241601944
5164.8 16.37354016676545
5165.1 136.41157899051905
5165.4 202.5509694814682
5165.7 331.18763795355335
5166.0 383.19890731573105
5166.3 279.14467807114124
5166.6 128.99694438278675
5166.9 73.61232748627663
5167.2 270.0861781015992
5167.5 113.0137571375817
5167.8 -49.18429210782051
5168.1 233.6948093548417
5168.4 208.33065429329872
5168.7 131.03604800999165
5169.0 10.673945978283882
5169.3 250.49612328782678
5169.6 78.10573802608997
5169.9 164.40870814025402
5170.2 224.48665549233556
5170.5 39.6728531755507
5170.8 61.294831454753876
5171.1 26.481516048312187
5171.4 265.29361752420664
5171.7 68.80673344433308
5172.0 -53.12360080331564
5172.3 -33.5052877292037
5172.6 123.19481848925352
5172.9 134.91749916225672
5173.2 218.59836055338383
5173.5 150.16422814130783
5173.8 48.54075603187084
5174.1 248.37912867218256
5174.4 183.45117826759815
5174.7 255.93369153141975
5175.0 126.77317524887621
5175.3 -60.04129061475396
5175.6 217.24982651509345
5175.9 313.9316188246012
5176.2 97.64562050998211
5176.5 73.01168212294579
5176.8 223.0998045578599
5177.1 200.05863504484296
5177.4 317.8982217311859
5177.7 184.26169206760824
5178.0 341.0993113555014
5178.3 138.95218384917825
5178.6 227.82552960515022
5178.9 166.54495984129608
5179.2 270.9871876463294
5179.5 19.764339294284582
5179.8 240.53524401783943
5180.1 276.45824959874153
5180.4 286.8608993627131
5180.7 60.94487223029137
5181.0 23.390549264848232
5181.3 178.17812976241112
5181.6 240.86453281342983
5181.9 68.65367082878947
5182.2 59.00658781081438
5182.5 -65.40530361235142
5182.8 49.034247510135174
5183.1 26.67631517164409
5183.4 93.8456659540534
5183.7 113.87327622622252
5184.0 52.58258657855913
5184.3 283.725180670619
5184.6 122.27653114497662
5184.9 94.79028242640197
5185.2 181.97187665104866
5185.5 232.21021550148726
5185.8 223.5246993098408
5186.1 129.15397728979588
5186.4 234.15519719198346
5186.7 235.42281097359955
5187.0 319.92127926647663
5187.3 232.21888202428818
5187.6 333.47561376541853
5187.9 199.63515788316727
5188.2 11.66438277065754
5188.5 64.38827300071716
5188.8 221.5867960229516
5189.1 205.51090571656823
5189.4 298.6211059987545
5189.7 7.916204772889614
5190.0 216.59692530333996
5190.3 206.10783119499683
5190.6 215.35340651124716
5190.9 264.16504007799085
5191.2 342.3197504878044
5191.5 205.52817713469267
5191.8 57.88516388833523
5192.1 44.003729776944965
5192.4 140.54744097590446
5192.7 129.3084866926074
5193.0 291.09746517241
5193.3 173.22167190164328
5193.6 275.7376792393625
5193.9 5.08109188824892
5194.2 204.13400579243898
5194.5 311.58315935730934
5194.8 84.42174590379
5195.1 55.438653349876404
5195.4 165.9716424010694
5195.7 133.2525876313448
5196.0 96.52517938427627
5196.3 405.30493246763945
5196.6 145.78905947739258
5196.9 338.5155418738723
5197.2 411.50150215625763
5197.5 177.9967355132103
5197.8 122.90880393981934
5198.1 489.8811019808054
5198.4 382.64364036917686
5198.7 193.31304924190044
5199.0 343.86547323316336
5199.3 299.02219823375344
5199.6 369.92151087522507
5199.9 377.81536930799484
5200.2 361.96424089744687
5200.5 303.03157779574394
5200.8 609.7353154420853
5201.1 330.35478986799717
5201.4 -42.89222449064255
5201.7 178.92431896924973
5202.0 112.24767511337996
5202.3 160.98485612496734
5202.6 261.75981146097183
5202.9 88.21853079274297
5203.2 93.88895010948181
5203.5 159.00525834783912
5203.8 340.98972594738007
5204.1 300.02998258173466
5204.4 18.348640635609627
5204.7 74.5757976975292
5205.0 107.39948992803693
5205.3 60.567034125328064
5205.6 31.062249019742012
5205.9 214.8040218949318
5206.2 81.82491654809564
5206.5 121.27285231463611
5206.8 222.0258754696697
5207.1 205.315186932683
5207.4 275.3479817509651
5207.7 210.92143046855927
5208.0 -71.5763272382319
5208.3 166.412778057158
5208.6 188.53904431685805
5208.9 95.01369199156761
5209.2 -62.39645307138562
5209.5 -196.91237004101276
5209.8 242.68072399497032
5210.1 214.51511115953326
5210.4 186.67934781312943
5210.7 164.55717235803604
5211.0 226.7937051327899
5211.3 136.01674400642514
5211.6 211.6230390816927
5211.9 131.80011279694736
5212.2 180.97285585850477
5212.5 194.2710521146655
5212.8 375.897385366261
5213.1 298.53253276087344
5213.4 110.83552092313766
5213.7 -38.84275006689131
5214.0 169.9589128792286
5214.3 390.164523947984
5214.6 278.5561379790306
5214.9 227.27079568617046
5215.2 235.80513807944953
5215.5 252.3212222242728
5215.8 371.92910961806774
5216.1 388.8655820339918
5216.4 323.1688963100314
5216.7 334.8891493678093
5217.0 133.277905523777
5217.3 -51.63857576996088
5217.6 64.56448943167925
5217.9 -127.7505938578397
5218.2 204.35262098163366
5218.5 189.42203206196427
5218.8 60.190459260717034
5219.1 566.9736140072346
5219.4 261.6499856703449
5219.7 344.22158051328734
5220.0 294.14105239510536
5220.3 63.46703681349754
5220.6 136.42243146151304
5220.9 387.438344091177
5221.2 242.9616463687271
5221.5 139.4545174613595
5221.8 206.26794546842575
5222.1 228.91017659008503
5222.4 91.74606176372617
5222.7 179.71301759779453
5223.0 -14.391384959220886
5223.3 155.05737271159887
5223.6 68.79559817165136
5223.9 16.72425452619791
5224.2 -27.408915400505066
5224.5 -65.42258839309216
5224.8 154.99297785758972
5225.1 83.8645116686821
5225.4 39.32057302445173
5225.7 61.160572197288275
5226.0 217.87616765871644
5226.3 204.22946953773499
5226.6 239.4956915974617
5226.9 259.2673528091982
5227.2 81.58809661865234
5227.5 253.0562723428011
5227.8 161.86851643025875
5228.1 173.30096589028835
5228.4 185.0462757460773
5228.7 337.76063216943294
5229.0 126.16956521011889
5229.3 34.043192679062486
5229.6 121.72375386487693
5229.9 69.90994017198682
5230.2 165.54577430337667
5230.5 243.96949642896652
5230.8 237.83025903254747
5231.1 402.2781702429056
5231.4 341.18344563245773
5231.7 425.4975253343582
5232.0 -100.07560017704964
5232.3 210.82520365715027
5232.6 214.55066469311714
5232.9 218.96233312785625
5233.2 145.4345897845924
5233.5 110.16282343864441
5233.8 194.39174056053162
5234.1 300.3780452758074
5234.4 225.58238426968455
5234.7 131.61858590645716
5235.0 37.09937748266384
5235.3 161.0002117753029
5235.6 100.78702385723591
5235.9 183.78844071179628
5236.2 38.55207511782646
5236.5 239.04534976184368
5236.8 297.23458974063396
5237.1 302.5336735956371
5237.4 307.4600783288479
5237.7 201.1764222085476
5238.0 21.280473820865154
5238.3 340.43773279339075
5238.6 187.70681603066623
5238.9 143.48994608968496
5239.2 278.74878216534853
5239.5 389.192349165678
5239.8 332.4883192665875
5240.1 269.37943030521274
5240.4 224.3381349146366
5240.7 126.98295684158802
5241.0 254.3804747313261
5241.3 262.408181168139
5241.6 358.67592346668243
5241.9 352.94356471300125
5242.2 228.41252180188894
5242.5 223.9919488132
5242.8 678.0532134398818
5243.1 332.24434434622526
5243.4 213.4828115515411
5243.7 340.59737157821655
5244.0 430.8706386014819
5244.3 222.97962939739227
5244.6 160.78309992700815
5244.9 137.07407043129206
5245.2 -18.492380049079657
5245.5 -58.29895640909672
5245.8 357.21439872682095
5246.1 220.93866273760796
5246.4 318.9473578929901
5246.7 182.69636778719723
5247.0 103.79967900924385
5247.3 358.52029000222683
5247.6 362.32149102538824
5247.9 379.03602630645037
5248.2 229.52490826696157
5248.5 95.21147845312953
5248.8 193.5916946530342
5249.1 344.3984314799309
5249.4 275.94652581214905
5249.7 -140.94263561815023
5250.0 319.3817761987448
5250.3 144.92235523089767
5250.6 405.6552519053221
5250.9 203.4494590163231
5251.2 97.87014839053154
5251.5 118.29258114658296
5251.8 56.484213165938854
5252.1 120.04519729688764
5252.4 -10.983747839927673
5252.7 112.53755598608404
5253.0 262.4587183147669
5253.3 220.14818618819118
5253.6 207.44845451647416
5253.9 301.6233887411654
5254.2 262.428243085742
5254.5 306.8571939319372
5254.8 298.47227872908115
5255.1 289.51836827397346
5255.4 441.78589129052125
5255.7 727.0086042582989
5256.0 258.28218864649534
5256.3 462.69603881891817
5256.6 13.05072744935751
5256.9 198.8246994614601
5257.2 350.2615711092949
5257.5 318.05474674142897
5257.8 396.0375738814473
5258.1 438.9214316904545
5258.4 77.04576480388641
5258.7 176.43057193607092
5259.0 40.13918495178223
5259.3 139.4077266678214
5259.6 41.173641816712916
5259.9 15.305151760578156
5260.2 266.46293404325843
5260.5 271.65359972417355
5260.8 109.03372168913484
5261.1 279.4546175599098
5261.4 240.8222927004099
5261.7 383.7739906832576
5262.0 -34.541349966079
5262.3 165.52217526733875
5262.6 223.6649442911148
5262.9 393.83951292932034
5263.2 155.02633380889893
5263.5 -59.44837886095047
5263.8 236.85440097004175
5264.1 259.8219042122364
5264.4 229.71979001164436
5264.7 345.84900975599885
5265.0 112.86304230242968
5265.3 360.93879364058375
5265.6 346.2680430263281
5265.9 72.53947980701923
5266.2 215.60094771534204
5266.5 351.76974442601204
5266.8 138.04412461072206
5267.1 116.37197566777468
5267.4 137.6796843316406
5267.7 194.2023248821497
5268.0 155.12003442645073
5268.3 334.6361885815859
5268.6 109.30349261080846
5268.9 162.48272804170847
5269.2 183.98651995509863
5269.5 137.68707835674286
5269.8 168.54528453946114
5270.1 240.19734831154346
5270.4 80.11896838620305
5270.7 254.91392882168293
5271.0 277.53010618686676
5271.3 318.0682820379734
5271.6 282.2675728350878
5271.9 102.82523456215858
5272.2 378.9461305141449
5272.5 357.1854598224163
5272.8 210.50785240530968
5273.1 267.107798025012
5273.4 352.2410227516666
5273.7 258.6639831364155
5274.0 388.6864452958107
5274.3 368.2171568647027
5274.6 277.96731232106686
5274.9 341.53326101601124
5275.2 537.8039568066597
5275.5 198.67925153672695
5275.8 357.18643037229776
5276.1 539.3227920532227
5276.4 582.952786013484
5276.7 131.0610731355846
5277.0 279.4187437109649
5277.3 180.38341773301363
5277.6 140.38312087208033
5277.9 69.29384319484234
5278.2 338.2142535150051
5278.5 318.8069062978029
5278.8 71.81407548114657
5279.1 276.9703886285424
5279.4 193.79955815523863
5279.7 120.50578448409215
5280.0 36.578963570296764
5280.3 111.52333784848452
5280.6 262.7992817154154
5280.9 172.10725697129965
5281.2 103.19159779697657
5281.5 156.3256065659225
5281.8 67.55111319199204
5282.1 192.89646219369024
5282.4 181.988705098629
5282.7 136.16282849013805
5283.0 -12.836609400808811
5283.3 88.54631420969963
5283.6 425.2007392346859
5283.9 255.06400156021118
5284.2 151.7625718191266
5284.5 90.1753811314702
5284.8 369.6614859700203
5285.1 170.57220137119293
5285.4 31.614720582962036
5285.7 254.87423544563353
5286.0 251.7169864475727
5286.3 202.7750535234809
5286.6 99.24119168519974
5286.9 346.3415245562792
5287.2 232.63961688429117
5287.5 244.6461051106453
5287.8 167.34424920380116
5288.1 54.76423694938421
5288.4 174.70938584208488
5288.7 119.90316959144548
5289.0 202.02811643481255
5289.3 249.7774378657341
5289.6 118.2759659551084
5289.9 374.0462751518935
5290.2 272.93661917746067
5290.5 98.63146526739001
5290.8 249.14629110693932
5291.1 381.80961179733276
5291.4 315.03539885301143
5291.7 288.64822681993246
5292.0 61.43114234879613
5292.3 313.06941396556795
5292.6 356.7075030207634
5292.9 49.93357887957245
5293.2 25.353183530271053
5293.5 332.1554708182812
5293.8 384.07311617583036
5294.1 224.0009626671672
5294.4 215.1410882268101
5294.7 496.86574536561966
5295.0 106.25104120373726
5295.3 233.06846526823938
5295.6 205.17370328307152
5295.9 208.9835208505392
5296.2 334.94072850001976
5296.5 316.73739036917686
5296.8 250.92550751939416
5297.1 230.8103891182691
5297.4 179.66910439357162
5297.7 473.38639981485903
5298.0 302.4674620553851
5298.3 282.9135958775878
5298.6 338.94034968316555
5298.9 -47.436568439006805
5299.2 125.91706379875541
5299.5 481.2654032893479
5299.8 263.4554856196046
5300.1 353.3342120051384
5300.4 121.35447140783072
5300.7 296.0519741103053
5301.0 372.1138720102608
5301.3 218.3819368928671
5301.6 341.78859619796276
5301.9 226.50106106419116
5302.2 230.3634916767478
5302.5 299.56087696552277
5302.8 211.14486905373633
5303.1 -43.620565578341484
5303.4 9.934467554092407
5303.7 146.72982976585627
5304.0 169.7588698193431
5304.3 427.8605934958905
5304.6 411.7959068864584
5304.9 -40.55659148097038
5305.2 291.8752485513687
5305.5 362.27619367837906
5305.8 365.02683977782726
5306.1 155.5210762321949
5306.4 -20.41698744893074
5306.7 117.17591734230518
5307.0 388.2339243590832
5307.3 39.73936367034912
5307.6 157.54153309762478
5307.9 106.97678015939891
5308.2 192.16005086898804
5308.5 330.2252025902271
5308.8 147.81093998253345
5309.1 161.0765522532165
5309.4 213.49846556782722
5309.7 187.28365805745125
5310.0 294.73141571879387
5310.3 183.84102912805974
5310.6 166.18560676276684
5310.9 271.09111818671227
5311.2 234.1094549894333
5311.5 169.62969245016575
5311.8 35.043847447261214
5312.1 179.563477024436
5312.4 410.21935081481934
5312.7 63.87109413743019
5313.0 286.013496004045
5313.3 34.86906266724691
5313.6 411.88709631562233
5313.9 283.49413165450096
5314.2 184.04357102513313
5314.5 165.79228987544775
5314.8 77.42305723950267
5315.1 7.563713490962982
5315.4 153.57547819055617
5315.7 360.05357141327113
5316.0 270.9428195133805
5316.3 169.7265498638153
5316.6 187.42151480913162
5316.9 111.95783877419308
5317.2 255.49639739468694
5317.5 215.70387969911098
5317.8 468.04636138677597
5318.1 36.55585103482008
5318.4 360.1702580759302
5318.7 212.4629166573286
5319.0 -175.1513006091118
5319.3 132.25697128474712
5319.6 164.55005833879113
5319.9 223.98823808133602
5320.2 297.90159407258034
5320.5 307.2216683700681
5320.8 -37.672566533088684
5321.1 -2.372089169919491
5321.4 141.99033791571856
5321.7 224.13157173991203
5322.0 241.12321004271507
5322.3 45.89041505753994
5322.6 170.02465814352036
5322.9 -118.8756266310811
5323.2 -24.63668180629611
5323.5 117.30121287703514
5323.8 361.1622352749109
5324.1 20.57664418965578
5324.4 260.9120366126299
5324.7 327.5209859609604
5325.0 0.0
5325.3 0.0
5325.6 0.0
5325.9 0.0
5326.2 0.0
5326.5 0.0
5326.8 0.0
5327.1 0.0
5327.4 0.0
5327.7 0.0
5328.0 0.0
5328.3 0.0
5328.6 0.0
5328.9 0.0
5329.2 0.0
5329.5 0.0
5329.8 0.0
