6165.0 0.0
6165.3 0.0
6165.6 0.0
6165.9 0.0
6166.2 0.0
6166.5 0.0
6166.8 0.0
6167.1 0.0
6167.4 0.0
6167.7 0.0
6168.0 0.0
6168.3 0.0
6168.6 0.0
6168.9 0.0
6169.2 0.0
6169.5 0.0
6169.8 0.0
6170.1 0.0
6170.4 0.0
6170.7 0.0
6171.0 0.0
6171.3 0.0
6171.6 0.0
6171.9 0.0
6172.2 0.0
6172.5 0.0
6172.8 0.0
6173.1 0.0
6173.4 0.0
6173.7 0.0
6174.0 0.0
6174.3 0.0
6174.6 0.0
6174.9 0.0
6175.2 0.0
6175.5 0.0
6175.8 0.0
6176.1 0.0
6176.4 0.0
6176.7 0.0
6177.0 0.0
6177.3 0.0
6177.6 0.0
6177.9 0.0
6178.2 0.0
6178.5 0.0
6178.8 0.0
6179.1 0.0
6179.4 0.0
6179.7 0.0
6180.0 0.0
6180.3 0.0
6180.6 0.0
6180.9 0.0
6181.2 0.0
6181.5 0.0
6181.8 0.0
6182.1 0.0
6182.4 0.0
6182.7 0.0
6183.0 0.0
6183.3 0.0
6183.6 0.0
6183.9 0.0
6184.2 0.0
6184.5 0.0
6184.8 0.0
6185.1 0.0
6185.4 0.0
6185.7 0.0
6186.0 0.0
6186.3 0.0
6186.6 0.0
6186.9 0.0
6187.2 0.0
6187.5 0.0
6187.8 0.0
6188.1 0.0
6188.4 0.0
6188.7 0.0
6189.0 0.0
6189.3 0.0
6189.6 0.0
6189.9 0.0
6190.2 0.0
6190.5 1.8135093450546265
6190.8 273.6906991004944
6191.1 276.7257614135742
6191.4 64.47048524022102
6191.7 91.9828770160675
6192.0 415.30777311325073
6192.3 248.1395778656006
6192.6 462.5850639343262
6192.9 38.2014626711607
6193.2 172.70621702075005
6193.5 218.06993113458157
6193.8 702.8230150938034
6194.1 591.035050958395
6194.4 479.6854311749339
6194.7 256.29421347379684
6195.0 192.35463014245033
6195.3 145.03147603571415
6195.6 405.83080092072487
6195.9 579.2535090446472
6196.2 785.5650134906173
6196.5 479.1726093366742
6196.8 306.82128098607063
6197.1 165.50182616710663
6197.4 497.4599092230201
6197.7 420.9913524389267
6198.0 -30.90055936574936
6198.3 508.63993941247463
6198.6 355.6813633143902
6198.9 436.3063823012635
6199.2 698.8202732801437
6199.5 412.87091429531574
6199.8 198.20311760902405
6200.1 141.53491540253162
6200.4 103.5676080584526
6200.7 692.1117728054523
6201.0 369.16583486646414
6201.3 259.86400961875916
6201.6 602.8981779804453
6201.9 871.1580689400434
6202.2 438.0007328540087
6202.5 783.6986434459686
6202.8 369.30744667351246
6203.1 179.20719395577908
6203.4 92.14990665018559
6203.7 502.2491152584553
6204.0 284.6435244232416
6204.3 483.26872699707747
6204.6 455.262772411108
6204.9 334.71813625097275
6205.2 377.9045670926571
6205.5 164.6891437470913
6205.8 178.57203355431557
6206.1 585.4798039495945
6206.4 319.52993324398994
6206.7 115.79426127672195
6207.0 606.5098643600941
6207.3 445.3599211573601
6207.6 384.40785041451454
6207.9 536.7435040026903
6208.2 176.1836146339774
6208.5 171.02771764993668
6208.8 116.52627115696669
6209.1 360.13841277360916
6209.4 185.3951929807663
6209.7 29.60276883840561
6210.0 449.4410626068711
6210.3 699.7255951166153
6210.6 681.1891378760338
6210.9 380.9009494241327
6211.2 529.1335661709309
6211.5 470.29151833057404
6211.8 620.9406379759312
6212.1 465.60172963887453
6212.4 271.44596725702286
6212.7 496.2559496164322
6213.0 809.3933915868402
6213.3 378.4822010397911
6213.6 207.01016756892204
6213.9 630.162187948823
6214.2 699.0190408714116
6214.5 258.18371386802755
6214.8 146.9040892571211
6215.1 244.4764744117856
6215.4 400.1223138999194
6215.7 245.37239740788937
6216.0 201.3526549935341
6216.3 400.3434807434678
6216.6 276.5444893836975
6216.9 679.8928959034383
6217.2 472.09677417576313
6217.5 423.1058220267296
6217.8 593.5524240732193
6218.1 366.807603251189
6218.4 392.7673662304878
6218.7 630.6476734485477
6219.0 725.6716907629743
6219.3 626.5694603174925
6219.6 319.2147587314248
6219.9 400.78700993955135
6220.2 564.9072770625353
6220.5 437.2588794603944
6220.8 827.412900030613
6221.1 964.8365946412086
6221.4 612.7383309900761
6221.7 979.9764829203486
6222.0 619.8323090560734
6222.3 509.3018754720688
6222.6 778.0218182355165
6222.9 290.8676381316036
6223.2 -154.720312776044
6223.5 139.25972995907068
6223.8 428.9323406368494
6224.1 565.5154321715236
6224.4 228.0749108940363
6224.7 242.9009776711464
6225.0 382.13125325739384
6225.3 397.41329860687256
6225.6 621.8208000510931
6225.9 111.18905606865883
6226.2 -62.874970473349094
6226.5 77.34410205483437
6226.8 405.5295884758234
6227.1 286.81514272093773
6227.4 324.5143029689789
6227.7 254.85295024514198
6228.0 524.7481199502945
6228.3 644.5887603163719
6228.6 580.5414147078991
6228.9 390.60444409027696
6229.2 370.0437043365091
6229.5 357.87025970220566
6229.8 586.3379412293434
6230.1 634.2363248765469
6230.4 224.66311457566917
6230.7 212.72154162824154
6231.0 474.12237583100796
6231.3 608.0184822529554
6231.6 267.77212222479284
6231.9 288.8155982270837
6232.2 263.7178491577506
6232.5 323.60947704315186
6232.8 253.98622196912766
6233.1 915.5332956761122
6233.4 597.8030971121043
6233.7 701.6203336268663
6234.0 651.6607448011637
6234.3 887.7585515081882
6234.6 882.5470168590546
6234.9 1073.3401389606297
6235.2 984.8368176519871
6235.5 1115.724029302597
6235.8 1021.8438837900758
6236.1 732.8198275119066
6236.4 128.50083908438683
6236.7 815.0713237971067
6237.0 339.0741002559662
6237.3 533.3793808594346
6237.6 520.8055966198444
6237.9 308.8920257464051
6238.2 466.4901104569435
6238.5 411.6969056725502
6238.8 168.96456344146281
6239.1 451.074366286397
6239.4 358.55906876176596
6239.7 579.1637010574341
6240.0 573.7791937589645
6240.3 445.0258567929268
6240.6 538.5549555402249
6240.9 477.9245530962944
6241.2 354.63107139617205
6241.5 403.8472603112459
6241.8 655.3305665850639
6242.1 51.23552259802818
6242.4 716.4751862883568
6242.7 390.9370535314083
6243.0 427.93808767199516
6243.3 526.8134503662586
6243.6 750.4316704571247
6243.9 400.61672204732895
6244.2 349.4301425013691
6244.5 315.34448397159576
6244.8 377.38204899430275
6245.1 359.4672972745029
6245.4 186.25321081280708
6245.7 414.9364612698555
6246.0 533.8648207485676
6246.3 303.16947024315596
6246.6 89.5710738771595
6246.9 336.80891279224306
6247.2 344.9684512168169
6247.5 722.1163850724697
6247.8 575.2899171859026
6248.1 551.3117550611496
6248.4 436.05947460234165
6248.7 281.34197125583887
6249.0 391.09533513337374
6249.3 510.4275713413954
6249.6 266.9714313223958
6249.9 182.4129267334938
6250.2 422.74801874160767
6250.5 395.465709656477
6250.8 245.48618093132973
6251.1 295.49384293705225
6251.4 350.5401510260999
6251.7 308.80554623901844
6252.0 583.159442871809
6252.3 152.24060210585594
6252.6 349.6229104846716
6252.9 498.35713113844395
6253.2 281.278117865324
6253.5 567.6006366461515
6253.8 529.3470301032066
6254.1 202.0216148942709
6254.4 479.2811530828476
6254.7 450.69626212120056
6255.0 507.9441225081682
6255.3 653.9548675119877
6255.6 318.64122319221497
6255.9 572.2025458577555
6256.2 668.9768250882626
6256.5 261.39813074469566
6256.8 652.2255084216595
6257.1 1077.5880624875426
6257.4 655.5632377192378
6257.7 629.9223760617897
6258.0 1124.1096709556878
6258.3 1005.7907416820526
6258.6 587.1157418265939
6258.9 754.9249848108739
6259.2 287.3589720670134
6259.5 215.63455715030432
6259.8 2.4183711260557175
6260.1 293.467255204916
6260.4 278.1406500637531
6260.7 515.0892926454544
6261.0 835.4948841743171
6261.3 438.7603600770235
6261.6 324.5084041059017
6261.9 -105.6589830070734
6262.2 294.4528875797987
6262.5 315.58858965337276
6262.8 438.45467261970043
6263.1 128.89949226379395
6263.4 -71.7653079032898
6263.7 320.99853859841824
6264.0 574.9826266765594
6264.3 798.5288571417332
6264.6 652.0883253514767
6264.9 371.7885835021734
6265.2 600.0110092759132
6265.5 192.7646711692214
6265.8 26.33547760732472
6266.1 352.5894547253847
6266.4 137.02857101336122
6266.7 44.77677031978965
6267.0 94.0024388730526
6267.3 94.57541461382061
6267.6 260.86584620177746
6267.9 134.2952564060688
6268.2 280.3509986847639
6268.5 104.75550729036331
6268.8 295.6453806459904
6269.1 615.0403943359852
6269.4 192.3804483860731
6269.7 118.1344650387764
6270.0 578.162438120693
6270.3 528.4017664045095
6270.6 458.376697152853
6270.9 289.8729826826602
6271.2 458.88486454822123
6271.5 411.7488765716553
6271.8 298.1943653617054
6272.1 594.856493294239
6272.4 326.7503808736801
6272.7 388.44144827872515
6273.0 314.21135376393795
6273.3 371.69603580236435
6273.6 168.07445858605206
6273.9 56.46304415538907
6274.2 -9.087302077561617
6274.5 235.9639173746109
6274.8 379.83398949354887
6275.1 212.3546479344368
6275.4 169.94458163855597
6275.7 239.53768622130156
6276.0 265.99448435753584
6276.3 287.95295065641403
6276.6 221.6029130257666
6276.9 342.07594230771065
6277.2 577.2681659674272
6277.5 535.7668386138976
6277.8 291.34677817998454
6278.1 117.42580246180296
6278.4 384.9961258172989
6278.7 539.8317172639072
6279.0 102.60926530137658
6279.3 214.06673572101863
6279.6 300.600154787302
6279.9 302.0887652039528
6280.2 312.58695919811726
6280.5 24.82386414706707
6280.8 31.1311840005219
6281.1 252.36530078854412
6281.4 199.3867675215006
6281.7 338.22595722973347
6282.0 383.5523514151573
6282.3 351.55409783124924
6282.6 248.15530675649643
6282.9 519.3919478952885
6283.2 570.4709626436234
6283.5 365.6977808699012
6283.8 396.73105688393116
6284.1 447.3671924844384
6284.4 504.1854490954429
6284.7 233.94048723578453
6285.0 159.29014833271503
6285.3 604.3594294190407
6285.6 341.4336274564266
6285.9 338.70520958304405
6286.2 524.5782833844423
6286.5 932.5079538524151
6286.8 444.9862326234579
6287.1 340.29601234197617
6287.4 992.0273095667362
6287.7 854.5639070868492
6288.0 336.1109542697668
6288.3 380.73833982646465
6288.6 236.7928276285529
6288.9 89.39018294215202
6289.2 533.5052814781666
6289.5 498.9087552577257
6289.8 192.40630520135164
6290.1 18.90004074573517
6290.4 22.279120296239853
6290.7 361.50446017086506
6291.0 458.03643821179867
6291.3 -6.092335373163223
6291.6 -359.8682196466252
6291.9 166.3852480649948
6292.2 573.5305122390855
6292.5 447.97969949245453
6292.8 448.566169090569
6293.1 379.71948109567165
6293.4 176.0098497569561
6293.7 8.834909278899431
6294.0 646.0426993146539
6294.3 115.63666009157896
6294.6 -103.76506508141756
6294.9 117.97124797105789
6295.2 48.97308328747749
6295.5 601.7482172399759
6295.8 763.8577232435346
6296.1 136.53578972816467
6296.4 294.4577531814575
6296.7 330.19237403571606
6297.0 315.2337338998914
6297.3 674.6785019412637
6297.6 159.79894733428955
6297.9 118.76447155326605
6298.2 502.1310209482908
6298.5 1207.6841625869274
6298.8 880.0704807043076
6299.1 10294.698543548584
6299.4 13029.593887329102
6299.7 -806.5852331221104
6300.0 489.59749698638916
6300.3 16404.523529052734
6300.6 7798.465288877487
6300.9 373.226297557354
6301.2 548.6503831744194
6301.5 428.8812176324427
6301.8 115.29455637931824
6302.1 326.2053193375468
6302.4 430.6552669405937
6302.7 491.2637537121773
6303.0 151.75735523551702
6303.3 405.4110696949065
6303.6 383.36223880946636
6303.9 372.15724021196365
6304.2 522.7025622855872
6304.5 404.78965063393116
6304.8 467.69032883644104
6305.1 402.05942203104496
6305.4 174.08064511418343
6305.7 614.7815820872784
6306.0 799.750249505043
6306.3 417.01719968020916
6306.6 893.457650989294
6306.9 844.004937261343
6307.2 501.92727518081665
6307.5 386.3158683180809
6307.8 411.52729453518987
6308.1 348.9378722459078
6308.4 135.99823238700628
6308.7 73.48943451046944
6309.0 409.778885692358
6309.3 206.47503244876862
6309.6 414.3006793856621
6309.9 276.2595537751913
6310.2 327.56269676983356
6310.5 638.3753904700279
6310.8 320.4462229758501
6311.1 23.72608056664467
6311.4 269.3061844855547
6311.7 292.82690986059606
6312.0 413.4496335759759
6312.3 319.14610635489225
6312.6 165.6672969069332
6312.9 388.17374831438065
6313.2 376.2979539036751
6313.5 264.3645685836673
6313.8 241.28732064645737
6314.1 404.4985775798559
6314.4 400.0195269882679
6314.7 283.4259916674346
6315.0 291.6757901906967
6315.3 146.37407485954463
6315.6 170.67831380665302
6315.9 92.08648400008678
6316.2 257.39908646885306
6316.5 420.169356521219
6316.8 452.47646952653304
6317.1 251.864229246974
6317.4 83.06105002015829
6317.7 6.875939384102821
6318.0 197.08750355243683
6318.3 349.1049023345113
6318.6 96.22929581999779
6318.9 35.55280726775527
6319.2 285.2207482159138
6319.5 454.21992295980453
6319.8 49.498013727366924
6320.1 321.75840550661087
6320.4 674.7241273969412
6320.7 780.2102337777615
6321.0 694.7584711164236
6321.3 590.0330166220665
6321.6 429.5539931803942
6321.9 234.56910341978073
6322.2 462.87505169957876
6322.5 3.6615564823150635
6322.8 389.20978224277496
6323.1 584.118266299367
6323.4 457.90829189121723
6323.7 256.03318462334573
6324.0 114.8858472853899
6324.3 362.2424096465111
6324.6 428.9714279733598
6324.9 584.9320942759514
6325.2 334.87599877268076
6325.5 441.36515909433365
6325.8 537.2635684013367
6326.1 111.82202241010964
6326.4 326.10168558359146
6326.7 117.4455229640007
6327.0 388.94600746035576
6327.3 475.9079997520894
6327.6 196.24647662043571
6327.9 464.1793486773968
6328.2 313.9981958270073
6328.5 331.5147537216544
6328.8 850.0478490591049
6329.1 581.4996602982283
6329.4 474.6371336132288
6329.7 941.2653083503246
6330.0 664.8510950058699
6330.3 257.33078657090664
6330.6 107.96196395158768
6330.9 48.678611911833286
6331.2 44.515014708042145
6331.5 115.41887918114662
6331.8 166.3947775065899
6332.1 155.78662876412272
6332.4 128.80080292839557
6332.7 421.0580124557018
6333.0 437.15386082977057
6333.3 246.4167541116476
6333.6 396.87743109464645
6333.9 491.19656121730804
6334.2 275.6910649314523
6334.5 238.74576151371002
6334.8 310.53649616241455
6335.1 228.54295023530722
6335.4 274.2558719217777
6335.7 541.195469327271
6336.0 691.2230961024761
6336.3 21.655055448412895
6336.6 71.41165898740292
6336.9 293.3833956196904
6337.2 219.0091400295496
6337.5 497.41455252468586
6337.8 128.3378810789436
6338.1 38.38637059926987
6338.4 442.29293033853173
6338.7 355.9668245334178
6339.0 377.1822782754898
6339.3 238.35521787405014
6339.6 -119.36996047385037
6339.9 216.22980591282248
6340.2 375.4891879186034
6340.5 64.4589247405529
6340.8 562.396791189909
6341.1 169.13199154287577
6341.4 230.7475602850318
6341.7 238.87746785581112
6342.0 297.967391744256
6342.3 431.6054005846381
6342.6 295.9437819197774
6342.9 295.6311839297414
6343.2 517.8548474479467
6343.5 611.228450268507
6343.8 272.3478152602911
6344.1 80.52946175634861
6344.4 150.62973960489035
6344.7 177.53248158842325
6345.0 214.4487408399582
6345.3 418.682874083519
6345.6 210.5957930702716
6345.9 213.532217271626
6346.2 311.362521706149
6346.5 302.40837121754885
6346.8 -3.0052486956119537
6347.1 246.44561862945557
6347.4 304.7352203950286
6347.7 395.25152243860066
6348.0 419.14849840663373
6348.3 352.10304898768663
6348.6 490.1551664248109
6348.9 419.2101825028658
6349.2 91.96213910356164
6349.5 67.7144278883934
6349.8 243.10895565524697
6350.1 229.58748687803745
6350.4 151.26032862998545
6350.7 478.86399910226464
6351.0 382.8207440376282
6351.3 274.2959733083844
6351.6 26.1438702987507
6351.9 65.7655396386981
6352.2 -9.977796629071236
6352.5 425.03593070432544
6352.8 333.97627840563655
6353.1 135.84622105734888
6353.4 -88.08680559322238
6353.7 153.88317558914423
6354.0 461.57676657289267
6354.3 130.18554927408695
6354.6 112.42475259304047
6354.9 102.89700930938125
6355.2 403.68665993213654
6355.5 753.4818997383118
6355.8 279.40392484515905
6356.1 641.160136282444
6356.4 712.9367662072182
6356.7 470.7012384161353
6357.0 123.93165675923228
6357.3 430.40744933485985
6357.6 481.2650856971741
6357.9 335.74484442174435
6358.2 169.81961514428258
6358.5 183.49381398549303
6358.8 43.78300616145134
6359.1 308.4037253931165
6359.4 349.85350999236107
6359.7 356.8964064717293
6360.0 590.4344213139266
6360.3 578.5904964506626
6360.6 609.1037948280573
6360.9 449.24510196596384
6361.2 534.667483696714
6361.5 331.42860120534897
6361.8 381.6361643373966
6362.1 288.62126764445566
6362.4 642.4091013818979
6362.7 3863.0057401657104
6363.0 1953.8183202892542
6363.3 -2210.858814686537
6363.6 3036.082710891962
6363.9 4908.286159515381
6364.2 1767.9458275139332
6364.5 136.36571906507015
6364.8 632.9369522482157
6365.1 248.07773283775896
6365.4 180.3382147848606
6365.7 411.12807128950953
6366.0 106.03641585633159
6366.3 -1.9435378015041351
6366.6 127.94845376908779
6366.9 212.48269248567522
6367.2 115.47244165092707
6367.5 17.142079774290323
6367.8 -338.0056156516075
6368.1 31.34250906854868
6368.4 293.8588294610381
6368.7 455.878063082695
6369.0 207.4304366025608
6369.3 352.8644475247711
6369.6 232.35312319314107
6369.9 364.8503573946655
6370.2 110.077373072505
6370.5 -8.398683354258537
6370.8 149.20673656836152
6371.1 406.6135326400399
6371.4 373.9572730027139
6371.7 330.4018168449402
6372.0 187.94959750631824
6372.3 334.6978591773659
6372.6 262.7542497366667
6372.9 215.12582325935364
6373.2 209.09215319156647
6373.5 264.68265724927187
6373.8 486.74398146697786
6374.1 462.457164272666
6374.4 205.81396508216858
6374.7 72.42006438970566
6375.0 80.0319290086627
6375.3 105.36039031296968
6375.6 121.81083803996444
6375.9 137.1427109837532
6376.2 194.79113265872002
6376.5 140.56064376421273
6376.8 89.86266145855188
6377.1 4.418182626366615
6377.4 540.3635390996933
6377.7 301.31898702308536
6378.0 369.78187669813633
6378.3 310.3813972771168
6378.6 246.44291188567877
6378.9 373.3482937142253
6379.2 58.23000828921795
6379.5 325.4700241461396
6379.8 263.54540809988976
6380.1 265.96572547219694
6380.4 61.43196625262499
6380.7 25.932672053575516
6381.0 141.18995228782296
6381.3 93.36092271283269
6381.6 156.42889693379402
6381.9 365.7611542381346
6382.2 395.909934386611
6382.5 99.87758335471153
6382.8 65.14257653057575
6383.1 141.7640681155026
6383.4 107.68848041445017
6383.7 155.75145463645458
6384.0 178.69036707282066
6384.3 368.54477590322495
6384.6 529.5857997685671
6384.9 213.50806636363268
6385.2 219.81740286946297
6385.5 327.1626344025135
6385.8 122.86147855222225
6386.1 -286.22514697909355
6386.4 215.98443341255188
6386.7 250.29603946208954
6387.0 -14.76664713025093
6387.3 193.03443470597267
6387.6 172.54399637971073
6387.9 3.949194371700287
6388.2 5.513760826550424
6388.5 270.58505779504776
6388.8 -17.757319658994675
6389.1 316.37634994089603
6389.4 349.3497009947896
6389.7 382.68414068222046
6390.0 380.7750896513462
6390.3 473.34996005892754
6390.6 589.940587580204
6390.9 630.5972719490528
6391.2 339.01142455637455
6391.5 171.1309970319271
6391.8 240.520408436656
6392.1 277.51918122172356
6392.4 554.668780490756
6392.7 576.816668689251
6393.0 716.5114632248878
6393.3 652.9953820775263
6393.6 882.4020423293114
6393.9 631.789421249181
6394.2 769.144135132432
6394.5 1127.9662699103355
6394.8 1360.999344110489
6395.1 913.4678954184055
6395.4 489.31980243325233
6395.7 670.2056105732918
6396.0 458.18527165055275
6396.3 546.225969100371
6396.6 696.3084118627012
6396.9 545.470174819231
6397.2 332.1566401720047
6397.5 410.05934323370457
6397.8 170.09795170277357
6398.1 404.1261328756809
6398.4 273.3869711905718
6398.7 670.9984451234341
6399.0 509.2054454907775
6399.3 411.277544548735
6399.6 393.2831687927246
6399.9 7.904561184346676
6400.2 281.32296623289585
6400.5 326.1026027686894
6400.8 186.9235275592655
6401.1 52.61731520295143
6401.4 399.69793102145195
6401.7 385.2990953326225
6402.0 165.39761924743652
6402.3 367.8309357315302
6402.6 52.14969581365585
6402.9 -0.24004431813955307
6403.2 367.2808820400387
6403.5 510.57603607326746
6403.8 270.17637070454657
6404.1 308.6271538436413
6404.4 167.32926696538925
6404.7 -5.0647627748548985
6405.0 335.33226162940264
6405.3 384.8287085443735
6405.6 407.9814506173134
6405.9 238.15702415257692
6406.2 85.14564034342766
6406.5 341.809092849493
6406.8 485.56429709494114
6407.1 388.5982139110565
6407.4 490.95773762464523
6407.7 486.0607480406761
6408.0 299.22027499973774
6408.3 161.765695348382
6408.6 324.097255051136
6408.9 319.6946579464711
6409.2 152.54810890555382
6409.5 273.1023143623024
6409.8 145.19781520962715
6410.1 105.34217148646712
6410.4 92.20972930639982
6410.7 -52.58567288517952
6411.0 -67.36980697512627
6411.3 200.8392240330577
6411.6 201.67686343193054
6411.9 231.6518869549036
6412.2 306.18000850081444
6412.5 260.6572372633964
6412.8 563.4896570593119
6413.1 168.95680853910744
6413.4 29.901024132966995
6413.7 364.3676853235811
6414.0 76.12112350016832
6414.3 69.05724574625492
6414.6 -102.89487786591053
6414.9 -207.97666093707085
6415.2 506.12851832807064
6415.5 422.22057470679283
6415.8 524.4581855982542
6416.1 304.6303516700864
6416.4 272.0513715147972
6416.7 75.9377483278513
6417.0 110.78067497164011
6417.3 300.54444843158126
6417.6 353.5686678290367
6417.9 228.62402364611626
6418.2 299.9597980938852
6418.5 259.5318012833595
6418.8 26.560492657124996
6419.1 268.5980070270598
6419.4 276.43342969194055
6419.7 176.86195601150393
6420.0 20.132193637546152
6420.3 246.7840799987316
6420.6 30.577401117188856
6420.9 210.76221389696002
6421.2 337.2470995634794
6421.5 -75.96793842688203
6421.8 -220.2661827839911
6422.1 111.5302572324872
6422.4 140.49909208528697
6422.7 -40.45494971424341
6423.0 22.116595566272736
6423.3 2.8125112084671855
6423.6 295.0872379541397
6423.9 60.769377648830414
6424.2 43.861396837979555
6424.5 158.793638586998
6424.8 -39.650995794683695
6425.1 -41.92966204881668
6425.4 258.82536794245243
6425.7 51.26250222325325
6426.0 162.08814242482185
6426.3 155.31977412104607
6426.6 -107.93548433482647
6426.9 -1.3992347121238708
6427.2 203.54684006422758
6427.5 131.44925714470446
6427.8 93.62631069123745
6428.1 224.5752085922286
6428.4 156.6962183774449
6428.7 99.26901066303253
6429.0 107.72581377625465
6429.3 78.03081125020981
6429.6 224.49990160763264
6429.9 418.60965176671743
6430.2 255.0626087114215
6430.5 264.74424271285534
6430.8 217.14148252643645
6431.1 362.7364494949579
6431.4 373.528108894825
6431.7 80.69796762242913
6432.0 90.69856840372086
6432.3 58.111344708129764
6432.6 426.97527983784676
6432.9 403.27924862504005
6433.2 326.57973824068904
6433.5 34.254723981022835
6433.8 -87.96684420108795
6434.1 34.390717312693596
6434.4 -118.55343776987866
6434.7 133.16357953846455
6435.0 -221.6974848099053
6435.3 -123.70881609618664
6435.6 125.76317891478539
6435.9 248.50633637607098
6436.2 244.92061838507652
6436.5 261.75427544116974
6436.8 -88.52958825230598
6437.1 106.7637649178505
6437.4 291.5329202413559
6437.7 143.60767388157547
6438.0 -219.18540793657303
6438.3 -161.55393156409264
6438.6 -66.05488945543766
6438.9 -3.1728354021906853
6439.2 36.23507936298847
6439.5 -101.34428523108363
6439.8 146.67865774035454
6440.1 574.4399576187134
6440.4 361.0972688347101
6440.7 126.81914991140366
6441.0 238.6314608156681
6441.3 262.1337671652436
6441.6 330.12439827620983
6441.9 343.3387358188629
6442.2 230.9823366701603
6442.5 257.84831893257797
6442.8 403.85514829400927
6443.1 138.1864392235875
6443.4 -24.470095068216324
6443.7 -92.88883377052844
6444.0 -8.058586329221725
6444.3 94.37769816815853
6444.6 -36.427374601364136
6444.9 29.28326677158475
6445.2 170.17130023241043
6445.5 123.42244049208239
6445.8 186.69760479405522
6446.1 164.99087899923325
6446.4 -64.80333347339183
6446.7 136.48434632830322
6447.0 611.3401759117842
6447.3 350.94653230253607
6447.6 241.34083485975862
6447.9 103.61757218837738
6448.2 192.8992144651711
6448.5 107.68129272328224
6448.8 -230.23526087403297
6449.1 59.76747953146696
6449.4 -41.06434504687786
6449.7 167.08620515465736
6450.0 87.84803669154644
6450.3 -229.1102101802826
6450.6 244.80340926349163
6450.9 218.59841740131378
6451.2 83.4201077669859
6451.5 -35.740795937832445
6451.8 409.9630631953478
6452.1 247.54515399038792
6452.4 -84.96363425254822
6452.7 195.4184835627675
6453.0 244.46496637910604
6453.3 205.1974207162857
6453.6 362.10370296239853
6453.9 373.7814801335335
6454.2 137.35883939266205
6454.5 175.7562711108476
6454.8 -5.668921798467636
6455.1 -228.84874822199345
6455.4 170.508270541206
6455.7 332.3088711500168
6456.0 434.244199199602
6456.3 379.83088363334537
6456.6 324.5080248489976
6456.9 53.99114194512367
6457.2 342.33800137043
6457.5 306.30019526183605
6457.8 164.46637807786465
6458.1 -64.91821834445
6458.4 369.5090051293373
6458.7 222.2762038372457
6459.0 262.38678789138794
6459.3 404.67790265381336
6459.6 309.5604947116226
6459.9 128.68571601435542
6460.2 95.66621956974268
6460.5 145.9066081494093
6460.8 161.3280969876796
6461.1 275.1180084873922
6461.4 209.86813947558403
6461.7 135.07108581066132
6462.0 288.7321700430475
6462.3 194.82229004055262
6462.6 -134.59098678827286
6462.9 71.32900667190552
6463.2 246.23572850227356
6463.5 146.64820494875312
6463.8 171.50635693967342
6464.1 211.08236881252378
6464.4 266.2527142800391
6464.7 317.06715044379234
6465.0 246.1691076643765
6465.3 -207.45829406380653
6465.6 30.654144970700145
6465.9 621.4557546824217
6466.2 528.2694753286196
6466.5 369.7947994056158
6466.8 444.829011246562
6467.1 4.181510666385293
6467.4 24.625250162556767
6467.7 66.5206677466631
6468.0 59.227043099701405
6468.3 -100.9801194947213
6468.6 103.06256812810898
6468.9 387.01248510554433
6469.2 173.68338763713837
6469.5 -38.48552957177162
6469.8 92.51195117458701
6470.1 -100.31741164810956
6470.4 259.49091435037553
6470.7 85.56707614660263
6471.0 241.38173285126686
6471.3 93.6829557219753
6471.6 223.94345658272505
6471.9 339.1332160830498
6472.2 19.82421538233757
6472.5 35.669585071504116
6472.8 85.51472021639347
6473.1 174.09449902176857
6473.4 33.17583069950342
6473.7 121.73407026939094
6474.0 205.6393504384905
6474.3 123.41046589426696
6474.6 41.24021451175213
6474.9 126.33599883969873
6475.2 318.95128321647644
6475.5 157.15645939856768
6475.8 -43.813981771469116
6476.1 -213.01530161499977
6476.4 92.79970714449883
6476.7 163.66790572192986
6477.0 169.50246177613735
6477.3 256.2290851259604
6477.6 200.0723649971187
6477.9 -2.6932338755577803
6478.2 -145.39671820774674
6478.5 24.27805877290666
6478.8 48.784480296075344
6479.1 123.03877785429358
6479.4 -19.082781497389078
6479.7 159.14517908543348
6480.0 297.59581220149994
6480.3 106.21418761089444
6480.6 -16.753396325628273
6480.9 323.52120968699455
6481.2 274.45809987187386
6481.5 243.7092915722169
6481.8 254.84589932858944
6482.1 -164.69189075380564
6482.4 113.5696529103443
6482.7 16.420992424711585
6483.0 -86.60478204488754
6483.3 -34.829878494143486
6483.6 127.31286089867353
6483.9 116.60158725082874
6484.2 91.18324394524097
6484.5 -8.799635477364063
6484.8 -45.937069221166894
6485.1 -48.01997311972082
6485.4 106.82181519269943
6485.7 63.97727502370253
6486.0 311.84259071201086
6486.3 69.11329899728298
6486.6 -91.92670813947916
6486.9 30.719370648264885
6487.2 -200.4845863878727
6487.5 46.63084989786148
6487.8 64.40707965940237
6488.1 -34.365556235890836
6488.4 245.73717320058495
6488.7 28.098266392946243
6489.0 -163.74242097139359
6489.3 146.90543438494205
6489.6 421.3042855858803
6489.9 130.93505838513374
6490.2 44.5726415514946
6490.5 85.9804662913084
6490.8 19.33773972839117
6491.1 226.2854645019397
6491.4 35.11947947740555
6491.7 39.14800921268761
6492.0 248.40520080924034
6492.3 191.93778156489134
6492.6 236.80262774974108
6492.9 -39.36169642210007
6493.2 -46.866633012890816
6493.5 116.72548935562372
6493.8 127.30921619385481
6494.1 -22.56253881007433
6494.4 -63.60596688836813
6494.7 95.84247675538063
6495.0 191.16285440698266
6495.3 57.07441144436598
6495.6 108.81514074653387
6495.9 196.2417465224862
6496.2 16.250472113490105
6496.5 187.2954110763967
6496.8 345.7198563446291
6497.1 89.41659113019705
6497.4 -24.171949742361903
6497.7 552.8371009230614
6498.0 214.16126829385757
6498.3 46.56465017423034
6498.6 102.58378482609987
6498.9 253.0584951043129
6499.2 14.980331018567085
6499.5 -240.4549522101879
6499.8 45.185990899801254
6500.1 44.32310423254967
6500.4 284.4810097962618
6500.7 206.38725359737873
6501.0 -13.117773175239563
6501.3 40.78169172722846
6501.6 162.2851643189788
6501.9 171.91948786377907
6502.2 161.8661948889494
6502.5 -51.37780548632145
6502.8 -23.42475612089038
6503.1 191.3003955334425
6503.4 45.31621837709099
6503.7 245.84130319952965
6504.0 152.67026256397367
6504.3 270.5488866455853
6504.6 327.60628836788237
6504.9 167.56630907580256
6505.2 227.35650199186057
6505.5 -106.18312358856201
6505.8 -204.4795649498701
6506.1 -17.594983838498592
6506.4 46.46458614803851
6506.7 12.914484817534685
6507.0 72.24476942420006
6507.3 252.53761368989944
6507.6 178.73820513486862
6507.9 -1.0931999534368515
6508.2 -11.693610459566116
6508.5 305.61234049499035
6508.8 259.9767574761063
6509.1 32.79393312335014
6509.4 -19.434656780213118
6509.7 -32.61405557021499
6510.0 -58.13267604075372
6510.3 -77.4062402099371
6510.6 -20.872836738824844
6510.9 61.072409719228745
6511.2 164.0177285671234
6511.5 -70.49764283373952
6511.8 134.08483140170574
6512.1 32.66722470521927
6512.4 134.64184418320656
6512.7 -37.54378850013018
6513.0 -50.479820454027504
6513.3 -4.533620268106461
6513.6 -126.77956225106027
6513.9 -83.37821432203054
6514.2 -52.66101744025946
6514.5 79.71301072835922
6514.8 296.9276732504368
6515.1 334.5980176385492
6515.4 173.90267594176112
6515.7 68.17310346942395
6516.0 136.28357028961182
6516.3 27.32366207242012
6516.6 30.447804749011993
6516.9 14.369285664986819
6517.2 76.39180781506002
6517.5 121.61879452317953
6517.8 141.87201502919197
6518.1 -102.60264849662781
6518.4 -186.27772642672062
6518.7 -278.25844652950764
6519.0 -29.794091183692217
6519.3 -20.98851223476231
6519.6 -107.46094163134694
6519.9 138.63322618603706
6520.2 87.36663246713579
6520.5 -141.1545526087284
6520.8 106.27602468430996
6521.1 -42.207668244838715
6521.4 -121.77299837209284
6521.7 90.29968368262053
6522.0 -120.29147300124168
6522.3 -184.00729233026505
6522.6 -94.37201926857233
6522.9 138.96841749548912
6523.2 84.67932710424066
6523.5 -110.6546311378479
6523.8 -52.52695582807064
6524.1 13.148874893784523
6524.4 115.03940598666668
6524.7 9.14070500433445
6525.0 43.831974322965834
6525.3 181.48584258556366
6525.6 282.72168670222163
6525.9 252.37610624730587
6526.2 177.67808286845684
6526.5 106.29048624634743
6526.8 253.23088824748993
6527.1 257.0277408286929
6527.4 132.64766724407673
6527.7 254.48169364780188
6528.0 261.7487349510193
6528.3 157.62885500490665
6528.6 195.58450488409653
6528.9 49.297589495778084
6529.2 -302.0192104279995
6529.5 -262.20559580624104
6529.8 -62.18238881230354
6530.1 80.6103425770998
6530.4 111.31192187964916
6530.7 -98.09881833195686
6531.0 -53.885067880153656
6531.3 65.8708940949291
6531.6 -110.62159121222794
6531.9 227.0605230331421
6532.2 352.24821304902434
6532.5 242.24839910119772
6532.8 -47.69489598274231
6533.1 562.1821090392768
6533.4 377.4555429443717
6533.7 194.2183457389474
6534.0 278.5771150942892
6534.3 -80.08946723863482
6534.6 -29.932240396738052
6534.9 53.93716415762901
6535.2 -9.313261017203331
6535.5 -71.0431828093715
6535.8 102.28380063176155
6536.1 122.57765272259712
6536.4 53.571665585041046
6536.7 13.57257778942585
6537.0 88.45971307903528
6537.3 52.381801426410675
6537.6 7.122555274516344
6537.9 -199.35380969755352
6538.2 -168.2099543362856
6538.5 -9.12169111892581
6538.8 -150.2926359027624
6539.1 -233.02180576696992
6539.4 -102.05614247359335
6539.7 -245.1988650560379
6540.0 -113.28598544001579
6540.3 -178.65238063037395
6540.6 -219.68222703039646
6540.9 -55.382768869400024
6541.2 -40.01718235015869
6541.5 -56.26506827771664
6541.8 -279.8481190223247
6542.1 78.93047718517482
6542.4 385.82466109097004
6542.7 28.815422970801592
6543.0 -74.19136687065475
6543.3 -46.32523553073406
6543.6 300.87331085652113
6543.9 131.79312241449952
6544.2 -329.71234272420406
6544.5 -292.25168427824974
6544.8 -182.8481904938817
6545.1 18.792994992807508
6545.4 -69.79975870251656
6545.7 -123.96756920218468
6546.0 20.908486306667328
6546.3 14.314047749969177
6546.6 50.256824657320976
6546.9 179.91776735335588
6547.2 72.35266737639904
6547.5 206.36439886689186
6547.8 268.71536806970835
6548.1 11.856502920389175
6548.4 -183.8722361344844
6548.7 28.14740706421435
6549.0 276.81870690733194
6549.3 86.4390040487051
6549.6 200.39272361248732
6549.9 -211.9230074584484
6550.2 -15.14883378148079
6550.5 -53.97378947772086
6550.8 78.88458211347461
6551.1 190.8293696641922
6551.4 189.94600420445204
6551.7 214.20942260324955
6552.0 92.88075739145279
6552.3 44.25918336957693
6552.6 352.3780675679445
6552.9 92.27197783440351
6553.2 -388.8127919137478
6553.5 184.46545054763556
6553.8 90.21819403395057
6554.1 95.84682656824589
6554.4 -196.66375315189362
6554.7 -127.96705369651318
6555.0 100.20608186721802
6555.3 86.72969549149275
6555.6 -43.08489516377449
6555.9 -101.4092395156622
6556.2 -296.56134781613946
6556.5 87.57848310470581
6556.8 153.09114240296185
6557.1 47.03144080936909
6557.4 202.0642913915217
6557.7 -14.709829643368721
6558.0 -5.654804849997163
6558.3 35.14199377223849
6558.6 171.984762981534
6558.9 -105.20579338818789
6559.2 -181.2857617586851
6559.5 43.02580085396767
6559.8 43.408250510692596
6560.1 -50.565977871418
6560.4 -325.7177399210632
6560.7 -142.21016829833388
6561.0 76.4592826217413
6561.3 -85.31909780949354
6561.6 169.65819688141346
6561.9 227.89009668678045
6562.2 -18.18505898118019
6562.5 -335.19029350578785
6562.8 48.535727282986045
6563.1 111.37730076909065
6563.4 247.1008228957653
6563.7 263.19654554873705
6564.0 -47.61788502521813
6564.3 -273.3154062330723
6564.6 159.60675284266472
6564.9 86.52813635626808
6565.2 172.68564767716452
6565.5 -110.75679537653923
6565.8 -261.382428817451
6566.1 47.70473354309797
6566.4 -61.027725748717785
6566.7 144.28180014062673
6567.0 186.48628133162856
6567.3 -1.6689848005771637
6567.6 -130.09577995166183
6567.9 33.88018083572388
6568.2 47.61776104569435
6568.5 -86.82976965233684
6568.8 23.659086763858795
6569.1 175.7788007184863
6569.4 68.32975561544299
6569.7 -142.01556959748268
6570.0 -45.14984059333801
6570.3 -162.4929027967155
6570.6 -63.80335498042405
6570.9 54.58381564542651
6571.2 89.15547586977482
6571.5 -14.089064814150333
6571.8 24.806617572903633
6572.1 44.58300534170121
6572.4 103.33345577120781
6572.7 91.14003456383944
6573.0 55.931669786572456
6573.3 10.158556208014488
6573.6 -104.06192944943905
6573.9 161.52291138470173
6574.2 -18.58939331502188
6574.5 -17.502167601138353
6574.8 136.6213117390871
6575.1 156.55266808345914
6575.4 20.445384189486504
6575.7 -42.697144163772464
6576.0 -21.297005996108055
6576.3 220.08360666409135
6576.6 52.44993909448385
6576.9 -46.370193015784025
6577.2 73.22501785308123
6577.5 131.35910338163376
6577.8 102.46231331676245
6578.1 103.36952463537455
6578.4 -201.25081634521484
6578.7 1.370615305379033
6579.0 293.75229075551033
6579.3 190.9911676570773
6579.6 180.05007284134626
6579.9 -189.70180064067245
6580.2 3.469852425158024
6580.5 64.12068228423595
6580.8 -126.39651811867952
6581.1 -207.4106354266405
6581.4 -135.497224916704
6581.7 -93.3708203881979
6582.0 110.32590541243553
6582.3 -30.100690707564354
6582.6 -261.3559103310108
6582.9 172.45577067136765
6583.2 -162.77908992767334
6583.5 9.09828408062458
6583.8 90.06686230003834
6584.1 -84.10619288682938
6584.4 149.06820756196976
6584.7 109.47542063519359
6585.0 34.70995011925697
6585.3 60.63491586595774
6585.6 74.90393653605133
6585.9 -155.78930507600307
6586.2 -78.07890709489584
6586.5 35.224537960253656
6586.8 -0.47408393770456314
6587.1 -224.44981264322996
6587.4 -231.23227739334106
6587.7 -121.66051949188113
6588.0 -165.07990492880344
6588.3 -6.558275356888771
6588.6 155.05299250036478
6588.9 -100.78927032090724
6589.2 98.16377954185009
6589.5 388.4016537256539
6589.8 73.62242838740349
6590.1 -307.67536125332117
6590.4 -287.71245823055506
6590.7 -153.01325652003288
6591.0 -131.88355242460966
6591.3 53.44640642404556
6591.6 -72.89470450207591
6591.9 -137.93238998949528
6592.2 -22.949016489088535
6592.5 -120.57412414997816
6592.8 -109.91686916351318
6593.1 -126.05698611028492
6593.4 -144.79149090731516
6593.7 46.36794323474169
6594.0 100.22428585588932
6594.3 -13.698584035038948
6594.6 18.788603857159615
6594.9 96.64210088551044
6595.2 88.6974482908845
6595.5 -85.41108802007511
6595.8 -93.75906205177307
6596.1 -12.343454360961914
6596.4 166.75579468160868
6596.7 -45.31853277236223
6597.0 -10.105732560157776
6597.3 -236.81962685287
6597.6 -133.05873470567167
6597.9 -29.568177856504917
6598.2 -61.458816304802895
6598.5 253.79960328934249
6598.8 288.8350092768669
6599.1 -26.461792362853885
6599.4 -181.47607764229178
6599.7 -55.17429119348526
6600.0 -45.347701638937
6600.3 -20.306453708559275
6600.6 -27.584833823144436
6600.9 45.54590767621994
6601.2 -79.76904049515724
6601.5 91.83821800274745
6601.8 -345.8870117813349
6602.1 -122.2151790857315
6602.4 -133.99676993489265
6602.7 -137.99738402524963
6603.0 -43.43133306922391
6603.3 221.61126914061606
6603.6 -136.24909681081772
6603.9 -4.989462550729513
6604.2 -61.85815232247114
6604.5 -119.51747747510672
6604.8 -276.6040591155179
6605.1 -170.0967836175114
6605.4 -361.8115665204823
6605.7 -42.28833693265915
6606.0 217.81266167387366
6606.3 86.19174268469214
6606.6 70.54726651310921
6606.9 -28.415192514657974
6607.2 -108.29056541621685
6607.5 -142.0713927783072
6607.8 -221.0148218423128
6608.1 80.50234095007181
6608.4 -104.12008287385106
6608.7 245.96806037425995
6609.0 279.8370887134224
6609.3 44.75962099432945
6609.6 -6.388950604945421
6609.9 194.78247357159853
6610.2 109.28630807995796
6610.5 198.6259965058416
6610.8 -11.686968266963959
6611.1 3.7803055439144373
6611.4 -73.85610123723745
6611.7 -140.55983534827828
6612.0 -87.2564802467823
6612.3 -58.640658996999264
6612.6 -24.206073369830847
6612.9 -127.18565507885069
6613.2 -254.0040692538023
6613.5 -54.04620970785618
6613.8 23.281922347843647
6614.1 -93.00264851748943
6614.4 -21.920989103615284
6614.7 29.049235209822655
6615.0 119.83930477499962
6615.3 48.0675779953599
6615.6 -97.26713533326983
6615.9 -83.49222203344107
6616.2 -145.48964639753103
6616.5 79.69853785634041
6616.8 -185.09129844605923
6617.1 -302.18339842557907
6617.4 28.767095774412155
6617.7 -155.15898513048887
6618.0 -156.4896509796381
6618.3 146.40250269602984
6618.6 35.68764214217663
6618.9 -37.588208831846714
6619.2 -58.48296605236828
6619.5 97.63952358067036
6619.8 150.1916877180338
6620.1 -64.65230518579483
6620.4 261.23434092849493
6620.7 112.97378248348832
6621.0 -118.2873330116272
6621.3 -195.68257653713226
6621.6 -63.29635886847973
6621.9 -125.82426084578037
6622.2 -256.15950921550393
6622.5 57.809722821228206
6622.8 -161.96070974692702
6623.1 -135.97523203864694
6623.4 7.692518509924412
6623.7 49.56120017170906
6624.0 -89.76810842752457
6624.3 9.090373538434505
6624.6 32.05425797402859
6624.9 -186.50940080732107
6625.2 -229.42481727711856
6625.5 -51.649877432733774
6625.8 -57.60668534040451
6626.1 3.4124586433172226
6626.4 -130.17014135420322
6626.7 5.148449182510376
6627.0 97.20246171951294
6627.3 -271.246983140707
6627.6 -40.444530211389065
6627.9 -83.60639953613281
6628.2 -152.79278496094048
6628.5 -18.764046012889594
6628.8 -168.4781575705856
6629.1 -106.62690775096416
6629.4 -2.802941028960049
6629.7 -37.958119466900826
6630.0 55.89509388059378
6630.3 -184.13917027413845
6630.6 -8.394438430666924
6630.9 169.7534749531187
6631.2 -255.60604975186288
6631.5 41.17009303718805
6631.8 21.256927993148565
6632.1 -7.140847325325012
6632.4 19.323504861444235
6632.7 10.72865404188633
6633.0 53.354121278971434
6633.3 -66.94344213604927
6633.6 -208.91539443284273
6633.9 -99.2069296836853
6634.2 -205.4633648097515
6634.5 -328.007199048996
6634.8 -221.22105792164803
6635.1 272.5998667861131
6635.4 -41.39293724298477
6635.7 -30.43112539499998
6636.0 107.84735931269825
6636.3 -50.731023505330086
6636.6 -180.61672547459602
6636.9 -183.95375715196133
6637.2 -312.51187674701214
6637.5 -215.34379360079765
6637.8 -157.319898173213
6638.1 -248.37541808187962
6638.4 -187.0524421557784
6638.7 3.0725740045309067
6639.0 207.6036827415228
6639.3 170.4107447862625
6639.6 232.77138900756836
6639.9 274.8777711838484
6640.2 188.32587383687496
6640.5 93.67055712640285
6640.8 156.6328285932541
6641.1 274.35753240436316
6641.4 261.6444101780653
6641.7 219.34398126602173
6642.0 123.05027145147324
6642.3 219.54147550277412
6642.6 165.7779870815575
6642.9 241.02848877757788
6643.2 115.46817725896835
6643.5 365.9819786250591
6643.8 193.74138947948813
6644.1 367.8804350942373
6644.4 539.3510158210993
6644.7 839.0529754534364
6645.0 530.7102934792638
6645.3 611.6231627464294
6645.6 484.4990084543824
6645.9 737.2879305742681
6646.2 742.4599446058273
6646.5 519.7798676490784
6646.8 677.8914732187986
6647.1 866.4902242273092
6647.4 778.9749775007367
6647.7 551.3043683171272
6648.0 458.4846777319908
6648.3 590.1238949745893
6648.6 164.59213420376182
6648.9 226.77345024701208
6649.2 307.44958391040564
6649.5 129.1722735464573
6649.8 19.093163760378957
6650.1 -43.37370926886797
6650.4 -159.1889228746295
6650.7 -392.8264083787799
6651.0 -536.2476400136948
6651.3 -433.99911646544933
6651.6 -315.05319802463055
6651.9 -75.94222483597696
6652.2 62.55790075659752
6652.5 217.91460874676704
6652.8 518.9618606641889
6653.1 782.2126994431019
6653.4 1332.849398046732
6653.7 1832.7322933450341
6654.0 2105.963064879179
6654.3 2162.8454475328326
6654.6 2241.238961994648
6654.9 2016.9023529291153
6655.2 2076.2603529691696
6655.5 2130.5504730045795
6655.8 1867.5461246669292
6656.1 1902.054310619831
6656.4 1957.3673312067986
6656.7 1811.893010046333
6657.0 1627.5113527998328
6657.3 1746.5410692621954
6657.6 1896.657682362129
6657.9 1958.3932965397835
6658.2 2221.270405828953
6658.5 2739.667422182858
6658.8 2698.8318705558777
6659.1 2871.7305228710175
6659.4 2912.0288848876953
6659.7 3190.5332292497624
6660.0 3167.591637313366
6660.3 3222.483337391168
6660.6 3421.030150413513
6660.9 3617.8547812597826
6661.2 3686.869745850563
6661.5 3928.958112344146
6661.8 4208.968376040459
6662.1 4548.539695203304
6662.4 4239.736711340025
6662.7 4168.321072429419
6663.0 3456.9440606310964
6663.3 3479.2965278327465
6663.6 3284.1319208033383
6663.9 2805.4117253124714
6664.2 1848.230358529836
6664.5 1358.1421706676483
6664.8 709.1575530171394
6665.1 600.1874204576015
6665.4 460.65215177461505
6665.7 255.0863697603345
6666.0 296.3207533955574
6666.3 354.2466301396489
6666.6 282.3607272654772
6666.9 93.09722095262259
6667.2 64.42635397845879
6667.5 240.8089846149087
6667.8 134.84934981912374
6668.1 -62.482009425759315
6668.4 231.56000119447708
6668.7 53.762354642152786
6669.0 132.01862496882677
6669.3 70.1939303604886
6669.6 -234.02134110033512
6669.9 -227.48917993158102
6670.2 -150.84393177181482
6670.5 -107.35865397937596
6670.8 -31.709110483527184
6671.1 34.38722975179553
6671.4 -20.233940988779068
6671.7 -155.07449578866363
6672.0 -293.16914163529873
6672.3 -364.8077300786972
6672.6 -487.49635899066925
6672.9 -453.338696077466
6673.2 -270.44487028568983
6673.5 -76.42939741909504
6673.8 -180.04899948835373
6674.1 -41.7988645657897
6674.4 86.6447871029377
6674.7 397.118827521801
6675.0 451.3664810936898
6675.3 428.965273194015
6675.6 473.5410478375852
6675.9 498.44233741646167
6676.2 471.23086089640856
6676.5 672.4777228534222
6676.8 576.5247618705034
6677.1 380.7777075767517
6677.4 486.62399423122406
6677.7 825.0810931622982
6678.0 682.3273774534464
6678.3 833.5141554400325
6678.6 786.7905217111111
6678.9 889.5131552428938
6679.2 1086.2074108719826
6679.5 1110.196714296937
6679.8 1073.8766513168812
6680.1 1473.8901838064194
6680.4 1646.6218814849854
6680.7 1514.1813918724656
6681.0 1440.214230954647
6681.3 1568.4123516976833
6681.6 1813.3528101444244
6681.9 1788.4586967974901
6682.2 1804.230450002011
6682.5 2098.6237484812737
6682.8 2204.8101243963465
6683.1 2103.497921049595
6683.4 1817.6725780367851
6683.7 1845.916495360434
6684.0 1724.7621313929558
6684.3 1543.0720122996718
6684.6 1207.7716699689627
6684.9 858.9288558065891
6685.2 755.6173857823014
6685.5 380.02171888947487
6685.8 333.1278714761138
6686.1 407.469195112586
6686.4 216.65274761617184
6686.7 139.39056053198874
6687.0 5.22602166980505
6687.3 -64.70207988726906
6687.6 -270.78972457535565
6687.9 46.23204331891611
6688.2 271.216511875391
6688.5 126.69739736616611
6688.8 99.85680929757655
6689.1 111.61605069041252
6689.4 -249.8288765400648
6689.7 -140.6155654443428
6690.0 -99.04619155079126
6690.3 -39.13927806913853
6690.6 -122.1993905492127
6690.9 9.74381186813116
6691.2 -332.12324132956564
6691.5 -148.4460233077407
6691.8 -174.16314229369164
6692.1 -46.98567758500576
6692.4 -155.23929549753666
6692.7 -142.72449979186058
6693.0 -67.60225313901901
6693.3 -71.37011216580868
6693.6 -252.51916114240885
6693.9 137.90625982359052
6694.2 -53.58177562057972
6694.5 55.22966232895851
6694.8 58.943763595074415
6695.1 41.65092053450644
6695.4 14.711721835657954
6695.7 4.068572215270251
6696.0 -170.7327228859067
6696.3 -94.11076997220516
6696.6 132.40769290924072
6696.9 12.049614587798715
6697.2 -51.571396976709366
6697.5 -47.662006033584476
6697.8 -111.19787435047328
6698.1 -209.56822963058949
6698.4 -258.3404341340065
6698.7 56.98518680687994
6699.0 -280.506334210746
6699.3 -405.10338535904884
6699.6 -48.25570030044764
6699.9 -381.61560221016407
6700.2 -244.14032922685146
6700.5 -165.73549680411816
6700.8 -160.8142958432436
6701.1 84.86723138391972
6701.4 -64.37191293388605
6701.7 -49.04088896140456
6702.0 121.36387038230896
6702.3 -132.79175717383623
6702.6 -344.2511664889753
6702.9 -362.56030906457454
6703.2 -279.374339338392
6703.5 35.62584713101387
6703.8 -90.90863548964262
6704.1 96.59288634732366
6704.4 -63.34972778707743
6704.7 -165.23567262291908
6705.0 -121.14198812842369
6705.3 38.438311252743006
6705.6 -7.514044970273972
6705.9 -42.721630259417
6706.2 -33.58502219617367
6706.5 -11.957073673605919
6706.8 -51.71512108668685
6707.1 -173.33156618103385
6707.4 -141.93608439713717
6707.7 -153.03478560224175
6708.0 -140.19576692953706
6708.3 225.29129080474377
6708.6 -85.61139905452728
6708.9 62.75387773569673
6709.2 -93.36694994568825
6709.5 -147.24929674714804
6709.8 -259.7733547091484
6710.1 -181.51846339926124
6710.4 -239.75819540023804
6710.7 -200.17965461313725
6711.0 -435.54502461850643
6711.3 0.036137983202934265
6711.6 44.79332571104169
6711.9 -85.45477768778801
6712.2 -155.0277601145208
6712.5 -345.21217511827126
6712.8 -90.53575317561626
6713.1 -84.79947754181921
6713.4 -106.61227897927165
6713.7 -266.462261646986
6714.0 -47.67075917124748
6714.3 -110.09460144117475
6714.6 -130.26616906747222
6714.9 -141.9169341623783
6715.2 -179.96394772455096
6715.5 -52.671522349119186
6715.8 -8.441436365246773
6716.1 -113.26066887378693
6716.4 6.719180045649409
6716.7 -114.64190074801445
6717.0 -83.46650297939777
6717.3 -164.06752873165533
6717.6 -164.92896032705903
6717.9 -233.41323625296354
6718.2 -113.88630894571543
6718.5 -42.139052202925086
6718.8 16.470178700983524
6719.1 -86.79715134948492
6719.4 12.995514675974846
6719.7 93.0079950094223
6720.0 -178.08979138731956
6720.3 -13.941555630415678
6720.6 200.46351550519466
6720.9 -178.57999125868082
6721.2 -204.89168491959572
6721.5 -242.575791105628
6721.8 40.873113960027695
6722.1 43.12239574640989
6722.4 -84.7482607588172
6722.7 55.403034675866365
6723.0 -88.7425973713398
6723.3 64.22960923844948
6723.6 -52.30208567157388
6723.9 -179.10830827988684
6724.2 -205.92786252498627
6724.5 8.359484253451228
6724.8 116.33824174106121
6725.1 -87.69332011044025
6725.4 -216.13543560355902
6725.7 69.56227016448975
6726.0 2.460172899067402
6726.3 -57.0465642651543
6726.6 -236.53593850135803
6726.9 -83.61668759584427
6727.2 -79.85054796934128
6727.5 -88.26268530637026
6727.8 -49.7586544752121
6728.1 -192.84565131366253
6728.4 -232.08267682045698
6728.7 -83.8539958819747
6729.0 -261.0224996358156
6729.3 -171.64942326396704
6729.6 -108.23592111468315
6729.9 -18.670189565978944
6730.2 177.06348311901093
6730.5 -127.53409110382199
6730.8 -300.3715644478798
6731.1 -188.25440970435739
6731.4 -277.38518979121
6731.7 -137.65176321566105
6732.0 -6.672977721318603
6732.3 -114.6192324757576
6732.6 124.46933729946613
6732.9 -27.940828025341034
6733.2 -88.46256195008755
6733.5 -128.11041447520256
6733.8 -147.66641623084433
6734.1 27.152816958725452
6734.4 -211.4210148602724
6734.7 -84.4835198270157
6735.0 -25.502316957339644
6735.3 -160.4069014340639
6735.6 220.5949792265892
6735.9 -101.47676479816437
6736.2 -66.18627141416073
6736.5 62.20325358211994
6736.8 -86.75327688455582
6737.1 -170.77793882787228
6737.4 -173.02794037223794
6737.7 -81.87418321333826
6738.0 128.20396663993597
6738.3 -97.69000828638673
6738.6 -126.82283927500248
6738.9 27.036863952875137
6739.2 34.299107544124126
6739.5 -9.307144671678543
6739.8 -100.0859366953373
6740.1 -61.46072927117348
6740.4 -142.41875211894512
6740.7 -64.34253945201635
6741.0 -283.6990072131157
6741.3 -195.6573433727026
6741.6 -349.1134648248553
6741.9 -127.0504020191729
6742.2 -255.9599818214774
6742.5 -362.54564491286874
6742.8 -57.70994317345321
6743.1 122.7942700907588
6743.4 -82.90748590230942
6743.7 -276.58339969813824
6744.0 42.438062369823456
6744.3 -32.23718838393688
6744.6 -62.632203373126686
6744.9 -162.4798926487565
6745.2 -187.4323465526104
6745.5 -224.26664358377457
6745.8 -125.88162134960294
6746.1 -118.35967854037881
6746.4 -265.95477643609047
6746.7 -136.70211735367775
6747.0 -101.07938846573234
6747.3 -58.799568257294595
6747.6 -188.10166602861136
6747.9 -20.33584813773632
6748.2 -184.60289359092712
6748.5 -148.43934325128794
6748.8 -17.70775406807661
6749.1 -87.58218667283654
6749.4 51.87009562877938
6749.7 24.291317656636238
6750.0 45.00199162727222
6750.3 -332.98568320274353
6750.6 -33.797545462846756
6750.9 -203.27969248220325
6751.2 -155.90090365707874
6751.5 -362.8032297194004
6751.8 -162.29812470078468
6752.1 128.07034096494317
6752.4 -232.20565615594387
6752.7 -193.38441359996796
6753.0 -189.7024764046073
6753.3 -226.8334007486701
6753.6 -237.68239122629166
6753.9 -125.59822826087475
6754.2 -137.70029159262776
6754.5 -65.74233081866987
6754.8 -49.27902411855757
6755.1 -85.80228161811829
6755.4 -227.3657574504614
6755.7 -45.22290877997875
6756.0 -136.58735180459917
6756.3 35.59841898083687
6756.6 -12.44113064557314
6756.9 36.05286107491702
6757.2 -104.97213372588158
6757.5 -334.11164251714945
6757.8 38.99401670694351
6758.1 -77.86755272746086
6758.4 -141.97133682947606
6758.7 -61.451738215982914
6759.0 49.63429153338075
6759.3 58.94329372048378
6759.6 -268.9928134381771
6759.9 -134.13864515721798
6760.2 -70.58559227734804
6760.5 -224.59403575211763
6760.8 -58.1818480938673
6761.1 -251.37054094020277
6761.4 -277.43372333049774
6761.7 -341.9060912169516
6762.0 -206.8918521553278
6762.3 -16.269793730578385
6762.6 46.57281421124935
6762.9 -185.2986343987286
6763.2 -128.67307952046394
6763.5 -137.96294685453176
6763.8 84.07808534801006
6764.1 2.3736242167651653
6764.4 -186.7695126235485
6764.7 -26.228658022359014
6765.0 -291.15068309009075
6765.3 -242.81593513302505
6765.6 -375.108172416687
6765.9 -81.07078674063087
6766.2 -97.61948326230049
6766.5 -49.46455230563879
6766.8 186.78255931846797
6767.1 -47.914993789047
6767.4 -294.34215673804283
6767.7 -328.25083251297474
6768.0 -82.10289643704891
6768.3 186.4346815077588
6768.6 -38.635170720517635
6768.9 -158.42873434722424
6769.2 215.34124211594462
6769.5 -48.02104909811169
6769.8 11.982333962223493
6770.1 139.89510038495064
6770.4 79.8166720867157
6770.7 13.063559524714947
6771.0 -28.35689426958561
6771.3 -0.48316479101777077
6771.6 -154.78668336570263
6771.9 -16.18772786669433
6772.2 96.01843489706516
6772.5 -107.78542270511389
6772.8 -268.79401849163696
6773.1 96.242425724864
6773.4 -102.64461514353752
6773.7 23.99498464167118
6774.0 -1.3120454314048402
6774.3 -75.1972729600966
6774.6 11.030235455138609
6774.9 -2.8475717678666115
6775.2 -64.97185517847538
6775.5 -28.853504242375493
6775.8 -110.16971412301064
6776.1 -5.237858276814222
6776.4 -13.287139709223993
6776.7 -93.86751355975866
6777.0 -244.9574459195137
6777.3 159.71707560122013
6777.6 63.25863795354962
6777.9 134.5342080593109
6778.2 135.64297442510724
6778.5 -68.84710383042693
6778.8 -159.7148159444332
6779.1 40.49809957295656
6779.4 45.36865985020995
6779.7 19.37292662449181
6780.0 -102.38549151271582
6780.3 -166.67960211634636
6780.6 -234.08273741602898
6780.9 -220.77898368239403
6781.2 -161.55556154996157
6781.5 16.416574954986572
6781.8 204.6585659533739
6782.1 -163.94868275523186
6782.4 43.09813338331878
6782.7 -106.89902729541063
6783.0 -2.1954428888857365
6783.3 -170.7989144511521
6783.6 -9.182235985994339
6783.9 -109.68440952897072
6784.2 -60.052103258669376
6784.5 -97.45302704721689
6784.8 -169.57395948842168
6785.1 -75.81992504000664
6785.4 -5.60576581209898
6785.7 -0.5547267869114876
6786.0 87.54806265607476
6786.3 22.57949808239937
6786.6 -219.2095812112093
6786.9 -172.61521077156067
6787.2 -113.1158038303256
6787.5 -89.38773622666486
6787.8 -237.44192629307508
6788.1 -87.12822279334068
6788.4 -9.793790866620839
6788.7 -182.5480070412159
6789.0 -195.02258894138504
6789.3 -176.32064172625542
6789.6 -99.56084222299978
6789.9 5.471375752240419
6790.2 -210.28975048661232
6790.5 -249.34709322452545
6790.8 7.999297039583325
6791.1 113.47298198565841
6791.4 -194.67887657880783
6791.7 -48.97827612608671
6792.0 -111.83606746792793
6792.3 -110.84795446693897
6792.6 -175.7145619392395
6792.9 -129.7487347535789
6793.2 -169.18673170357943
6793.5 -233.782539319247
6793.8 224.96200704574585
6794.1 -140.67158200591803
6794.4 -241.3283835258335
6794.7 -106.15782909095287
6795.0 58.33066953718662
6795.3 -430.6935310661793
6795.6 -436.75377053022385
6795.9 91.26355931162834
6796.2 -49.74737813323736
6796.5 -75.35842417366803
6796.8 -411.87243258953094
6797.1 -300.6310626938939
6797.4 153.44579049944878
6797.7 -131.18979850038886
6798.0 -1.0390163883566856
6798.3 -404.8006702288985
6798.6 -430.86493502929807
6798.9 -236.9123042151332
6799.2 -274.4579848945141
6799.5 83.41519387066364
6799.8 -269.9801723957062
6800.1 -66.46082130074501
6800.4 -134.93367712199688
6800.7 99.1176348850131
6801.0 49.96487459912896
6801.3 37.92060877382755
6801.6 -246.19281831383705
6801.9 -279.20700519531965
6802.2 -49.26971508935094
6802.5 -83.80870917439461
6802.8 -228.95681452006102
6803.1 -130.22290141880512
6803.4 -50.24456508457661
6803.7 -207.84779048711061
6804.0 -123.92072878777981
6804.3 -54.628460839390755
6804.6 -154.3277466893196
6804.9 -161.7501348592341
6805.2 65.19235615432262
6805.5 -19.524013359099627
6805.8 82.74185843765736
6806.1 -41.916941832751036
6806.4 -227.77889847382903
6806.7 -38.68489459250122
6807.0 -207.9546727789566
6807.3 -257.2089506536722
6807.6 -167.25973099470139
6807.9 -185.796904951334
6808.2 -256.3352749198675
6808.5 -150.44434102997184
6808.8 91.47008972242475
6809.1 236.616315074265
6809.4 296.6195511072874
6809.7 338.904133528471
6810.0 426.95428481698036
6810.3 635.0399104952812
6810.6 600.4151047170162
6810.9 504.317929238081
6811.2 333.224652685225
6811.5 273.5876163877547
6811.8 606.7944712340832
6812.1 504.7240280807018
6812.4 426.47697346284986
6812.7 305.48105435911566
6813.0 445.757303096354
6813.3 471.56743812561035
6813.6 630.9613976348191
6813.9 895.3087116032839
6814.2 740.0986465215683
6814.5 655.559896863997
6814.8 779.2795337997377
6815.1 759.1932909525931
6815.4 977.5808085203171
6815.7 1149.8146553635597
6816.0 1061.8404604196548
6816.3 1237.2849523760378
6816.6 1104.8990013599396
6816.9 1234.532008856535
6817.2 1090.3422098457813
6817.5 963.5157453864813
6817.8 1224.7952934727073
6818.1 1284.8035762310028
6818.4 1150.4876778386533
6818.7 1126.7915343753994
6819.0 1036.663318991661
6819.3 933.210493773222
6819.6 837.5758293271065
6819.9 715.4863044694066
6820.2 254.73621052503586
6820.5 386.05012445151806
6820.8 193.5039090178907
6821.1 -122.64937055110931
6821.4 190.49637246131897
6821.7 30.395598143339157
6822.0 -271.2767324447632
6822.3 -43.98592588864267
6822.6 -1.0543384924530983
6822.9 -460.7189563214779
6823.2 -259.534184332937
6823.5 152.1354071162641
6823.8 352.26378319133073
6824.1 101.66125147789717
6824.4 135.4089631140232
6824.7 339.3826751410961
6825.0 314.2624961035326
6825.3 382.1312965005636
6825.6 315.54237135499716
6825.9 198.81781513243914
6826.2 27.62389086186886
6826.5 248.32249368727207
6826.8 -33.65274852514267
6827.1 220.3310189731419
6827.4 -282.0096663609147
6827.7 276.42774791270494
6828.0 386.3878120481968
6828.3 -316.4080930761993
6828.6 -22.18210393935442
6828.9 512.4655674397945
6829.2 248.7672552615404
6829.5 71.60845145583153
6829.8 905.8409377932549
6830.1 495.54734063195065
6830.4 504.1759066581726
6830.7 698.0475938469172
6831.0 545.755977101624
6831.3 685.7835197299719
6831.6 931.0640810728073
6831.9 929.4327249974012
6832.2 946.5348402261734
6832.5 874.8749471604824
6832.8 900.1396194621921
6833.1 1028.3351977467537
6833.4 729.667328119278
6833.7 927.6464031338692
6834.0 543.4974440038204
6834.3 -297.2585943043232
6834.6 110.05847279727459
6834.9 736.8413023650646
6835.2 89.06261342763901
6835.5 -15.52330420166254
6835.8 -30.067034393548965
6836.1 155.93845881521702
6836.4 -269.13638630509377
6836.7 -63.13716518878937
6837.0 -37.82812166213989
6837.3 -114.74513012170792
6837.6 -69.47005392611027
6837.9 -121.09310298040509
6838.2 -236.7874829620123
6838.5 -94.35473263822496
6838.8 -208.96953853964806
6839.1 -18.811576414853334
6839.4 -195.09759236499667
6839.7 -422.96862921118736
6840.0 225.37567235715687
6840.3 -11.043560072779655
6840.6 -251.26337718963623
6840.9 -430.9940759539604
6841.2 -78.98052111268044
6841.5 -27.892355926334858
6841.8 20.414838895201683
6842.1 -96.28377944231033
6842.4 235.2963255494833
6842.7 102.18706196546555
6843.0 83.63811299204826
6843.3 31.662459447048604
6843.6 -95.81408870220184
6843.9 -77.07175573706627
6844.2 -123.86663991957903
6844.5 -113.62299050251022
6844.8 -37.32826587557793
6845.1 143.45621090009809
6845.4 152.26496934052557
6845.7 15.273866981267929
6846.0 -185.8584580142051
6846.3 -128.93640681356192
6846.6 -56.00405769050121
6846.9 -91.44139378145337
6847.2 -248.07326014898717
6847.5 91.33560338243842
6847.8 -168.18314607813954
6848.1 -79.30014109611511
6848.4 -232.02282159030437
6848.7 42.9048045091331
6849.0 -28.247540917247534
6849.3 -89.22817492485046
6849.6 -92.54844404011965
6849.9 -166.3624558504671
6850.2 -38.36412741430104
6850.5 -7.846801236271858
6850.8 -189.38399951159954
6851.1 -269.3301422595978
6851.4 7.39568277541548
6851.7 13.571700438857079
6852.0 128.7430034726858
6852.3 5.471342661418021
6852.6 2.032411564141512
6852.9 -196.83728523552418
6853.2 -185.69257131963968
6853.5 -175.74375316500664
6853.8 -174.87495964579284
6854.1 14.994775177910924
6854.4 -223.03241330385208
6854.7 0.10402482748031616
6855.0 -64.96548977307975
6855.3 94.21266996487975
6855.6 -118.89896294474602
6855.9 -106.41483886539936
6856.2 -365.4906092635356
6856.5 -326.0790479052812
6856.8 -296.013224363327
6857.1 45.9039643779397
6857.4 -167.02623290754855
6857.7 -171.5669307410717
6858.0 -146.339384496212
6858.3 -199.06280076876283
6858.6 -221.97191319800913
6858.9 -100.114807316917
6859.2 -158.48749907314777
6859.5 -114.13241744041443
6859.8 -144.9822316719219
6860.1 -154.5557271540165
6860.4 -84.84985038638115
6860.7 -239.22886727005243
6861.0 -180.8823132403195
6861.3 -141.77954645454884
6861.6 -207.48082503676414
6861.9 97.44634237140417
6862.2 31.163135312497616
6862.5 -71.43268078565598
6862.8 54.150128960609436
6863.1 507.2359150648117
6863.4 534.4593194127083
6863.7 -950.04034999758
6864.0 -933.0799397230148
6864.3 1291.4136496782303
6864.6 1279.205854177475
6864.9 355.43903344869614
6865.2 270.7631966471672
6865.5 -133.19536460191011
6865.8 -352.40665347874165
6866.1 61.45172119094059
6866.4 84.51302301883698
6866.7 -114.10059785842896
6867.0 41.037494882941246
6867.3 -135.4375542262569
6867.6 -108.66544249653816
6867.9 138.2411147505045
6868.2 19.096031472086906
6868.5 17.418173789978027
6868.8 206.90804120898247
6869.1 -37.029542319476604
6869.4 0.0
6869.7 0.0
