4662.0 0.0
4662.3 0.0
4662.6 0.0
4662.9 0.0
4663.2 0.0
4663.5 0.0
4663.8 0.0
4664.1 0.0
4664.4 0.0
4664.7 0.0
4665.0 0.0
4665.3 0.0
4665.6 0.0
4665.9 0.0
4666.2 0.0
4666.5 0.0
4666.8 0.0
4667.1 0.0
4667.4 0.0
4667.7 0.0
4668.0 0.0
4668.3 0.0
4668.6 0.0
4668.9 0.0
4669.2 0.0
4669.5 0.0
4669.8 0.0
4670.1 0.0
4670.4 0.0
4670.7 0.0
4671.0 0.0
4671.3 0.0
4671.6 0.0
4671.9 0.0
4672.2 0.0
4672.5 0.0
4672.8 0.0
4673.1 0.0
4673.4 0.0
4673.7 0.0
4674.0 0.0
4674.3 0.0
4674.6 0.0
4674.9 0.0
4675.2 0.0
4675.5 0.0
4675.8 0.0
4676.1 0.0
4676.4 0.0
4676.7 0.0
4677.0 0.0
4677.3 0.0
4677.6 0.0
4677.9 0.0
4678.2 0.0
4678.5 0.0
4678.8 0.0
4679.1 0.0
4679.4 0.0
4679.7 0.0
4680.0 0.0
4680.3 0.0
4680.6 0.0
4680.9 0.0
4681.2 0.0
4681.5 0.0
4681.8 0.0
4682.1 0.0
4682.4 0.0
4682.7 0.0
4683.0 0.0
4683.3 0.0
4683.6 0.0
4683.9 0.0
4684.2 0.0
4684.5 0.0
4684.8 0.0
4685.1 0.0
4685.4 0.0
4685.7 0.0
4686.0 0.0
4686.3 0.0
4686.6 0.0
4686.9 0.0
4687.2 0.0
4687.5 0.0
4687.8 0.0
4688.1 0.0
4688.4 0.0
4688.7 0.0
4689.0 0.0
4689.3 0.0
4689.6 0.0
4689.9 0.0
4690.2 0.0
4690.5 0.0
4690.8 0.0
4691.1 0.0
4691.4 0.0
4691.7 0.0
4692.0 0.0
4692.3 0.0
4692.6 0.0
4692.9 0.0
4693.2 0.0
4693.5 0.0
4693.8 0.0
4694.1 0.0
4694.4 0.0
4694.7 0.0
4695.0 0.0
4695.3 0.0
4695.6 0.0
4695.9 0.0
4696.2 0.0
4696.5 0.0
4696.8 0.0
4697.1 0.0
4697.4 0.0
4697.7 0.0
4698.0 0.0
4698.3 0.0
4698.6 0.0
4698.9 0.0
4699.2 0.0
4699.5 0.0
4699.8 0.0
4700.1 0.0
4700.4 0.0
4700.7 0.0
4701.0 0.0
4701.3 0.0
4701.6 0.0
4701.9 0.0
4702.2 0.0
4702.5 0.0
4702.8 0.0
4703.1 0.0
4703.4 0.0
4703.7 0.0
4704.0 0.0
4704.3 0.0
4704.6 0.0
4704.9 0.0
4705.2 0.0
4705.5 0.0
4705.8 0.0
4706.1 0.0
4706.4 0.0
4706.7 0.0
4707.0 0.0
4707.3 0.0
4707.6 0.0
4707.9 0.0
4708.2 0.0
4708.5 0.0
4708.8 0.0
4709.1 0.0
4709.4 0.0
4709.7 0.0
4710.0 0.0
4710.3 0.0
4710.6 0.0
4710.9 0.0
4711.2 0.0
4711.5 0.0
4711.8 0.0
4712.1 0.0
4712.4 0.0
4712.7 0.0
4713.0 0.0
4713.3 0.0
4713.6 0.0
4713.9 0.0
4714.2 0.0
4714.5 0.0
4714.8 0.0
4715.1 0.0
4715.4 0.0
4715.7 0.0
4716.0 0.0
4716.3 0.0
4716.6 0.0
4716.9 0.0
4717.2 0.0
4717.5 0.0
4717.8 0.0
4718.1 0.0
4718.4 0.0
4718.7 0.0
4719.0 0.0
4719.3 0.0
4719.6 0.0
4719.9 0.0
4720.2 0.0
4720.5 0.0
4720.8 0.0
4721.1 0.0
4721.4 0.0
4721.7 0.0
4722.0 0.0
4722.3 0.0
4722.6 0.0
4722.9 0.0
4723.2 0.0
4723.5 0.0
4723.8 0.0
4724.1 0.0
4724.4 0.0
4724.7 0.0
4725.0 0.0
4725.3 0.0
4725.6 0.0
4725.9 0.0
4726.2 0.0
4726.5 0.0
4726.8 0.0
4727.1 0.0
4727.4 0.0
4727.7 0.0
4728.0 0.0
4728.3 0.0
4728.6 0.0
4728.9 0.0
4729.2 0.0
4729.5 0.0
4729.8 0.0
4730.1 0.0
4730.4 0.0
4730.7 0.0
4731.0 0.0
4731.3 0.0
4731.6 0.0
4731.9 0.0
4732.2 0.0
4732.5 0.0
4732.8 0.0
4733.1 0.0
4733.4 0.0
4733.7 0.0
4734.0 0.0
4734.3 0.0
4734.6 0.0
4734.9 0.0
4735.2 0.0
4735.5 0.0
4735.8 0.0
4736.1 0.0
4736.4 0.0
4736.7 0.0
4737.0 0.0
4737.3 0.0
4737.6 0.0
4737.9 0.0
4738.2 0.0
4738.5 0.0
4738.8 0.0
4739.1 0.0
4739.4 0.0
4739.7 0.0
4740.0 0.0
4740.3 0.0
4740.6 0.0
4740.9 0.0
4741.2 0.0
4741.5 0.0
4741.8 0.0
4742.1 0.0
4742.4 0.0
4742.7 0.0
4743.0 0.0
4743.3 0.0
4743.6 0.0
4743.9 0.0
4744.2 0.0
4744.5 0.0
4744.8 0.0
4745.1 0.0
4745.4 0.0
4745.7 0.0
4746.0 0.0
4746.3 0.0
4746.6 0.0
4746.9 0.0
4747.2 0.0
4747.5 0.0
4747.8 0.0
4748.1 0.0
4748.4 0.0
4748.7 0.0
4749.0 0.0
4749.3 0.0
4749.6 0.0
4749.9 0.0
4750.2 0.0
4750.5 0.0
4750.8 0.0
4751.1 0.0
4751.4 0.0
4751.7 0.0
4752.0 0.0
4752.3 0.0
4752.6 0.0
4752.9 0.0
4753.2 0.0
4753.5 0.0
4753.8 0.0
4754.1 0.0
4754.4 0.0
4754.7 0.0
4755.0 0.0
4755.3 0.0
4755.6 0.0
4755.9 0.0
4756.2 0.0
4756.5 0.0
4756.8 0.0
4757.1 0.0
4757.4 0.0
4757.7 0.0
4758.0 0.0
4758.3 0.0
4758.6 0.0
4758.9 0.0
4759.2 0.0
4759.5 0.0
4759.8 0.0
4760.1 0.0
4760.4 0.0
4760.7 0.0
4761.0 0.0
4761.3 0.0
4761.6 0.0
4761.9 0.0
4762.2 0.0
4762.5 0.0
4762.8 0.0
4763.1 0.0
4763.4 0.0
4763.7 0.0
4764.0 0.0
4764.3 0.0
4764.6 0.0
4764.9 0.0
4765.2 0.0
4765.5 0.0
4765.8 0.0
4766.1 0.0
4766.4 0.0
4766.7 0.0
4767.0 0.0
4767.3 0.0
4767.6 0.0
4767.9 0.0
4768.2 0.0
4768.5 0.0
4768.8 0.0
4769.1 0.0
4769.4 0.0
4769.7 0.0
4770.0 0.0
4770.3 0.0
4770.6 0.0
4770.9 0.0
4771.2 0.0
4771.5 0.0
4771.8 0.0
4772.1 0.0
4772.4 0.0
4772.7 0.0
4773.0 0.0
4773.3 0.0
4773.6 0.0
4773.9 0.0
4774.2 0.0
4774.5 0.0
4774.8 0.0
4775.1 0.0
4775.4 0.0
4775.7 0.0
4776.0 0.0
4776.3 0.0
4776.6 0.0
4776.9 0.0
4777.2 0.0
4777.5 0.0
4777.8 0.0
4778.1 0.0
4778.4 0.0
4778.7 0.0
4779.0 0.0
4779.3 0.0
4779.6 0.0
4779.9 0.0
4780.2 0.0
4780.5 0.0
4780.8 0.0
4781.1 0.0
4781.4 0.0
4781.7 0.0
4782.0 0.0
4782.3 0.0
4782.6 0.0
4782.9 0.0
4783.2 0.0
4783.5 0.0
4783.8 0.0
4784.1 0.0
4784.4 0.0
4784.7 0.0
4785.0 0.0
4785.3 0.0
4785.6 0.0
4785.9 0.0
4786.2 0.0
4786.5 0.0
4786.8 0.0
4787.1 0.0
4787.4 0.0
4787.7 0.0
4788.0 0.0
4788.3 0.0
4788.6 0.0
4788.9 0.0
4789.2 0.0
4789.5 0.0
4789.8 0.0
4790.1 0.0
4790.4 0.0
4790.7 0.0
4791.0 0.0
4791.3 0.0
4791.6 0.0
4791.9 0.0
4792.2 0.0
4792.5 0.0
4792.8 0.0
4793.1 0.0
4793.4 0.0
4793.7 0.0
4794.0 0.0
4794.3 0.0
4794.6 0.0
4794.9 0.0
4795.2 0.0
4795.5 0.0
4795.8 0.0
4796.1 0.0
4796.4 0.0
4796.7 0.0
4797.0 0.0
4797.3 0.0
4797.6 0.0
4797.9 0.0
4798.2 0.0
4798.5 0.0
4798.8 0.0
4799.1 0.0
4799.4 0.0
4799.7 0.0
4800.0 0.0
4800.3 0.0
4800.6 0.0
4800.9 0.0
4801.2 0.0
4801.5 0.0
4801.8 0.0
4802.1 0.0
4802.4 0.0
4802.7 0.0
4803.0 0.0
4803.3 0.0
4803.6 0.0
4803.9 0.0
4804.2 0.0
4804.5 0.0
4804.8 0.0
4805.1 0.0
4805.4 0.0
4805.7 0.0
4806.0 0.0
4806.3 0.0
4806.6 0.0
4806.9 0.0
4807.2 0.0
4807.5 0.0
4807.8 0.0
4808.1 0.0
4808.4 0.0
4808.7 0.0
4809.0 0.0
4809.3 0.0
4809.6 0.0
4809.9 0.0
4810.2 0.0
4810.5 0.0
4810.8 0.0
4811.1 0.0
4811.4 0.0
4811.7 0.0
4812.0 0.0
4812.3 0.0
4812.6 0.0
4812.9 0.0
4813.2 0.0
4813.5 0.0
4813.8 0.0
4814.1 0.0
4814.4 0.0
4814.7 0.0
4815.0 0.0
4815.3 0.0
4815.6 0.0
4815.9 0.0
4816.2 0.0
4816.5 0.0
4816.8 0.0
4817.1 0.0
4817.4 0.0
4817.7 0.0
4818.0 0.0
4818.3 0.0
4818.6 0.0
4818.9 0.0
4819.2 0.0
4819.5 0.0
4819.8 0.0
4820.1 0.0
4820.4 0.0
4820.7 0.0
4821.0 0.0
4821.3 0.0
4821.6 0.0
4821.9 0.0
4822.2 0.0
4822.5 0.0
4822.8 0.0
4823.1 0.0
4823.4 0.0
4823.7 0.0
4824.0 0.0
4824.3 0.0
4824.6 0.0
4824.9 0.0
4825.2 0.0
4825.5 0.0
4825.8 0.0
4826.1 0.0
4826.4 0.0
4826.7 0.0
4827.0 0.0
4827.3 0.0
4827.6 0.0
4827.9 0.0
4828.2 0.0
4828.5 0.0
4828.8 0.0
4829.1 0.0
4829.4 0.0
4829.7 0.0
4830.0 0.0
4830.3 0.0
4830.6 0.0
4830.9 0.0
4831.2 0.0
4831.5 0.0
4831.8 0.0
4832.1 0.0
4832.4 0.0
4832.7 0.0
4833.0 0.0
4833.3 0.0
4833.6 0.0
4833.9 0.0
4834.2 0.0
4834.5 0.0
4834.8 0.0
4835.1 0.0
4835.4 0.0
4835.7 0.0
4836.0 0.0
4836.3 0.0
4836.6 0.0
4836.9 0.0
4837.2 0.0
4837.5 0.0
4837.8 0.0
4838.1 0.0
4838.4 0.0
4838.7 0.0
4839.0 0.0
4839.3 0.0
4839.6 0.0
4839.9 0.0
4840.2 0.0
4840.5 0.0
4840.8 0.0
4841.1 0.0
4841.4 0.0
4841.7 0.0
4842.0 0.0
4842.3 0.0
4842.6 0.0
4842.9 0.0
4843.2 0.0
4843.5 0.0
4843.8 0.0
4844.1 0.0
4844.4 0.0
4844.7 0.0
4845.0 0.0
4845.3 0.0
4845.6 0.0
4845.9 0.0
4846.2 0.0
4846.5 0.0
4846.8 0.0
4847.1 0.0
4847.4 0.0
4847.7 0.0
4848.0 0.0
4848.3 0.0
4848.6 0.0
4848.9 0.0
4849.2 0.0
4849.5 0.0
4849.8 0.0
4850.1 0.0
4850.4 0.0
4850.7 0.0
4851.0 0.0
4851.3 0.0
4851.6 0.0
4851.9 0.0
4852.2 0.0
4852.5 0.0
4852.8 0.0
4853.1 0.0
4853.4 0.0
4853.7 0.0
4854.0 0.0
4854.3 0.0
4854.6 0.0
4854.9 0.0
4855.2 0.0
4855.5 0.0
4855.8 0.0
4856.1 0.0
4856.4 0.0
4856.7 0.0
4857.0 0.0
4857.3 0.0
4857.6 0.0
4857.9 0.0
4858.2 0.0
4858.5 0.0
4858.8 0.0
4859.1 0.0
4859.4 0.0
4859.7 0.0
4860.0 0.0
4860.3 0.0
4860.6 0.0
4860.9 0.0
4861.2 0.0
4861.5 0.0
4861.8 0.0
4862.1 0.0
4862.4 0.0
4862.7 0.0
4863.0 0.0
4863.3 0.0
4863.6 0.0
4863.9 0.0
4864.2 0.0
4864.5 0.0
4864.8 0.0
4865.1 0.0
4865.4 0.0
4865.7 0.0
4866.0 0.0
4866.3 0.0
4866.6 0.0
4866.9 0.0
4867.2 0.0
4867.5 0.0
4867.8 0.0
4868.1 0.0
4868.4 0.0
4868.7 0.0
4869.0 0.0
4869.3 0.0
4869.6 0.0
4869.9 0.0
4870.2 0.0
4870.5 0.0
4870.8 0.0
4871.1 0.0
4871.4 0.0
4871.7 0.0
4872.0 0.0
4872.3 0.0
4872.6 0.0
4872.9 0.0
4873.2 0.0
4873.5 0.0
4873.8 0.0
4874.1 0.0
4874.4 0.0
4874.7 0.0
4875.0 0.0
4875.3 0.0
4875.6 0.0
4875.9 0.0
4876.2 0.0
4876.5 0.0
4876.8 0.0
4877.1 0.0
4877.4 0.0
4877.7 0.0
4878.0 0.0
4878.3 0.0
4878.6 0.0
4878.9 0.0
4879.2 0.0
4879.5 0.0
4879.8 0.0
4880.1 0.0
4880.4 0.0
4880.7 0.0
4881.0 0.0
4881.3 0.0
4881.6 0.0
4881.9 0.0
4882.2 0.0
4882.5 0.0
4882.8 0.0
4883.1 0.0
4883.4 0.0
4883.7 0.0
4884.0 0.0
4884.3 0.0
4884.6 0.0
4884.9 0.0
4885.2 0.0
4885.5 0.0
4885.8 0.0
4886.1 0.0
4886.4 0.0
4886.7 0.0
4887.0 0.0
4887.3 0.0
4887.6 0.0
4887.9 0.0
4888.2 0.0
4888.5 0.0
4888.8 0.0
4889.1 0.0
4889.4 0.0
4889.7 0.0
4890.0 0.0
4890.3 0.0
4890.6 0.0
4890.9 0.0
4891.2 0.0
4891.5 0.0
4891.8 0.0
4892.1 0.0
4892.4 0.0
4892.7 0.0
4893.0 0.0
4893.3 0.0
4893.6 0.0
4893.9 0.0
4894.2 0.0
4894.5 0.0
4894.8 0.0
4895.1 0.0
4895.4 0.0
4895.7 0.0
4896.0 0.0
4896.3 0.0
4896.6 0.0
4896.9 0.0
4897.2 3.4419772499576836e-15
4897.5 3.4419772499576836e-15
4897.8 0.0
4898.1 1.0325931326356577e-14
4898.4 1.0325931326356577e-14
4898.7 2.753581799966147e-14
4899.0 4.130372530542631e-14
4899.3 7.572349865203609e-14
4899.6 1.3767909338643913e-13
4899.9 2.374964374468602e-13
4900.2 4.164792425861985e-13
4900.5 7.159312747674618e-13
4900.8 1.2459957111216058e-12
4901.1 2.1409098452385145e-12
4901.4 3.665705759769988e-12
4901.7 6.2299787724484634e-12
4902.0 1.054277585371688e-11
4902.3 1.7752075320308017e-11
4902.6 2.971982849766345e-11
4902.9 4.950791180144279e-11
4903.2 8.202457611985645e-11
4903.5 1.352178251028016e-10
4903.8 2.2174177470861596e-10
4904.1 3.617683111086824e-10
4904.4 5.872429153196135e-10
4904.7 9.485657957893079e-10
4905.0 1.5248436844791935e-9
4905.3 2.4399641213729284e-9
4905.6 3.887289514586945e-9
4905.9 6.168264295169923e-9
4906.2 9.752568169707487e-9
4906.5 1.5372806083657764e-8
4906.8 2.417481909891645e-8
4907.1 3.7958524736067604e-8
4907.4 5.9568537273223113e-8
4907.7 9.353414602450384e-8
4908.0 1.4712819950036963e-7
4908.3 2.321324530261612e-7
4908.6 3.6779561187469997e-7
4908.9 5.858002628479544e-7
4909.2 9.385960991710582e-7
4909.5 1.5133318193844465e-6
4909.8 2.4550080978508038e-6
4910.1 4.004646001878044e-6
4910.4 6.56160274100258e-6
4910.7 1.0784204842324357e-5
4911.0 1.7750352176344783e-5
4911.3 2.9210708072656497e-5
4911.6 4.798296580978412e-5
4911.9 7.855848205779616e-5
4912.2 0.00012802522958134632
4912.5 0.00020745799536561518
4912.8 0.0003339942038209691
4913.1 0.0005339116941918377
4913.4 0.0008471662752704374
4913.7 0.00133405117058381
4914.0 0.002084926633164471
4914.3 0.003234364492493041
4914.6 0.004981567273021514
4914.9 0.007619567436859501
4915.2 0.01157643905838161
4915.5 0.01747253183469339
4915.8 0.026198410263995445
4916.1 0.03901868864859172
4916.4 0.05770715691476075
4916.7 0.08471854244091379
4917.0 0.12340188301089917
4917.3 0.17826026493921585
4917.6 0.2552605938676037
4917.9 0.36219529315011045
4918.2 0.5090915863542237
4918.5 0.7086503932850915
4918.8 0.9766703403837877
4919.1 1.332368052100442
4919.4 1.7984447274978834
4919.7 2.400680409681633
4920.0 3.166784089958451
4920.3 4.124226233036834
4920.6 5.2968700738354295
4920.9 6.700439551717728
4921.2 8.337200336584509
4921.5 10.190652338534358
4921.8 12.221413244660647
4922.1 14.365660016038799
4922.4 16.53735956364082
4922.7 18.634940014604084
4923.0 20.552108737349524
4923.3 22.191404136085843
4923.6 23.478062159492445
4923.9 24.371289173093153
4924.2 24.870264558634293
4924.5 25.013239500184348
4924.8 24.869695683295436
4925.1 24.527291963047023
4925.4 24.076664704175663
4925.7 23.59772419127151
4926.0 23.1506406679797
4926.3 22.773442396524022
4926.6 22.486416729673405
4926.9 22.3018927392285
4927.2 22.236866742861448
4927.5 22.325608626354047
4927.8 22.629710764974362
4928.1 23.24376389560456
4928.4 24.295537985597093
4928.7 25.94000204847589
4929.0 28.34663534266747
4929.3 31.679635708524074
4929.6 36.07112422211139
4929.9 41.588742412212014
4930.2 48.20111491298303
4930.5 55.74713717424311
4930.8 63.91696673820843
4931.1 72.25295759178698
4931.4 80.17663910474403
4931.7 87.04307844691084
4932.0 92.21746101330018
4932.3 95.16216827375524
4932.6 95.51807524410088
4932.9 93.16318959271618
4933.2 88.23550331664106
4933.5 81.11452330978753
4933.8 72.365095833513
4934.1 62.65543582434812
4934.4 52.666126124342405
4934.7 43.007490414401495
4935.0 34.15889436594415
4935.3 26.43718596456278
4935.6 19.994371302022508
4935.9 14.838837663818722
4936.2 10.871149491184296
4936.5 7.924881940911352
4936.8 5.804598359569368
4937.1 4.315896569840336
4937.4 3.2854609171072298
4937.7 2.571482907700556
4938.0 2.0663305999166823
4938.3 1.6939509697808717
4938.6 1.404395089008915
4938.9 1.1673704205254722
4939.2 0.9661080392690984
4939.5 0.7922528384197332
4939.8 0.6420409428300462
4940.1 0.5137288837489091
4940.4 0.4060749404505795
4940.7 0.31760637282921483
4941.0 0.2464062596943007
4941.3 0.1901931921805531
4941.6 0.14652383129329016
4941.9 0.11300709908933072
4942.2 0.08747056888986957
4942.5 0.06805831680903068
4942.8 0.05326401004513592
4943.1 0.04191572614913486
4943.4 0.03313193032421521
4943.7 0.026265604746238076
4944.0 0.02084870279717413
4944.3 0.01654381992446853
4944.6 0.013105845094744484
4944.9 0.010353598262568476
4945.2 0.008149956898347271
4945.5 0.00638849732705375
4945.8 0.004984756429034609
4946.1 0.0038705557367459393
4946.4 0.002990280405169865
4946.7 0.0022983354816012522
4947.0 0.001757317387118045
4947.3 0.001336614921111707
4947.6 0.0010112829492406757
4947.9 0.0007611048598762054
4948.2 0.0005697956406171499
4948.5 0.00042432163476493047
4948.8 0.00031432003942632287
4949.1 0.0002316057748823915
4949.4 0.0001697567512052653
4949.7 0.00012376703183779436
4950.0 8.97600505910753e-5
4950.3 6.475322247599618e-5
4950.6 4.64664920700658e-5
4950.9 3.316794400991473e-5
4951.2 2.355035397645993e-5
4951.5 1.6633226561776154e-5
4951.8 1.1685726353477766e-5
4952.1 8.166484804799539e-6
4952.4 5.6769458760146424e-6
4952.7 3.925496002921136e-6
4953.0 2.700066715988214e-6
4953.3 1.847373368946137e-6
4953.6 1.2572886589623522e-6
4953.9 8.511684654877172e-7
4954.2 5.731868668590323e-7
4954.5 3.8395214119191223e-7
4954.8 2.558339531333331e-7
4955.1 1.695662490419636e-7
4955.4 1.1179460557286802e-7
4955.7 7.33166203303881e-8
4956.0 4.7828226712454125e-8
4956.3 3.1036034187081896e-8
4956.6 2.0033109393580162e-8
4956.9 1.2862658493872914e-8
4957.2 8.215105040676463e-9
4957.5 5.219104259879259e-9
4957.8 3.298212813973578e-9
4958.1 2.0732955352542604e-9
4958.4 1.2964207485310908e-9
4958.7 8.063588685658374e-10
4959.0 4.988973678621278e-10
4959.3 3.0704158660022074e-10
4959.6 1.8796637857310117e-10
4959.9 1.1445951131339172e-10
4960.2 6.933519036689262e-11
4960.5 4.177871937294242e-11
4960.8 2.50369430049302e-11
4961.1 1.4927855826463166e-11
4961.4 8.852765742695112e-12
4961.7 5.221479498773718e-12
4962.0 3.0668015869872445e-12
4962.3 1.7863861431766104e-12
4962.6 1.0394770981470014e-12
4962.9 5.989040101524179e-13
4963.2 3.4419773346609783e-13
4963.5 1.9963467456831502e-13
4963.8 1.1014327199864588e-13
4964.1 6.195558795813946e-14
4964.4 3.7861749326018046e-14
4964.7 2.0651862652713154e-14
4965.0 1.0325931326356577e-14
4965.3 6.883954499915367e-15
4965.6 3.4419772499576836e-15
4965.9 3.4419772499576836e-15
4966.2 0.0
4966.5 0.0
4966.8 0.0
4967.1 0.0
4967.4 0.0
4967.7 0.0
4968.0 0.0
4968.3 0.0
4968.6 0.0
4968.9 0.0
4969.2 0.0
4969.5 0.0
4969.8 0.0
4970.1 0.0
4970.4 0.0
4970.7 0.0
4971.0 0.0
4971.3 0.0
4971.6 0.0
4971.9 0.0
4972.2 0.0
4972.5 0.0
4972.8 0.0
4973.1 0.0
4973.4 0.0
4973.7 0.0
4974.0 0.0
4974.3 0.0
4974.6 0.0
4974.9 0.0
4975.2 0.0
4975.5 0.0
4975.8 0.0
4976.1 0.0
4976.4 0.0
4976.7 0.0
4977.0 0.0
4977.3 0.0
4977.6 0.0
4977.9 0.0
4978.2 0.0
4978.5 0.0
4978.8 0.0
4979.1 0.0
4979.4 0.0
4979.7 0.0
4980.0 0.0
4980.3 0.0
4980.6 0.0
4980.9 0.0
4981.2 0.0
4981.5 0.0
4981.8 0.0
4982.1 0.0
4982.4 0.0
4982.7 0.0
4983.0 0.0
4983.3 0.0
4983.6 0.0
4983.9 0.0
4984.2 0.0
4984.5 0.0
4984.8 0.0
4985.1 0.0
4985.4 0.0
4985.7 0.0
4986.0 0.0
4986.3 0.0
4986.6 0.0
4986.9 0.0
4987.2 0.0
4987.5 0.0
4987.8 0.0
4988.1 0.0
4988.4 0.0
4988.7 0.0
4989.0 0.0
4989.3 0.0
4989.6 0.0
4989.9 0.0
4990.2 0.0
4990.5 0.0
4990.8 0.0
4991.1 0.0
4991.4 0.0
4991.7 0.0
4992.0 0.0
4992.3 0.0
4992.6 0.0
4992.9 0.0
4993.2 0.0
4993.5 0.0
4993.8 0.0
4994.1 0.0
4994.4 0.0
4994.7 0.0
4995.0 0.0
4995.3 0.0
4995.6 7.12189801913948e-16
4995.9 7.12189801913948e-16
4996.2 0.0
4996.5 1.424379603827896e-15
4996.8 2.848759207655792e-15
4997.1 4.985328878095432e-15
4997.4 7.834088297509461e-15
4997.7 1.4243795826520723e-14
4998.0 2.563883350417684e-14
4998.3 4.4155769942126263e-14
4998.6 7.691650051253052e-14
4998.9 1.3104292228161701e-13
4999.2 2.2576417731817733e-13
4999.5 3.85294687864704e-13
4999.8 6.523658566473522e-13
5000.1 1.1024697864694954e-12
5000.4 1.8516934947171437e-12
5000.7 3.0955941981427377e-12
5001.0 5.145276670503108e-12
5001.3 8.512337087203917e-12
5001.6 1.4009263336715533e-11
5001.9 2.2939557070160215e-11
5002.2 3.737249595689028e-11
5002.5 6.058426725113987e-11
5002.8 9.771990260433547e-11
5003.1 1.5684680119911094e-10
5003.4 2.505320313727667e-10
5003.7 3.982858143769183e-10
5004.0 6.302797029948681e-10
5004.3 9.93032771463842e-10
5004.6 1.5581076689280549e-9
5004.9 2.435453144711275e-9
5005.2 3.7939779234941184e-9
5005.5 5.8934968042740205e-9
5005.8 9.134761454638888e-9
5006.1 1.413855143964523e-8
5006.4 2.1871978339691074e-8
5006.7 3.3852058068765685e-8
5007.0 5.2476548598060294e-8
5007.3 8.156484932264423e-8
5007.6 1.2724562886793364e-7
5007.9 1.9941486005266968e-7
5008.2 3.141269823987619e-7
5008.5 4.975008604346628e-7
5008.8 7.920614455025419e-7
5009.1 1.2669578444329707e-6
5009.4 2.034282795155897e-6
5009.7 3.2748917645477685e-6
5010.0 5.278867781560759e-6
5010.3 8.50836865188499e-6
5010.6 1.3694484838506087e-5
5010.9 2.1985596490513714e-5
5011.2 3.517372204833464e-5
5011.5 5.6039318320544935e-5
5011.8 8.88767451971847e-5
5012.1 0.00014029645667688195
5012.4 0.000220451903083378
5012.7 0.00034491642077069716
5013.0 0.0005375468712277868
5013.3 0.0008348236079943348
5013.6 0.001292354159493962
5013.9 0.0019944660970667664
5014.2 0.0030680795049461917
5014.5 0.0047023094588752885
5014.8 0.007175475940457761
5015.1 0.010891365785537316
5015.4 0.016426679688139607
5015.7 0.02459165529514456
5016.0 0.03650590995657385
5016.3 0.0536915344471462
5016.6 0.07818522032871766
5016.9 0.11267004666531183
5017.2 0.16062421986441497
5017.5 0.22647717028321387
5017.8 0.31575068390742433
5018.1 0.43514444562722876
5018.4 0.5925017913258298
5018.7 0.7965699580281631
5019.0 1.056458116825882
5019.3 1.3807110594944985
5019.6 1.775967400102569
5019.9 2.245266542133763
5020.2 2.786196289249436
5020.5 3.389210255163723
5020.8 4.0365443863170105
5021.1 4.70217571748049
5021.4 5.3531581754089075
5021.7 5.952426128681704
5022.0 6.462830483532711
5022.3 6.851813347731087
5022.6 7.095883398337239
5022.9 7.183976132222159
5023.2 7.118954876730658
5023.5 6.916882060467024
5023.8 6.604191680869351
5024.1 6.213369424482438
5024.4 5.778076494773581
5024.7 5.328732761996324
5025.0 4.889396973302269
5025.3 4.47641833330276
5025.6 4.098891020114792
5025.9 3.7605592458563706
5026.2 3.4625763105655096
5026.5 3.206465211185332
5026.8 2.996708089842059
5027.1 2.8425611041234333
5027.4 2.758850871724462
5027.7 2.765623011126081
5028.0 2.8865711918861052
5028.3 3.1462215404899325
5028.6 3.5659420535848767
5028.9 4.159044256186462
5029.2 4.925541148884804
5029.5 5.847461064808158
5029.8 6.885857289059459
5030.1 7.980667482373065
5030.4 9.05423748965677
5030.7 10.018654486816502
5031.0 10.78613881803912
5031.3 11.280860107532035
5031.6 11.449981802745814
5031.9 11.271667342407087
5032.2 10.75833356050731
5032.5 9.954440462708286
5032.8 8.929327578279228
5033.1 7.766669342296899
5033.4 6.55274608048361
5033.7 5.3657708717514225
5034.0 4.268019652182045
5034.3 3.301667889821991
5034.6 2.4883374838654513
5034.9 1.831621353253354
5035.2 1.3214471589595784
5035.5 0.9390792468586823
5035.8 0.66177437896874
5036.1 0.46646625677908443
5036.4 0.3322317050478075
5036.7 0.2415937449151862
5037.0 0.18090008460910775
5037.3 0.14008347369750224
5037.6 0.11209201100629482
5037.9 0.09221138914023418
5038.2 0.07742185918908888
5038.5 0.06586232401664956
5038.8 0.056423145821612494
5039.1 0.04845863670103876
5039.4 0.04159645910194519
5039.7 0.03561823942706531
5040.0 0.030388610202672736
5040.3 0.02581524039949152
5040.6 0.021827439592458416
5040.9 0.018365411345351534
5041.2 0.015375258185096326
5041.5 0.012806893843702389
5041.8 0.01061335691399673
5042.1 0.008750712818342492
5042.4 0.0071781596443939765
5042.7 0.005858149885528613
5043.0 0.00475647279922691
5043.3 0.003842257168540466
5043.6 0.003087910099705826
5043.9 0.0024689918547526014
5044.2 0.0019640447759419694
5044.5 0.0015543894897367151
5044.8 0.001223897446614865
5045.1 0.0009587535173574393
5045.4 0.0007472150611143209
5045.7 0.0005793766468198334
5046.0 0.00044694400277128294
5046.3 0.00034302199492535114
5046.6 0.0002619193110155272
5046.9 0.000198971029021955
5047.2 0.00015037957928148621
5047.5 0.00011307449312882127
5047.8 8.458962838631538e-5
5048.1 6.295734056038907e-5
5048.4 4.6617857151432376e-5
5048.7 3.434274549363181e-5
5049.0 2.5170655135298148e-5
5049.3 1.835400326191606e-5
5049.6 1.3315088838421925e-5
5049.9 9.61024762377385e-6
5050.2 6.900855641113031e-6
5050.5 4.930042951158423e-6
5050.8 3.5041379040491206e-6
5051.1 2.4780042991018314e-6
5051.4 1.7435355032518357e-6
5051.7 1.2206947789385018e-6
5052.0 8.505924821754565e-7
5052.3 5.901742844800426e-7
5052.6 4.081802366211196e-7
5052.9 2.8209570980541887e-7
5053.2 1.9587572226004157e-7
5053.5 1.3827058117921176e-7
5053.8 1.0162335337127182e-7
5054.1 8.104577328446783e-8
5054.4 7.391319705791012e-8
5054.7 7.965510745651195e-8
5055.0 9.985900357725394e-8
5055.3 1.3876157542037345e-7
5055.6 2.0428264294457157e-7
5055.9 3.098830647968909e-7
5056.2 4.777257223531183e-7
5056.5 7.439314932307095e-7
5056.8 1.1672122823382572e-6
5057.1 1.8429253104329434e-6
5057.4 2.9257608572739336e-6
5057.7 4.666040601449554e-6
5058.0 7.46725016432542e-6
5058.3 1.1976347487906198e-5
5058.6 1.9224179640264325e-5
5058.9 3.0841923158514826e-5
5059.2 4.939227020350968e-5
5059.5 7.887342248911077e-5
5059.8 0.00012548372170064788
5060.1 0.00019878069800610484
5060.4 0.00031344029019393204
5060.7 0.0004919328609637517
5061.0 0.0007686013187773303
5061.3 0.001195876214284584
5061.6 0.0018537145076558347
5061.9 0.0028638250231547797
5062.2 0.0044108417316511715
5062.5 0.006773310616060287
5062.8 0.010368096482777357
5063.1 0.015812519338728633
5063.4 0.024009080322947032
5063.7 0.03625798440683289
5064.0 0.05440281267947767
5064.3 0.08101479814370843
5064.6 0.11962128408783815
5064.9 0.17498402262176727
5065.2 0.25343213324431046
5065.5 0.3632507718476823
5065.8 0.5151154884419542
5066.1 0.7225398724428649
5066.4 1.0022643130505864
5066.7 1.3744557338516492
5067.0 1.8625195735548306
5067.3 2.4922637762821664
5067.6 3.290132714765116
5067.9 4.280287197961914
5068.2 5.480480776829882
5068.5 6.896977157968212
5068.8 8.519146348303382
5069.1 10.314762260763496
5069.4 12.227291232980376
5069.7 14.17643653804743
5070.0 16.062819904103506
5070.3 17.7769183543636
5070.6 19.21136597610841
5070.9 20.274741571735195
5071.2 20.90429514766191
5071.5 21.074973445727657
5071.8 20.80271249811931
5072.1 20.141141148797153
5072.4 19.172338077811148
5072.7 17.993619841781896
5073.0 16.703197254464957
5073.3 15.387635931878826
5073.6 14.113446625521348
5073.9 12.923978459900127
5074.2 11.841511014418415
5074.5 10.873358479345825
5074.8 10.020184934793178
5075.1 9.28463721918888
5075.4 8.678714194635177
5075.7 8.228820365638967
5076.0 7.977904526060229
5076.3 7.984394656286895
5076.6 8.317750656104181
5076.9 9.050528776730062
5077.2 10.247072108031716
5077.5 11.949474613167695
5077.8 14.162322862874134
5078.1 16.838718444487313
5078.4 19.870873116256917
5078.7 23.088690648914962
5079.0 26.268898601585988
5079.3 29.155413653901064
5079.6 31.489026800046133
5079.9 33.04189222468722
5080.2 33.650467784252655
5080.5 33.24023176660904
5080.8 31.836875039067472
5081.1 29.56153956366299
5081.4 26.611212739929098
5081.7 23.228588583562015
5082.0 19.667730904026428
5082.3 16.162155213592968
5082.6 12.900674518743488
5082.9 10.013945289542718
5083.2 7.572004792560536
5083.5 5.590848017051597
5083.8 4.0447897806954565
5084.1 2.8810724782043935
5084.4 2.033737631231748
5084.7 1.4348028547455498
5085.0 1.0219060207801012
5085.3 0.7424902972968698
5085.6 0.5551863236811518
5085.9 0.42927912904991516
5086.2 0.3431178695698162
5086.5 0.2821435425442185
5086.8 0.23697970255225864
5087.1 0.20181968510436019
5087.4 0.17318811983095106
5087.7 0.14905861990542926
5088.0 0.12826402975749893
5088.3 0.11012416232673089
5088.6 0.09422284984658999
5088.9 0.08028129031130202
5089.2 0.06808975377235979
5089.5 0.057472886642867954
5089.8 0.04827338309875119
5090.1 0.04034502632808478
5090.4 0.03355034023115338
5090.7 0.027760177160846507
5091.0 0.022854041096728752
5091.3 0.01872051566680981
5091.6 0.015257595133064131
5091.9 0.01237278762812779
5092.2 0.00998302343900348
5092.5 0.008014375570650871
5092.8 0.006401625995686854
5093.1 0.005087728166664769
5093.4 0.004023190128023469
5093.7 0.0031654112989543985
5094.0 0.002478008391831116
5094.3 0.001930138212771853
5094.6 0.0014958465472257047
5094.9 0.0011534497607615301
5095.2 0.000884959299586247
5095.5 0.0006755553768023608
5095.8 0.0005131112993696968
5096.1 0.00038777090958325714
5096.4 0.0002915760851465337
5096.7 0.0002181431191274945
5097.0 0.00016238435637206083
5097.3 0.00012027069897158071
5097.6 8.863157563610002e-5
5097.9 6.498754373751581e-5
5098.2 4.741162047139369e-5
5098.5 3.441537046455778e-5
5098.8 2.485610639268998e-5
5099.1 1.7861862943391316e-5
5099.4 1.2771250112564303e-5
5099.7 9.08558922674274e-6
5100.0 6.431107067328412e-6
5100.3 4.529303168965271e-6
5100.6 3.173876621076488e-6
5100.9 2.212899516962352e-6
5101.2 1.535134288133122e-6
5101.5 1.0596050969979842e-6
5101.8 7.277038776010158e-7
5102.1 4.972540637027123e-7
5102.4 3.3807651789174997e-7
5102.7 2.2869920712764724e-7
5103.0 1.5393143826258893e-7
5103.3 1.0308677644843556e-7
5103.6 6.868970103823813e-8
5103.9 4.554002330792173e-8
5104.2 3.004055315614096e-8
5104.5 1.971675978040821e-8
5104.8 1.2875857713368077e-8
5105.1 8.366231263323698e-9
5105.4 5.408745895607581e-9
5105.7 3.4791727276939355e-9
5106.0 2.2267379051754688e-9
5106.3 1.4179932783520144e-9
5106.6 8.984491484120838e-10
5106.9 5.664028135399235e-10
5107.2 3.552781679960759e-10
5107.5 2.2173100855393812e-10
5107.8 1.3768666762281612e-10
5108.1 8.507076987296358e-11
5108.4 5.229698271658201e-11
5108.7 3.198813089411168e-11
5109.0 1.9468281153844913e-11
5109.3 1.1789102680181962e-11
5109.6 7.100494671397062e-12
5109.9 4.2577625453121826e-12
5110.2 2.5407182868003586e-12
5110.5 1.5058455784394686e-12
5110.8 8.912578249205272e-13
5111.1 5.237723774663416e-13
5111.4 3.041258922215767e-13
5111.7 1.774067682038319e-13
5112.0 1.03487280322858e-13
5112.3 5.913559166003182e-14
5112.6 3.37917661788565e-14
5112.9 1.9007868263848544e-14
5113.2 1.2671911893554714e-14
5113.5 4.2239707723570625e-15
5113.8 4.2239707723570625e-15
5114.1 2.1119853861785312e-15
5114.4 2.1119853861785312e-15
5114.7 0.0
5115.0 0.0
5115.3 0.0
5115.6 0.0
5115.9 0.0
5116.2 0.0
5116.5 0.0
5116.8 0.0
5117.1 0.0
5117.4 0.0
5117.7 0.0
5118.0 0.0
5118.3 0.0
5118.6 0.0
5118.9 0.0
5119.2 0.0
5119.5 0.0
5119.8 0.0
5120.1 0.0
5120.4 0.0
5120.7 0.0
5121.0 0.0
5121.3 0.0
5121.6 0.0
5121.9 0.0
5122.2 0.0
5122.5 0.0
5122.8 0.0
5123.1 0.0
5123.4 0.0
5123.7 0.0
5124.0 0.0
5124.3 0.0
5124.6 0.0
5124.9 0.0
5125.2 0.0
5125.5 0.0
5125.8 0.0
5126.1 0.0
5126.4 0.0
5126.7 0.0
5127.0 0.0
5127.3 0.0
5127.6 0.0
5127.9 0.0
5128.2 0.0
5128.5 0.0
5128.8 0.0
5129.1 0.0
5129.4 0.0
5129.7 0.0
5130.0 0.0
5130.3 0.0
5130.6 0.0
5130.9 0.0
5131.2 0.0
5131.5 0.0
5131.8 0.0
5132.1 0.0
5132.4 0.0
5132.7 0.0
5133.0 0.0
5133.3 0.0
5133.6 0.0
5133.9 0.0
5134.2 0.0
5134.5 0.0
5134.8 0.0
5135.1 0.0
5135.4 0.0
5135.7 0.0
5136.0 0.0
5136.3 0.0
5136.6 0.0
5136.9 0.0
5137.2 0.0
5137.5 0.0
5137.8 0.0
5138.1 0.0
5138.4 0.0
5138.7 0.0
5139.0 0.0
5139.3 0.0
5139.6 0.0
5139.9 0.0
5140.2 0.0
5140.5 0.0
5140.8 0.0
5141.1 0.0
5141.4 0.0
5141.7 0.0
5142.0 0.0
5142.3 0.0
5142.6 0.0
5142.9 0.0
5143.2 0.0
5143.5 0.0
5143.8 0.0
5144.1 0.0
5144.4 0.0
5144.7 0.0
5145.0 0.0
5145.3 0.0
5145.6 0.0
5145.9 0.0
5146.2 0.0
5146.5 0.0
5146.8 0.0
5147.1 0.0
5147.4 0.0
5147.7 0.0
5148.0 0.0
5148.3 0.0
5148.6 0.0
5148.9 0.0
5149.2 0.0
5149.5 0.0
5149.8 0.0
5150.1 0.0
5150.4 0.0
5150.7 0.0
5151.0 0.0
5151.3 0.0
5151.6 0.0
5151.9 0.0
5152.2 0.0
5152.5 0.0
5152.8 0.0
5153.1 0.0
5153.4 0.0
5153.7 0.0
5154.0 0.0
5154.3 0.0
5154.6 0.0
5154.9 0.0
5155.2 0.0
5155.5 0.0
5155.8 0.0
5156.1 0.0
5156.4 0.0
5156.7 0.0
5157.0 0.0
5157.3 0.0
5157.6 0.0
5157.9 0.0
5158.2 0.0
5158.5 0.0
5158.8 0.0
5159.1 0.0
5159.4 0.0
5159.7 0.0
5160.0 0.0
5160.3 0.0
5160.6 0.0
5160.9 0.0
5161.2 0.0
5161.5 0.0
5161.8 0.0
5162.1 0.0
5162.4 0.0
5162.7 0.0
5163.0 0.0
5163.3 0.0
5163.6 0.0
5163.9 0.0
5164.2 0.0
5164.5 0.0
5164.8 0.0
5165.1 0.0
5165.4 0.0
5165.7 0.0
5166.0 0.0
5166.3 0.0
5166.6 0.0
5166.9 0.0
5167.2 0.0
5167.5 0.0
5167.8 0.0
5168.1 0.0
5168.4 0.0
5168.7 0.0
5169.0 0.0
5169.3 0.0
5169.6 0.0
5169.9 0.0
5170.2 0.0
5170.5 0.0
5170.8 0.0
5171.1 0.0
5171.4 0.0
5171.7 0.0
5172.0 0.0
5172.3 0.0
5172.6 0.0
5172.9 0.0
5173.2 0.0
5173.5 0.0
5173.8 0.0
5174.1 0.0
5174.4 0.0
5174.7 0.0
5175.0 0.0
5175.3 0.0
5175.6 0.0
5175.9 0.0
5176.2 0.0
5176.5 0.0
5176.8 0.0
5177.1 0.0
5177.4 0.0
5177.7 0.0
5178.0 0.0
5178.3 0.0
5178.6 0.0
5178.9 0.0
5179.2 0.0
5179.5 0.0
5179.8 0.0
5180.1 0.0
5180.4 0.0
5180.7 0.0
5181.0 0.0
5181.3 0.0
5181.6 0.0
5181.9 0.0
5182.2 0.0
5182.5 0.0
5182.8 0.0
5183.1 0.0
5183.4 0.0
5183.7 0.0
5184.0 0.0
5184.3 0.0
5184.6 0.0
5184.9 0.0
5185.2 0.0
5185.5 0.0
5185.8 0.0
5186.1 0.0
5186.4 0.0
5186.7 0.0
5187.0 0.0
5187.3 0.0
5187.6 0.0
5187.9 0.0
5188.2 0.0
5188.5 0.0
5188.8 0.0
5189.1 0.0
5189.4 0.0
5189.7 0.0
5190.0 0.0
5190.3 0.0
5190.6 0.0
5190.9 0.0
5191.2 0.0
5191.5 0.0
5191.8 0.0
5192.1 0.0
5192.4 0.0
5192.7 0.0
5193.0 0.0
5193.3 0.0
5193.6 0.0
5193.9 0.0
5194.2 0.0
5194.5 0.0
5194.8 0.0
5195.1 0.0
5195.4 0.0
5195.7 0.0
5196.0 0.0
5196.3 0.0
5196.6 0.0
5196.9 0.0
5197.2 0.0
5197.5 0.0
5197.8 0.0
5198.1 0.0
5198.4 0.0
5198.7 0.0
5199.0 0.0
5199.3 0.0
5199.6 0.0
5199.9 0.0
5200.2 0.0
5200.5 0.0
5200.8 0.0
5201.1 0.0
5201.4 0.0
5201.7 0.0
5202.0 0.0
5202.3 0.0
5202.6 0.0
5202.9 0.0
5203.2 0.0
5203.5 0.0
5203.8 0.0
5204.1 0.0
5204.4 0.0
5204.7 0.0
5205.0 0.0
5205.3 0.0
5205.6 0.0
5205.9 0.0
5206.2 0.0
5206.5 0.0
5206.8 0.0
5207.1 0.0
5207.4 0.0
5207.7 0.0
5208.0 0.0
5208.3 0.0
5208.6 0.0
5208.9 0.0
5209.2 0.0
5209.5 0.0
5209.8 0.0
5210.1 0.0
5210.4 0.0
5210.7 0.0
5211.0 0.0
5211.3 0.0
5211.6 0.0
5211.9 0.0
5212.2 0.0
5212.5 0.0
5212.8 0.0
5213.1 0.0
5213.4 0.0
5213.7 0.0
5214.0 0.0
5214.3 0.0
5214.6 0.0
5214.9 0.0
5215.2 0.0
5215.5 0.0
5215.8 0.0
5216.1 0.0
5216.4 0.0
5216.7 0.0
5217.0 0.0
5217.3 0.0
5217.6 0.0
5217.9 0.0
5218.2 0.0
5218.5 0.0
5218.8 0.0
5219.1 0.0
5219.4 0.0
5219.7 0.0
5220.0 0.0
5220.3 0.0
5220.6 0.0
5220.9 0.0
5221.2 0.0
5221.5 0.0
5221.8 0.0
5222.1 0.0
5222.4 0.0
5222.7 0.0
5223.0 0.0
5223.3 0.0
5223.6 0.0
5223.9 0.0
5224.2 0.0
5224.5 0.0
5224.8 0.0
5225.1 0.0
5225.4 0.0
5225.7 0.0
5226.0 0.0
5226.3 0.0
5226.6 0.0
5226.9 0.0
5227.2 0.0
5227.5 0.0
5227.8 0.0
5228.1 0.0
5228.4 0.0
5228.7 0.0
5229.0 0.0
5229.3 0.0
5229.6 0.0
5229.9 0.0
5230.2 0.0
5230.5 0.0
5230.8 0.0
5231.1 0.0
5231.4 0.0
5231.7 0.0
5232.0 0.0
5232.3 0.0
5232.6 0.0
5232.9 0.0
5233.2 0.0
5233.5 0.0
5233.8 0.0
5234.1 0.0
5234.4 0.0
5234.7 0.0
5235.0 0.0
5235.3 0.0
5235.6 0.0
5235.9 0.0
5236.2 0.0
5236.5 0.0
5236.8 0.0
5237.1 0.0
5237.4 0.0
5237.7 0.0
5238.0 0.0
5238.3 0.0
5238.6 0.0
5238.9 0.0
5239.2 0.0
5239.5 0.0
5239.8 0.0
5240.1 0.0
5240.4 0.0
5240.7 0.0
5241.0 0.0
5241.3 0.0
5241.6 0.0
5241.9 0.0
5242.2 0.0
5242.5 0.0
5242.8 0.0
5243.1 0.0
5243.4 0.0
5243.7 0.0
5244.0 0.0
5244.3 0.0
5244.6 0.0
5244.9 0.0
5245.2 0.0
5245.5 0.0
5245.8 0.0
5246.1 0.0
5246.4 0.0
5246.7 0.0
5247.0 0.0
5247.3 0.0
5247.6 0.0
5247.9 0.0
5248.2 0.0
5248.5 0.0
5248.8 0.0
5249.1 0.0
5249.4 0.0
5249.7 0.0
5250.0 0.0
5250.3 0.0
5250.6 0.0
5250.9 0.0
5251.2 0.0
5251.5 0.0
5251.8 0.0
5252.1 0.0
5252.4 0.0
5252.7 0.0
5253.0 0.0
5253.3 0.0
5253.6 0.0
5253.9 0.0
5254.2 0.0
5254.5 0.0
5254.8 0.0
5255.1 0.0
5255.4 0.0
5255.7 0.0
5256.0 0.0
5256.3 0.0
5256.6 0.0
5256.9 0.0
5257.2 0.0
5257.5 0.0
5257.8 0.0
5258.1 0.0
5258.4 0.0
5258.7 0.0
5259.0 0.0
5259.3 0.0
5259.6 0.0
5259.9 0.0
5260.2 0.0
5260.5 0.0
5260.8 0.0
5261.1 0.0
5261.4 0.0
5261.7 0.0
5262.0 0.0
5262.3 0.0
5262.6 0.0
5262.9 0.0
5263.2 0.0
5263.5 0.0
5263.8 0.0
5264.1 0.0
5264.4 0.0
5264.7 0.0
5265.0 0.0
5265.3 0.0
5265.6 0.0
5265.9 0.0
5266.2 0.0
5266.5 0.0
5266.8 0.0
5267.1 0.0
5267.4 0.0
5267.7 0.0
5268.0 0.0
5268.3 0.0
5268.6 0.0
5268.9 0.0
5269.2 0.0
5269.5 0.0
5269.8 0.0
5270.1 0.0
5270.4 0.0
5270.7 0.0
5271.0 0.0
5271.3 0.0
5271.6 0.0
5271.9 0.0
5272.2 0.0
5272.5 0.0
5272.8 0.0
5273.1 0.0
5273.4 0.0
5273.7 0.0
5274.0 0.0
5274.3 0.0
5274.6 0.0
5274.9 0.0
5275.2 0.0
5275.5 0.0
5275.8 0.0
5276.1 0.0
5276.4 0.0
5276.7 0.0
5277.0 0.0
5277.3 0.0
5277.6 0.0
5277.9 0.0
5278.2 0.0
5278.5 0.0
5278.8 0.0
5279.1 0.0
5279.4 0.0
5279.7 0.0
5280.0 0.0
5280.3 0.0
5280.6 0.0
5280.9 0.0
5281.2 0.0
5281.5 0.0
5281.8 0.0
5282.1 0.0
5282.4 0.0
5282.7 0.0
5283.0 0.0
5283.3 0.0
5283.6 0.0
5283.9 0.0
5284.2 0.0
5284.5 0.0
5284.8 0.0
5285.1 0.0
5285.4 0.0
5285.7 0.0
5286.0 0.0
5286.3 0.0
5286.6 0.0
5286.9 0.0
5287.2 0.0
5287.5 0.0
5287.8 0.0
5288.1 0.0
5288.4 0.0
5288.7 0.0
5289.0 0.0
5289.3 0.0
5289.6 0.0
5289.9 0.0
5290.2 0.0
5290.5 0.0
5290.8 0.0
5291.1 0.0
5291.4 0.0
5291.7 0.0
5292.0 0.0
5292.3 0.0
5292.6 0.0
5292.9 0.0
5293.2 0.0
5293.5 0.0
5293.8 0.0
5294.1 0.0
5294.4 0.0
5294.7 0.0
5295.0 0.0
5295.3 0.0
5295.6 0.0
5295.9 0.0
5296.2 0.0
5296.5 0.0
5296.8 0.0
5297.1 0.0
5297.4 0.0
5297.7 0.0
5298.0 0.0
5298.3 0.0
5298.6 0.0
5298.9 0.0
5299.2 0.0
5299.5 0.0
5299.8 0.0
5300.1 0.0
5300.4 0.0
5300.7 0.0
5301.0 0.0
5301.3 0.0
5301.6 0.0
5301.9 0.0
5302.2 0.0
5302.5 0.0
5302.8 0.0
5303.1 0.0
5303.4 0.0
5303.7 0.0
5304.0 0.0
5304.3 0.0
5304.6 0.0
5304.9 0.0
5305.2 0.0
5305.5 0.0
5305.8 0.0
5306.1 0.0
5306.4 0.0
5306.7 0.0
5307.0 0.0
5307.3 0.0
5307.6 0.0
5307.9 0.0
5308.2 0.0
5308.5 0.0
5308.8 0.0
5309.1 0.0
5309.4 0.0
5309.7 0.0
5310.0 0.0
5310.3 0.0
5310.6 0.0
5310.9 0.0
5311.2 0.0
5311.5 0.0
5311.8 0.0
5312.1 0.0
5312.4 0.0
5312.7 0.0
5313.0 0.0
5313.3 0.0
5313.6 0.0
5313.9 0.0
5314.2 0.0
5314.5 0.0
5314.8 0.0
5315.1 0.0
5315.4 0.0
5315.7 0.0
5316.0 0.0
5316.3 0.0
5316.6 0.0
5316.9 0.0
5317.2 0.0
5317.5 0.0
5317.8 0.0
5318.1 0.0
5318.4 0.0
5318.7 0.0
5319.0 0.0
5319.3 0.0
5319.6 0.0
5319.9 0.0
5320.2 0.0
5320.5 0.0
5320.8 0.0
5321.1 0.0
5321.4 0.0
5321.7 0.0
5322.0 0.0
5322.3 0.0
5322.6 0.0
5322.9 0.0
5323.2 0.0
5323.5 0.0
5323.8 0.0
5324.1 0.0
5324.4 0.0
5324.7 0.0
5325.0 0.0
5325.3 0.0
5325.6 0.0
5325.9 0.0
5326.2 0.0
5326.5 0.0
5326.8 0.0
5327.1 0.0
5327.4 0.0
5327.7 0.0
5328.0 0.0
5328.3 0.0
5328.6 0.0
5328.9 0.0
5329.2 0.0
5329.5 0.0
5329.8 0.0
