6165.0 0.0
6165.3 0.0
6165.6 0.0
6165.9 0.0
6166.2 0.0
6166.5 0.0
6166.8 0.0
6167.1 0.0
6167.4 0.0
6167.7 0.0
6168.0 0.0
6168.3 0.0
6168.6 0.0
6168.9 0.0
6169.2 0.0
6169.5 0.0
6169.8 0.0
6170.1 0.0
6170.4 0.0
6170.7 0.0
6171.0 0.0
6171.3 0.0
6171.6 0.0
6171.9 0.0
6172.2 0.0
6172.5 0.0
6172.8 0.0
6173.1 0.0
6173.4 0.0
6173.7 0.0
6174.0 0.0
6174.3 0.0
6174.6 0.0
6174.9 0.0
6175.2 0.0
6175.5 0.0
6175.8 0.0
6176.1 0.0
6176.4 0.0
6176.7 0.0
6177.0 0.0
6177.3 0.0
6177.6 0.0
6177.9 0.0
6178.2 0.0
6178.5 0.0
6178.8 0.0
6179.1 0.0
6179.4 0.0
6179.7 0.0
6180.0 0.0
6180.3 0.0
6180.6 0.0
6180.9 0.0
6181.2 0.0
6181.5 0.0
6181.8 0.0
6182.1 0.0
6182.4 0.0
6182.7 0.0
6183.0 0.0
6183.3 0.0
6183.6 0.0
6183.9 0.0
6184.2 0.0
6184.5 0.0
6184.8 0.0
6185.1 0.0
6185.4 0.0
6185.7 0.0
6186.0 0.0
6186.3 0.0
6186.6 0.0
6186.9 0.0
6187.2 0.0
6187.5 0.0
6187.8 0.0
6188.1 0.0
6188.4 0.0
6188.7 0.0
6189.0 0.0
6189.3 0.0
6189.6 0.0
6189.9 0.0
6190.2 0.0
6190.5 0.0
6190.8 0.0
6191.1 0.0
6191.4 0.0
6191.7 0.0
6192.0 0.0
6192.3 0.0
6192.6 0.0
6192.9 0.0
6193.2 0.0
6193.5 0.0
6193.8 0.0
6194.1 0.0
6194.4 0.0
6194.7 0.0
6195.0 0.0
6195.3 0.0
6195.6 0.0
6195.9 0.0
6196.2 0.0
6196.5 0.0
6196.8 0.0
6197.1 0.0
6197.4 0.0
6197.7 0.0
6198.0 0.0
6198.3 0.0
6198.6 0.0
6198.9 0.0
6199.2 0.0
6199.5 0.0
6199.8 0.0
6200.1 0.0
6200.4 0.0
6200.7 0.0
6201.0 0.0
6201.3 0.0
6201.6 0.0
6201.9 0.0
6202.2 0.0
6202.5 0.0
6202.8 0.0
6203.1 0.0
6203.4 0.0
6203.7 0.0
6204.0 0.0
6204.3 0.0
6204.6 0.0
6204.9 0.0
6205.2 0.0
6205.5 0.0
6205.8 0.0
6206.1 0.0
6206.4 0.0
6206.7 0.0
6207.0 0.0
6207.3 0.0
6207.6 0.0
6207.9 0.0
6208.2 0.0
6208.5 0.0
6208.8 0.0
6209.1 0.0
6209.4 0.0
6209.7 0.0
6210.0 0.0
6210.3 0.0
6210.6 0.0
6210.9 0.0
6211.2 0.0
6211.5 0.0
6211.8 0.0
6212.1 0.0
6212.4 0.0
6212.7 0.0
6213.0 0.0
6213.3 0.0
6213.6 0.0
6213.9 0.0
6214.2 0.0
6214.5 0.0
6214.8 0.0
6215.1 0.0
6215.4 0.0
6215.7 0.0
6216.0 0.0
6216.3 0.0
6216.6 0.0
6216.9 0.0
6217.2 0.0
6217.5 0.0
6217.8 0.0
6218.1 0.0
6218.4 0.0
6218.7 0.0
6219.0 0.0
6219.3 0.0
6219.6 0.0
6219.9 0.0
6220.2 0.0
6220.5 0.0
6220.8 0.0
6221.1 0.0
6221.4 0.0
6221.7 0.0
6222.0 0.0
6222.3 0.0
6222.6 0.0
6222.9 0.0
6223.2 0.0
6223.5 0.0
6223.8 0.0
6224.1 0.0
6224.4 0.0
6224.7 0.0
6225.0 0.0
6225.3 0.0
6225.6 0.0
6225.9 0.0
6226.2 0.0
6226.5 0.0
6226.8 0.0
6227.1 0.0
6227.4 0.0
6227.7 0.0
6228.0 0.0
6228.3 0.0
6228.6 0.0
6228.9 0.0
6229.2 0.0
6229.5 0.0
6229.8 0.0
6230.1 0.0
6230.4 0.0
6230.7 0.0
6231.0 0.0
6231.3 0.0
6231.6 0.0
6231.9 0.0
6232.2 0.0
6232.5 0.0
6232.8 0.0
6233.1 0.0
6233.4 0.0
6233.7 0.0
6234.0 0.0
6234.3 0.0
6234.6 0.0
6234.9 0.0
6235.2 0.0
6235.5 0.0
6235.8 0.0
6236.1 0.0
6236.4 0.0
6236.7 0.0
6237.0 0.0
6237.3 0.0
6237.6 0.0
6237.9 0.0
6238.2 0.0
6238.5 0.0
6238.8 0.0
6239.1 0.0
6239.4 0.0
6239.7 0.0
6240.0 0.0
6240.3 0.0
6240.6 0.0
6240.9 0.0
6241.2 0.0
6241.5 0.0
6241.8 0.0
6242.1 0.0
6242.4 0.0
6242.7 0.0
6243.0 0.0
6243.3 0.0
6243.6 0.0
6243.9 0.0
6244.2 0.0
6244.5 0.0
6244.8 0.0
6245.1 0.0
6245.4 0.0
6245.7 0.0
6246.0 0.0
6246.3 0.0
6246.6 0.0
6246.9 0.0
6247.2 0.0
6247.5 0.0
6247.8 0.0
6248.1 0.0
6248.4 0.0
6248.7 0.0
6249.0 0.0
6249.3 0.0
6249.6 0.0
6249.9 0.0
6250.2 0.0
6250.5 0.0
6250.8 0.0
6251.1 0.0
6251.4 0.0
6251.7 0.0
6252.0 0.0
6252.3 0.0
6252.6 0.0
6252.9 0.0
6253.2 0.0
6253.5 0.0
6253.8 0.0
6254.1 0.0
6254.4 0.0
6254.7 0.0
6255.0 0.0
6255.3 0.0
6255.6 0.0
6255.9 0.0
6256.2 0.0
6256.5 0.0
6256.8 0.0
6257.1 0.0
6257.4 0.0
6257.7 0.0
6258.0 0.0
6258.3 0.0
6258.6 0.0
6258.9 0.0
6259.2 0.0
6259.5 0.0
6259.8 0.0
6260.1 0.0
6260.4 0.0
6260.7 0.0
6261.0 0.0
6261.3 0.0
6261.6 0.0
6261.9 0.0
6262.2 0.0
6262.5 0.0
6262.8 0.0
6263.1 0.0
6263.4 0.0
6263.7 0.0
6264.0 0.0
6264.3 0.0
6264.6 0.0
6264.9 0.0
6265.2 0.0
6265.5 0.0
6265.8 0.0
6266.1 0.0
6266.4 0.0
6266.7 0.0
6267.0 0.0
6267.3 0.0
6267.6 0.0
6267.9 0.0
6268.2 0.0
6268.5 0.0
6268.8 0.0
6269.1 0.0
6269.4 0.0
6269.7 0.0
6270.0 0.0
6270.3 0.0
6270.6 0.0
6270.9 0.0
6271.2 0.0
6271.5 0.0
6271.8 0.0
6272.1 0.0
6272.4 0.0
6272.7 0.0
6273.0 0.0
6273.3 0.0
6273.6 0.0
6273.9 0.0
6274.2 0.0
6274.5 0.0
6274.8 0.0
6275.1 0.0
6275.4 0.0
6275.7 0.0
6276.0 0.0
6276.3 0.0
6276.6 0.0
6276.9 0.0
6277.2 0.0
6277.5 0.0
6277.8 0.0
6278.1 0.0
6278.4 0.0
6278.7 0.0
6279.0 0.0
6279.3 0.0
6279.6 0.0
6279.9 0.0
6280.2 0.0
6280.5 0.0
6280.8 0.0
6281.1 0.0
6281.4 0.0
6281.7 0.0
6282.0 0.0
6282.3 0.0
6282.6 0.0
6282.9 0.0
6283.2 0.0
6283.5 0.0
6283.8 0.0
6284.1 0.0
6284.4 0.0
6284.7 0.0
6285.0 0.0
6285.3 0.0
6285.6 0.0
6285.9 0.0
6286.2 0.0
6286.5 0.0
6286.8 0.0
6287.1 0.0
6287.4 0.0
6287.7 0.0
6288.0 0.0
6288.3 0.0
6288.6 0.0
6288.9 0.0
6289.2 0.0
6289.5 0.0
6289.8 0.0
6290.1 0.0
6290.4 0.0
6290.7 0.0
6291.0 0.0
6291.3 0.0
6291.6 0.0
6291.9 0.0
6292.2 0.0
6292.5 0.0
6292.8 0.0
6293.1 0.0
6293.4 0.0
6293.7 0.0
6294.0 0.0
6294.3 0.0
6294.6 0.0
6294.9 0.0
6295.2 0.0
6295.5 0.0
6295.8 0.0
6296.1 0.0
6296.4 0.0
6296.7 0.0
6297.0 0.0
6297.3 0.0
6297.6 0.0
6297.9 0.0
6298.2 0.0
6298.5 0.0
6298.8 0.0
6299.1 0.0
6299.4 0.0
6299.7 0.0
6300.0 0.0
6300.3 0.0
6300.6 0.0
6300.9 0.0
6301.2 0.0
6301.5 0.0
6301.8 0.0
6302.1 0.0
6302.4 0.0
6302.7 0.0
6303.0 0.0
6303.3 0.0
6303.6 0.0
6303.9 0.0
6304.2 0.0
6304.5 0.0
6304.8 0.0
6305.1 0.0
6305.4 0.0
6305.7 0.0
6306.0 0.0
6306.3 0.0
6306.6 0.0
6306.9 0.0
6307.2 0.0
6307.5 0.0
6307.8 0.0
6308.1 0.0
6308.4 0.0
6308.7 0.0
6309.0 0.0
6309.3 0.0
6309.6 0.0
6309.9 0.0
6310.2 0.0
6310.5 0.0
6310.8 0.0
6311.1 0.0
6311.4 0.0
6311.7 0.0
6312.0 0.0
6312.3 0.0
6312.6 0.0
6312.9 0.0
6313.2 0.0
6313.5 0.0
6313.8 0.0
6314.1 0.0
6314.4 0.0
6314.7 0.0
6315.0 0.0
6315.3 0.0
6315.6 0.0
6315.9 0.0
6316.2 0.0
6316.5 0.0
6316.8 0.0
6317.1 0.0
6317.4 0.0
6317.7 0.0
6318.0 0.0
6318.3 0.0
6318.6 0.0
6318.9 0.0
6319.2 0.0
6319.5 0.0
6319.8 0.0
6320.1 0.0
6320.4 0.0
6320.7 0.0
6321.0 0.0
6321.3 0.0
6321.6 0.0
6321.9 0.0
6322.2 0.0
6322.5 0.0
6322.8 0.0
6323.1 0.0
6323.4 0.0
6323.7 0.0
6324.0 0.0
6324.3 0.0
6324.6 0.0
6324.9 0.0
6325.2 0.0
6325.5 0.0
6325.8 0.0
6326.1 0.0
6326.4 0.0
6326.7 0.0
6327.0 0.0
6327.3 0.0
6327.6 0.0
6327.9 0.0
6328.2 0.0
6328.5 0.0
6328.8 0.0
6329.1 0.0
6329.4 0.0
6329.7 0.0
6330.0 0.0
6330.3 0.0
6330.6 0.0
6330.9 0.0
6331.2 0.0
6331.5 0.0
6331.8 0.0
6332.1 0.0
6332.4 0.0
6332.7 0.0
6333.0 0.0
6333.3 0.0
6333.6 0.0
6333.9 0.0
6334.2 0.0
6334.5 0.0
6334.8 0.0
6335.1 0.0
6335.4 0.0
6335.7 0.0
6336.0 0.0
6336.3 0.0
6336.6 0.0
6336.9 0.0
6337.2 0.0
6337.5 0.0
6337.8 0.0
6338.1 0.0
6338.4 0.0
6338.7 0.0
6339.0 0.0
6339.3 0.0
6339.6 0.0
6339.9 0.0
6340.2 0.0
6340.5 0.0
6340.8 0.0
6341.1 0.0
6341.4 0.0
6341.7 0.0
6342.0 0.0
6342.3 0.0
6342.6 0.0
6342.9 0.0
6343.2 0.0
6343.5 0.0
6343.8 0.0
6344.1 0.0
6344.4 0.0
6344.7 0.0
6345.0 0.0
6345.3 0.0
6345.6 0.0
6345.9 0.0
6346.2 0.0
6346.5 0.0
6346.8 0.0
6347.1 0.0
6347.4 0.0
6347.7 0.0
6348.0 0.0
6348.3 0.0
6348.6 0.0
6348.9 0.0
6349.2 0.0
6349.5 0.0
6349.8 0.0
6350.1 0.0
6350.4 0.0
6350.7 0.0
6351.0 0.0
6351.3 0.0
6351.6 0.0
6351.9 0.0
6352.2 0.0
6352.5 0.0
6352.8 0.0
6353.1 0.0
6353.4 0.0
6353.7 0.0
6354.0 0.0
6354.3 0.0
6354.6 0.0
6354.9 0.0
6355.2 0.0
6355.5 0.0
6355.8 1.1101861654570612e-16
6356.1 1.1101861654570612e-16
6356.4 2.2203723309141224e-16
6356.7 4.4407446618282447e-16
6357.0 8.881489323656489e-16
6357.3 1.998335163997159e-15
6357.6 3.996670327994318e-15
6357.9 8.215377637617143e-15
6358.2 2.8680089207667406e-14
6358.5 3.2750491636137843e-14
6358.8 7.697318819252551e-14
6359.1 1.5128192244111358e-13
6359.4 3.002386242455333e-13
6359.7 5.536576852907017e-13
6360.0 1.0657943847131382e-12
6360.3 2.0131683863347516e-12
6360.6 3.764596585311385e-12
6360.9 6.990559647530696e-12
6361.2 1.2875671232329133e-11
6361.5 2.3559198501339832e-11
6361.8 4.274378790765525e-11
6362.1 7.69507330636437e-11
6362.4 1.3742516211355933e-10
6362.7 2.435650021141635e-10
6363.0 4.2822337695128457e-10
6363.3 7.470333967168679e-10
6363.6 1.292851132980678e-9
6363.9 2.2199238817919117e-9
6364.2 3.781672486851114e-9
6364.5 6.391444865663798e-9
6364.8 1.071710596012144e-8
6365.1 1.7828917182577777e-8
6365.4 2.9426866601699945e-8
6365.7 4.818805425399627e-8
6366.0 7.82919581991887e-8
6366.3 1.2620727879648127e-7
6366.6 2.0185980184562677e-7
6366.9 3.2034885405986713e-7
6367.2 5.044474883628579e-7
6367.5 7.88208658280028e-7
6367.8 1.2221192556484683e-6
6368.1 1.8803973973658367e-6
6368.4 2.8712290295956487e-6
6368.7 4.350997387575547e-6
6369.0 6.5438838797531866e-6
6369.3 9.768635016052205e-6
6369.6 1.4474810075741191e-5
6369.9 2.129148654680005e-5
6370.2 3.1092292315861193e-5
6370.5 4.508186955343221e-5
6370.8 6.491081919816629e-5
6371.1 9.282955055891457e-5
6371.4 0.00013189794803244724
6371.7 0.000186280982447474
6372.0 0.0002616875463933572
6372.3 0.0003660656624215917
6372.6 0.0005107788477528213
6372.9 0.0007127043064028386
6373.2 0.0009980931820858152
6373.5 0.0014097399816164827
6373.8 0.0020201901551879942
6374.1 0.002955576447750681
6374.4 0.0044373883386359374
6374.7 0.006853096458432999
6375.0 0.010870747832359985
6375.3 0.017616508649242357
6375.6 0.028935773152705638
6375.9 0.047754923431826364
6376.2 0.07854822926049992
6376.5 0.1278887475682621
6376.8 0.20502113242773687
6377.1 0.32233980633770415
6377.4 0.49559660242533765
6377.7 0.7436153162098031
6378.0 1.0872803628338006
6378.3 1.5476227938066947
6378.6 2.1429647140134707
6378.9 2.885309749797839
6379.2 3.776445754903404
6379.5 4.804497710803755
6379.8 5.9418408187599026
6380.1 7.14526493222138
6380.4 8.359008951487201
6380.7 9.520763027336987
6381.0 10.570044838998541
6381.3 11.457654384113535
6381.6 12.15439788660267
6381.9 12.657132643176794
6382.2 12.990501038602243
6382.5 13.203522281569903
6382.8 13.36130896170977
6383.1 13.533348992654012
6383.4 13.78075290189912
6383.7 14.145333540797075
6384.0 14.643219612258322
6384.3 15.264862871679831
6384.6 15.981984417633466
6384.9 16.760431541739717
6385.2 17.576546437459672
6385.5 18.43370022854485
6385.8 19.3754440536107
6386.1 20.49223459978011
6386.4 21.919777696404065
6386.7 23.828442239488467
6387.0 26.404606998337933
6387.3 29.825996691862308
6387.6 34.23393539303689
6387.9 39.706029979507036
6388.2 46.233053706034525
6388.5 53.703843728633046
6388.8 61.9016140983249
6389.1 70.514191127706
6389.4 79.15905018554622
6389.7 87.42174118252296
6390.0 94.9036903693559
6390.3 101.27277972237061
6390.6 106.30851676808561
6390.9 109.93330173181494
6391.2 112.22294627761266
6391.5 113.39279577855837
6391.8 113.76023108988306
6392.1 113.68891576318074
6392.4 113.52390590265506
6392.7 113.52893697439195
6393.0 113.83711448164814
6393.3 114.42410530507645
6393.6 115.10894256644859
6393.9 115.58265233474688
6394.2 115.4598021323005
6394.5 114.3439366389691
6394.8 111.89530198371058
6395.1 107.88899514452172
6395.4 102.25363136502138
6395.7 95.08457318879707
6396.0 86.63073008426011
6396.3 77.25893502167312
6396.6 67.40372369739634
6396.9 57.51226171712915
6397.2 47.99394669080357
6397.5 39.18202814581673
6397.8 31.31130233115664
6398.1 24.512366244860004
6398.4 18.81995205299569
6398.7 14.19097203249757
6399.0 10.52732840106772
6399.3 7.699015377693957
6399.6 5.56424587101507
6399.9 3.984773865756929
6400.2 2.83591851974582
6400.5 2.011776123636478
6400.8 1.4266638703463757
6401.1 1.0140150395115686
6401.4 0.723847496511979
6401.7 0.5196811360897856
6402.0 0.37549375671826324
6402.3 0.27304443792801447
6402.6 0.19969844444147247
6402.9 0.14675959789336032
6403.2 0.10824818353757033
6403.5 0.08003605949031752
6403.8 0.05925059225294999
6404.1 0.04387130532238236
6404.4 0.03245986276312706
6404.7 0.023979894814859334
6405.0 0.017676332298111466
6405.3 0.012993835608778396
6405.6 0.00952089421598901
6405.9 0.006950883354447518
6406.2 0.005054490006145566
6406.5 0.003659862084259143
6406.8 0.0026381250703936435
6407.1 0.0018926835264737839
6407.4 0.0013512455844182562
6407.7 0.0009598363589034758
6408.0 0.0006782802832378262
6408.3 0.00047678340290225333
6408.6 0.0003333426437861861
6408.9 0.00023178354009753603
6409.2 0.00016027499191828489
6409.5 0.00011020835429920883
6409.8 7.535413457406733e-5
6410.1 5.123011028378299e-5
6410.4 3.463012687386813e-5
6410.7 2.3274544485796708e-5
6411.0 1.555237764835485e-5
6411.3 1.0332209607881293e-5
6411.6 6.824403706249179e-6
6411.9 4.481333533595347e-6
6412.2 2.9256231192871523e-6
6412.5 1.8988768984698786e-6
6412.8 1.225300511111608e-6
6413.1 7.860621395491403e-7
6413.4 5.013507084280843e-7
6413.7 3.179066575684385e-7
6414.0 2.0041702084570356e-7
6414.3 1.2561764858971236e-7
6414.6 7.828033076775158e-8
6414.9 4.850043602439893e-8
6415.2 2.9876926924507735e-8
6415.5 1.8299071207126677e-8
6415.8 1.1143744134985349e-8
6416.1 6.747602314430873e-9
6416.4 4.0624832805416056e-9
6416.7 2.4319813207900536e-9
6417.0 1.4476584317174244e-9
6417.3 8.568845390074523e-10
6417.6 5.043399201276567e-10
6417.9 2.9517687281249445e-10
6418.2 1.717927520413485e-10
6418.5 9.943101058151427e-11
6418.8 5.722023209257538e-11
6419.1 3.2754012750405514e-11
6419.4 1.863260042844685e-11
6419.7 1.0562779766658129e-11
6420.0 5.940070048302161e-12
6420.3 3.3207344751588763e-12
6420.6 1.861644135390725e-12
6420.9 1.0370602963080504e-12
6421.2 5.889181964357018e-13
6421.5 3.594835543065285e-13
6421.8 2.813013832828927e-13
6422.1 3.04929679054676e-13
6422.4 4.707535982360065e-13
6422.7 8.721386984555403e-13
6423.0 1.6668819123958885e-12
6423.3 3.209763626983291e-12
6423.6 6.185350189138696e-12
6423.9 1.1800692743807592e-11
6424.2 2.237174284444799e-11
6424.5 4.2062973626581855e-11
6424.8 7.844909026858901e-11
6425.1 1.4512667305387487e-10
6425.4 2.662943382072773e-10
6425.7 4.846709944564523e-10
6426.0 8.749484303970641e-10
6426.3 1.5667375282884164e-9
6426.6 2.7827354872599355e-9
6426.9 4.9024582756889686e-9
6427.2 8.566869139324533e-9
6427.5 1.4848957595076518e-8
6427.8 2.5529177848856474e-8
6428.1 4.3535594449630324e-8
6428.4 7.364093364815952e-8
6428.7 1.235554233969812e-7
6429.0 2.056233266301344e-7
6429.3 3.3943105235186434e-7
6429.6 5.55776223510758e-7
6429.9 9.026476140669188e-7
6430.2 1.4541431789339494e-6
6430.5 2.3236335075680573e-6
6430.8 3.6829910213871267e-6
6431.1 5.7903845115205855e-6
6431.4 9.030030354634626e-6
6431.7 1.396842915772984e-5
6432.0 2.143306269035102e-5
6432.3 3.262129676595343e-5
6432.6 4.924938335129538e-5
6432.9 7.375401409630195e-5
6433.2 0.00010956172478595105
6433.5 0.00016144474218747834
6433.8 0.0002359853810588609
6434.1 0.0003421743480791464
6434.4 0.0004921722914453668
6434.7 0.0007022670984883159
6435.0 0.00099406250141442
6435.3 0.0013959392122152576
6435.6 0.0019448367856961222
6435.9 0.0026884256082425092
6436.2 0.0036877803740093663
6436.5 0.005020763835553888
6436.8 0.00678653936622743
6437.1 0.009112043096652233
6437.4 0.012162035641087306
6437.7 0.016155808184265725
6438.0 0.021396115192243312
6438.3 0.02832000474739177
6438.6 0.03758759532520428
6438.9 0.050233970347627506
6439.2 0.06792155433402092
6439.5 0.0933444840530379
6439.8 0.13085013015860344
6440.1 0.18735063120915996
6440.4 0.27359005468826764
6440.7 0.4057994331471093
6441.0 0.6076992019916689
6441.3 0.912688069305762
6441.6 1.365889241989183
6441.9 2.0255300421720137
6442.2 2.9629510576500473
6442.5 4.26044496579109
6442.8 6.006195209067936
6443.1 8.285887167489022
6443.4 11.171140044531741
6443.7 14.70569112549252
6444.0 18.89113888091635
6444.3 23.674766869475675
6444.6 28.942292245645188
6444.9 34.51807126949139
6445.2 40.17430424636336
6445.5 45.649169257992774
6445.8 50.671981160966226
6446.1 54.99177202852359
6446.4 58.404678154859894
6446.7 60.775442792580236
6447.0 62.04937001693136
6447.3 62.25289270680019
6447.6 61.48325258473607
6447.9 59.88993654615378
6448.2 57.65206963214701
6448.5 54.95654584868116
6448.8 51.98112937783497
6449.1 48.885305722980725
6449.4 45.80956811240944
6449.7 42.881679255592
6450.0 40.226625546959966
6450.3 37.97601210342667
6450.6 36.272656453642455
6450.9 35.26719334845593
6451.2 35.10535936736942
6451.5 35.90694389480855
6451.8 37.73965700358528
6452.1 40.59296851139126
6452.4 44.35781823030061
6452.7 48.81780719798621
6453.0 53.655918046641546
6453.3 58.478217553823015
6453.6 62.85276339455231
6453.9 66.35878319985659
6454.2 68.6387552753722
6454.5 69.44493088717581
6454.8 68.67245105447864
6455.1 66.37339812302031
6455.4 62.74943164800685
6455.7 58.12441134159097
6456.0 52.901719809414246
6456.3 47.51324837316808
6456.6 42.36785465106462
6456.9 37.80649154607315
6457.2 34.06949405363673
6457.5 31.27916136544887
6457.8 29.438303980227232
6458.1 28.443228731699087
6458.4 28.10799783284457
6458.7 28.195772757956426
6459.0 28.452657653260058
6459.3 28.639632734067217
6459.6 28.55883976880274
6459.9 28.071548852108098
6460.2 27.106492886287754
6460.5 25.65869982712107
6460.8 23.780269103602393
6461.1 21.565522339643046
6461.4 19.13343210628528
6461.7 16.61020269889148
6462.0 14.114322947729907
6462.3 11.745623341778348
6462.6 9.578916988222208
6462.9 7.662008534968713
6463.2 6.017247038125921
6463.5 4.645498362892305
6463.8 3.5313714938221477
6464.1 2.6486926130584245
6464.4 1.965491399964064
6464.7 1.4480676702781157
6465.0 1.0639672098404551
6465.3 0.783899566865461
6465.6 0.5827495499718884
6465.9 0.4398919970851807
6466.2 0.33902313827227815
6466.5 0.2676987249378055
6466.8 0.21672919762776396
6467.1 0.17954118450325088
6467.4 0.1515763821344567
6467.7 0.12976829713580113
6468.0 0.11211339496367714
6468.3 0.09733751638481526
6468.6 0.08464843898280265
6468.9 0.0735601767852353
6469.2 0.06377375744762813
6469.5 0.05509963313141851
6469.8 0.0474094560076062
6470.1 0.040607565703933785
6470.4 0.03461496849611303
6470.7 0.029360985847465566
6471.0 0.024779300713651288
6471.3 0.020806418893321896
6471.6 0.017381320165670473
6471.9 0.014445675288344598
6472.2 0.011944228247997526
6472.5 0.009825181178588549
6472.8 0.008040506330030292
6473.1 0.006546138620501891
6473.4 0.005302064206141703
6473.7 0.004272303148385091
6474.0 0.0034248053264614746
6474.3 0.002731278411345471
6474.6 0.0021669656826511573
6474.9 0.0017103847843116609
6475.2 0.0013430466599483773
6475.5 0.0010491649105250787
6475.8 0.0008153641340614651
6476.1 0.000630397689743587
6476.4 0.0004848782496700711
6476.7 0.0003710272424210765
6477.0 0.0002824449787259223
6477.3 0.00021390300301678337
6477.6 0.00016115908925009103
6477.9 0.00012079462952255477
6478.2 9.007314200552996e-5
6478.5 6.681867871052834e-5
6478.8 4.931230751630488e-5
6479.1 3.620492039530576e-5
6479.4 2.6444460741444325e-5
6479.7 1.921572250570441e-5
6480.0 1.3891000261687517e-5
6480.3 9.989992777003064e-6
6480.6 7.147459328240202e-6
6480.9 5.087366695402152e-6
6481.2 3.602377246182606e-6
6481.5 2.537699712592015e-6
6481.8 1.7784680408107817e-6
6482.1 1.2399573494657302e-6
6482.4 8.600471340668626e-7
6482.7 5.934615555097206e-7
6483.0 4.073969579860594e-7
6483.3 2.7822605465619473e-7
6483.6 1.8903082832366636e-7
6483.9 1.2776806102010596e-7
6484.2 8.591457145712411e-8
6484.5 5.747330433791831e-8
6484.8 3.824902350402226e-8
6485.1 2.5323828367618262e-8
6485.4 1.6679891245985345e-8
6485.7 1.0929791294245206e-8
6486.0 7.125008583130921e-9
6486.3 4.6207628834338266e-9
6486.6 2.9812388113725774e-9
6486.9 1.9135282247617624e-9
6487.2 1.2218772660332888e-9
6487.5 7.762033793490275e-10
6487.8 4.905441608471506e-10
6488.1 3.0841509901513575e-10
6488.4 1.9290660735471477e-10
6488.7 1.200368970888377e-10
6489.0 7.430827481114122e-11
6489.3 4.5762116318570634e-11
6489.6 2.8037889718279807e-11
6489.9 1.7090351703274997e-11
6490.2 1.0362229303784165e-11
6490.5 6.250831449672312e-12
6490.8 3.752173485110921e-12
6491.1 2.2399161518638078e-12
6491.4 1.330552096452664e-12
6491.7 7.862733901464747e-13
6492.0 4.622182085863014e-13
6492.3 2.6962728382450007e-13
6492.6 1.5742214389685705e-13
6492.9 9.127135082876575e-14
6493.2 5.275316790928457e-14
6493.5 2.930731625807627e-14
6493.8 1.7584388738406224e-14
6494.1 9.210870049536704e-15
6494.4 5.861462912802075e-15
6494.7 3.349407348492866e-15
6495.0 1.674703674246433e-15
6495.3 0.0
6495.6 8.373518371232165e-16
6495.9 8.373518371232165e-16
6496.2 0.0
6496.5 0.0
6496.8 0.0
6497.1 0.0
6497.4 0.0
6497.7 0.0
6498.0 0.0
6498.3 0.0
6498.6 0.0
6498.9 0.0
6499.2 0.0
6499.5 0.0
6499.8 0.0
6500.1 0.0
6500.4 0.0
6500.7 0.0
6501.0 0.0
6501.3 0.0
6501.6 0.0
6501.9 0.0
6502.2 0.0
6502.5 0.0
6502.8 0.0
6503.1 0.0
6503.4 0.0
6503.7 0.0
6504.0 0.0
6504.3 0.0
6504.6 0.0
6504.9 0.0
6505.2 0.0
6505.5 0.0
6505.8 0.0
6506.1 0.0
6506.4 0.0
6506.7 0.0
6507.0 0.0
6507.3 0.0
6507.6 0.0
6507.9 0.0
6508.2 0.0
6508.5 0.0
6508.8 0.0
6509.1 0.0
6509.4 0.0
6509.7 0.0
6510.0 0.0
6510.3 0.0
6510.6 0.0
6510.9 0.0
6511.2 0.0
6511.5 0.0
6511.8 0.0
6512.1 0.0
6512.4 0.0
6512.7 0.0
6513.0 0.0
6513.3 0.0
6513.6 0.0
6513.9 0.0
6514.2 0.0
6514.5 0.0
6514.8 0.0
6515.1 0.0
6515.4 0.0
6515.7 0.0
6516.0 0.0
6516.3 0.0
6516.6 0.0
6516.9 0.0
6517.2 0.0
6517.5 0.0
6517.8 0.0
6518.1 0.0
6518.4 0.0
6518.7 0.0
6519.0 0.0
6519.3 0.0
6519.6 0.0
6519.9 0.0
6520.2 0.0
6520.5 0.0
6520.8 0.0
6521.1 0.0
6521.4 0.0
6521.7 0.0
6522.0 0.0
6522.3 0.0
6522.6 0.0
6522.9 0.0
6523.2 0.0
6523.5 0.0
6523.8 0.0
6524.1 0.0
6524.4 0.0
6524.7 0.0
6525.0 0.0
6525.3 0.0
6525.6 0.0
6525.9 0.0
6526.2 0.0
6526.5 0.0
6526.8 0.0
6527.1 0.0
6527.4 0.0
6527.7 0.0
6528.0 0.0
6528.3 0.0
6528.6 0.0
6528.9 0.0
6529.2 0.0
6529.5 0.0
6529.8 0.0
6530.1 0.0
6530.4 0.0
6530.7 0.0
6531.0 0.0
6531.3 0.0
6531.6 0.0
6531.9 0.0
6532.2 0.0
6532.5 0.0
6532.8 0.0
6533.1 0.0
6533.4 0.0
6533.7 0.0
6534.0 0.0
6534.3 0.0
6534.6 0.0
6534.9 0.0
6535.2 0.0
6535.5 0.0
6535.8 0.0
6536.1 0.0
6536.4 0.0
6536.7 0.0
6537.0 0.0
6537.3 0.0
6537.6 0.0
6537.9 0.0
6538.2 0.0
6538.5 0.0
6538.8 0.0
6539.1 0.0
6539.4 0.0
6539.7 0.0
6540.0 0.0
6540.3 0.0
6540.6 0.0
6540.9 0.0
6541.2 0.0
6541.5 0.0
6541.8 0.0
6542.1 0.0
6542.4 0.0
6542.7 0.0
6543.0 0.0
6543.3 0.0
6543.6 0.0
6543.9 0.0
6544.2 0.0
6544.5 0.0
6544.8 0.0
6545.1 0.0
6545.4 0.0
6545.7 0.0
6546.0 0.0
6546.3 0.0
6546.6 0.0
6546.9 0.0
6547.2 0.0
6547.5 0.0
6547.8 0.0
6548.1 0.0
6548.4 0.0
6548.7 0.0
6549.0 0.0
6549.3 0.0
6549.6 0.0
6549.9 0.0
6550.2 0.0
6550.5 0.0
6550.8 0.0
6551.1 0.0
6551.4 0.0
6551.7 0.0
6552.0 0.0
6552.3 0.0
6552.6 0.0
6552.9 0.0
6553.2 0.0
6553.5 0.0
6553.8 0.0
6554.1 0.0
6554.4 0.0
6554.7 0.0
6555.0 0.0
6555.3 0.0
6555.6 0.0
6555.9 0.0
6556.2 0.0
6556.5 0.0
6556.8 0.0
6557.1 0.0
6557.4 0.0
6557.7 0.0
6558.0 0.0
6558.3 0.0
6558.6 0.0
6558.9 0.0
6559.2 0.0
6559.5 0.0
6559.8 0.0
6560.1 0.0
6560.4 0.0
6560.7 0.0
6561.0 0.0
6561.3 0.0
6561.6 0.0
6561.9 0.0
6562.2 0.0
6562.5 0.0
6562.8 0.0
6563.1 0.0
6563.4 0.0
6563.7 0.0
6564.0 0.0
6564.3 0.0
6564.6 0.0
6564.9 0.0
6565.2 0.0
6565.5 0.0
6565.8 0.0
6566.1 0.0
6566.4 0.0
6566.7 0.0
6567.0 0.0
6567.3 0.0
6567.6 0.0
6567.9 0.0
6568.2 0.0
6568.5 0.0
6568.8 0.0
6569.1 0.0
6569.4 0.0
6569.7 0.0
6570.0 0.0
6570.3 0.0
6570.6 0.0
6570.9 0.0
6571.2 0.0
6571.5 0.0
6571.8 0.0
6572.1 0.0
6572.4 0.0
6572.7 0.0
6573.0 0.0
6573.3 0.0
6573.6 0.0
6573.9 0.0
6574.2 0.0
6574.5 0.0
6574.8 0.0
6575.1 0.0
6575.4 0.0
6575.7 0.0
6576.0 0.0
6576.3 0.0
6576.6 0.0
6576.9 0.0
6577.2 0.0
6577.5 0.0
6577.8 0.0
6578.1 0.0
6578.4 0.0
6578.7 0.0
6579.0 0.0
6579.3 0.0
6579.6 0.0
6579.9 0.0
6580.2 0.0
6580.5 0.0
6580.8 0.0
6581.1 0.0
6581.4 0.0
6581.7 0.0
6582.0 0.0
6582.3 0.0
6582.6 0.0
6582.9 0.0
6583.2 0.0
6583.5 0.0
6583.8 0.0
6584.1 0.0
6584.4 0.0
6584.7 0.0
6585.0 0.0
6585.3 0.0
6585.6 0.0
6585.9 0.0
6586.2 0.0
6586.5 0.0
6586.8 0.0
6587.1 0.0
6587.4 0.0
6587.7 0.0
6588.0 0.0
6588.3 0.0
6588.6 0.0
6588.9 0.0
6589.2 0.0
6589.5 0.0
6589.8 0.0
6590.1 0.0
6590.4 0.0
6590.7 0.0
6591.0 0.0
6591.3 0.0
6591.6 0.0
6591.9 0.0
6592.2 0.0
6592.5 0.0
6592.8 0.0
6593.1 0.0
6593.4 0.0
6593.7 0.0
6594.0 0.0
6594.3 0.0
6594.6 0.0
6594.9 0.0
6595.2 0.0
6595.5 0.0
6595.8 0.0
6596.1 0.0
6596.4 0.0
6596.7 0.0
6597.0 0.0
6597.3 0.0
6597.6 0.0
6597.9 0.0
6598.2 4.3983408689997144e-16
6598.5 4.3983408689997144e-16
6598.8 0.0
6599.1 8.796681737999429e-16
6599.4 1.3195022077603551e-15
6599.7 1.7593363475998857e-15
6600.0 2.6390044155207102e-15
6600.3 3.958506835039302e-15
6600.6 7.037345390399543e-15
6600.9 1.0116183945759784e-14
6601.2 1.583402734015721e-14
6601.5 2.419087472655887e-14
6601.8 3.7825730096969004e-14
6602.1 5.761826427216551e-14
6602.4 8.75269840871877e-14
6602.7 1.3370955818242658e-13
6603.0 2.023236721389321e-13
6603.3 3.061245105063365e-13
6603.6 4.609461141773241e-13
6603.9 6.931784790262241e-13
6604.2 1.0375685770627752e-12
6604.5 1.5495354565436825e-12
6604.8 2.306489851541804e-12
6605.1 3.4227887451415695e-12
6605.4 5.0624903574769675e-12
6605.7 7.464424044145712e-12
6606.0 1.0972540584464063e-11
6606.3 1.6077694731109204e-11
6606.6 2.3485380307164405e-11
6606.9 3.419973679252841e-11
6607.2 4.964407357421763e-11
6607.5 7.183897920981508e-11
6607.8 1.036328245440643e-10
6608.1 1.4902809541972317e-10
6608.4 2.1364417593547653e-10
6608.7 3.053108779422528e-10
6609.0 4.3494983443043757e-10
6609.3 6.176983534737069e-10
6609.6 8.744885826964721e-10
6609.9 1.2341578380838424e-9
6610.2 1.7363279834862276e-9
6610.5 2.435178897730932e-9
6610.8 3.4046662912290144e-9
6611.1 4.745253182383e-9
6611.4 6.593056493887418e-9
6611.7 9.131822604795575e-9
6612.0 1.2608755259508014e-8
6612.3 1.7355295673101267e-8
6612.6 2.3814298346528034e-8
6612.9 3.2575528830544255e-8
6613.2 4.442166945065847e-8
6613.5 6.038793621021383e-8
6613.8 8.183901323319893e-8
6614.1 1.105679242737953e-7
6614.4 1.489226857712527e-7
6614.7 1.999681296928845e-7
6615.0 2.676922956477876e-7
6615.3 3.5726810189347594e-7
6615.6 4.7538541074548465e-7
6615.9 6.306711446861307e-7
6616.2 8.34219652531609e-7
6616.5 1.1002621750448572e-6
6616.8 1.4470113338016424e-6
6617.1 1.8977273044793906e-6
6617.4 2.4820641851923658e-6
6617.7 3.2377767943685322e-6
6618.0 4.212886725155077e-6
6618.3 5.468445024918189e-6
6618.6 7.082075744734907e-6
6618.9 9.152536278248645e-6
6619.2 1.1805637075326642e-5
6619.5 1.5201955274477748e-5
6619.8 1.954697750646256e-5
6620.1 2.510448132282856e-5
6620.4 3.221433334054886e-5
6620.7 4.1316218602123e-5
6621.0 5.298145423834509e-5
6621.3 6.79557343179314e-5
6621.6 8.721666837302747e-5
6621.9 0.00011205146286068739
6622.2 0.00014416192059950151
6622.5 0.0001858072059026969
6622.8 0.0002399995284979165
6623.1 0.0003107770467995115
6623.4 0.00040359491158600445
6623.7 0.0005259075854712464
6624.0 0.0006880780474587214
6624.3 0.00090486434618704
6624.6 0.0011979408946317651
6624.9 0.0016002550685883469
6625.2 0.00216355699376995
6625.5 0.0029711946589864096
6625.8 0.004159205113895484
6626.1 0.005949652541172816
6626.4 0.008700652510359832
6626.7 0.012976853365353687
6627.0 0.019641350489646766
6627.3 0.02996411857780261
6627.6 0.04573260714358121
6627.9 0.06933781955087663
6628.2 0.10379692180605232
6628.5 0.1526658431292521
6628.8 0.2197998168148318
6629.1 0.30894223846795016
6629.4 0.42316701701590137
6629.7 0.5642617564831499
6630.0 0.7322089762293141
6630.3 0.9249754671276843
6630.6 1.1388344372126848
6630.9 1.3693970370543709
6631.2 1.6134111022294584
6631.5 1.8712048840079412
6631.8 2.149441674229
6632.1 2.463652075445197
6632.4 2.839870486207835
6632.7 3.314676634935315
6633.0 3.9330576196229443
6633.3 4.743792241637678
6633.6 5.7925046091949355
6633.9 7.113122886565654
6634.2 8.719104535956525
6634.5 10.596349199233883
6634.8 12.70000959846573
6635.1 14.957261935173126
6635.4 17.277411802338875
6635.7 19.569447483717283
6636.0 21.765566814157403
6636.3 23.847528318602635
6636.6 25.8713873746502
6636.9 27.985546523032554
6637.2 30.437308591788813
6637.5 33.564230594031855
6637.8 37.76843588097816
6638.1 43.47433364796278
6638.4 51.07275866640294
6638.7 60.85710650301663
6639.0 72.95935545373538
6639.3 87.29556004185197
6639.6 103.53098354755721
6639.9 121.07398030390469
6640.2 139.1046971378644
6640.5 156.63968124502367
6640.8 172.62729101505244
6641.1 186.0625163175154
6641.4 196.10499787917388
6641.7 202.1819593101053
6642.0 204.0592943761867
6642.3 201.86893410308676
6642.6 196.0879886411858
6642.9 187.47333236027225
6643.2 176.96250864624926
6643.5 165.55666092885076
6643.8 154.20294033562732
6644.1 143.69246645951807
6644.4 134.58623698106243
6644.7 127.17627650328836
6645.0 121.48404120815138
6645.3 117.2931372836787
6645.6 114.20956771669572
6645.9 111.73989145943857
6646.2 109.37620300247418
6646.5 106.67656854167667
6646.8 103.33060220748419
6647.1 99.20216957144216
6647.4 94.3444587608047
6647.7 88.98653656899424
6648.0 83.49439457991136
6648.3 78.3128841146853
6648.6 73.89738155552327
6648.9 70.64535400551131
6649.2 68.83815991687582
6649.5 68.60252782072268
6649.8 69.89926336392227
6650.1 72.54388213135726
6650.4 76.26011203620503
6650.7 80.76268747766522
6651.0 85.86109551476777
6651.3 91.57143542559564
6651.6 98.22021454614645
6651.9 106.52226428776376
6652.2 117.61531129252523
6652.5 133.03615963480058
6652.8 154.62790101645658
6653.1 184.3740056306188
6653.4 224.16384967740942
6653.7 275.5052942352204
6654.0 339.2128045731524
6654.3 415.1125208877147
6654.6 501.8154831253014
6654.9 596.6129234432428
6655.2 695.5391681363453
6655.5 793.6270854617032
6655.8 885.3490282495404
6656.1 965.1995038011082
6656.4 1028.3414598648233
6656.7 1071.2163274442319
6657.0 1092.0152356422232
6657.3 1090.9272667886034
6657.6 1070.117837690595
6657.9 1033.4371330103847
6658.2 985.9052563514019
6658.5 933.0562525401161
6658.8 880.2419750772577
6659.1 831.9957239072068
6659.4 791.5391925627222
6659.7 760.4885840789302
6660.0 738.7846379997925
6660.3 724.8411910041268
6660.6 715.8804998444991
6660.9 708.4032288217506
6661.2 698.726462853556
6661.5 683.5160374355221
6661.8 660.2410968616655
6662.1 627.4901815047501
6662.4 585.1096030664634
6662.7 534.1532174514142
6663.0 476.66404879657784
6663.3 415.33503410138655
6663.6 353.1138723911572
6663.9 292.82056160228603
6664.2 236.8361597733492
6664.5 186.90104179596165
6664.8 144.0350657732488
6665.1 108.56848745317257
6665.4 80.25508739374345
6665.7 58.431063478703436
6666.0 42.184431775765916
6666.3 30.5075934160418
6666.6 22.41675074080331
6666.9 17.032744621839186
6667.2 13.626136280332133
6667.5 11.633998013960998
6667.8 10.657118844813251
6668.1 10.445105720786358
6668.4 10.874503014401498
6668.7 11.922589195099363
6669.0 13.637817474569104
6669.3 16.10721319073013
6669.6 19.421539118748797
6669.9 23.640383952549513
6670.2 28.761082950402752
6670.5 34.696921094545765
6670.8 41.27072502741619
6671.1 48.229133426719656
6671.4 55.280303836228825
6671.7 62.153667639087274
6672.0 68.67540134580216
6672.3 74.84855776379754
6672.6 80.92350554761566
6672.9 87.44328493740298
6673.2 95.25024317745934
6673.5 105.44440920885388
6673.8 119.29014491355277
6674.1 138.07469866660082
6674.4 162.93001629458675
6674.7 194.63651115322216
6675.0 233.43413639701245
6675.3 278.87032137066774
6675.6 329.71516330742793
6675.9 383.96938734949595
6676.2 438.98018148870324
6676.5 491.6635307676855
6676.8 538.8126573274376
6677.1 577.4538253459134
6677.4 605.1978067424707
6677.7 620.5318532339253
6678.0 623.0041839656228
6678.3 613.2701576841482
6678.6 592.9926295435853
6678.9 564.6136868923222
6679.2 531.0351905066909
6679.5 495.2581642166815
6679.8 460.0338993033597
6680.1 427.5733802186646
6680.4 399.34914107533916
6680.7 376.0075766311042
6681.0 357.39337678102856
6681.3 342.6732682368985
6681.6 330.5348137844278
6681.9 319.42847715840855
6682.2 307.8176775857296
6682.5 294.40255518251416
6682.8 278.2886036261212
6683.1 259.0807455054673
6683.4 236.89578384090524
6683.7 212.2992651705349
6684.0 186.1843956600531
6684.3 159.6185744267471
6684.6 133.68562685651102
6684.9 109.34900811016664
6685.2 87.35398417878432
6685.5 68.1771374936675
6685.8 52.02184653910547
6686.1 38.85075150149987
6686.4 28.44181759926053
6686.7 20.453777748610786
6687.0 14.488800516911127
6687.3 10.144060483744441
6687.6 7.048193441759611
6687.9 4.882370872083779
6688.2 3.3883155725362117
6688.5 2.3668568154801912
6688.8 1.670783629674686
6689.1 1.1951819740368261
6689.4 0.8675293492436206
6689.7 0.6388933780255097
6690.0 0.4768201310452735
6690.3 0.3599841343323529
6690.6 0.274384447276142
6690.9 0.21075998219481892
6691.2 0.16289436071946758
6691.5 0.1265319891027636
6691.8 0.09869525851602741
6692.1 0.07725584332312144
6692.4 0.060663434502221086
6692.7 0.04777097747458939
6693.0 0.03771926572045681
6693.3 0.029858610507000026
6693.6 0.02369420282543962
6693.9 0.01884710787824663
6694.2 0.015025885393301764
6694.5 0.012005620086588611
6694.8 0.009612248786335573
6695.1 0.007710740707160624
6695.4 0.006196119011894892
6695.7 0.004986605997123602
6696.0 0.004018364403921698
6696.3 0.003241454315777369
6696.6 0.0026167158982987548
6696.9 0.0021133630375482016
6697.2 0.001707123798860709
6697.5 0.0013788021512957393
6697.8 0.0011131668314901442
6698.1 0.0008980894970584991
6698.4 0.0007238787740801211
6698.7 0.0005827628174469692
6699.0 0.0004684879362214265
6699.3 0.0003760059597140775
6699.6 0.00030123008349033995
6699.9 0.0002408435733848625
6700.2 0.00019214926983191695
6700.5 0.00015295046530720637
6700.8 0.00012145620118553817
6701.1 9.620558517451069e-5
6701.4 7.600697184354035e-5
6701.7 5.9888733625977147e-5
6702.0 4.705938434279267e-5
6702.3 3.687497511295004e-5
6702.6 2.8812454637706555e-5
6702.9 2.2447792516308645e-5
6703.2 1.7437993070536464e-5
6703.5 1.3506283894477123e-5
6703.8 1.042991783203964e-5
6704.1 8.030125898655888e-6
6704.4 6.16385920446799e-6
6704.7 4.7169964484696964e-6
6705.0 3.598782936823838e-6
6705.3 2.737276139619005e-6
6705.6 2.0756340638262066e-6
6705.9 1.5690953216232733e-6
6706.2 1.1825287527584183e-6
6706.5 8.884560984278836e-7
6706.8 6.654577837057653e-7
6707.1 4.968942253017538e-7
6707.4 3.698837669428614e-7
6707.7 2.744881244069487e-7
6708.0 2.0306644571982972e-7
6708.3 1.497643775769282e-7
6708.6 1.1011187298222945e-7
6708.9 8.070763687711372e-8
6709.2 5.8972539279813314e-8
6709.5 4.2957518852534114e-8
6709.8 3.119485062850477e-8
6710.1 2.2582957515018386e-8
6710.4 1.629792601091111e-8
6710.7 1.172568362461006e-8
6711.0 8.410022500899638e-9
6711.3 6.013274933153438e-9
6711.6 4.2862405742453115e-9
6711.9 3.045774400021514e-9
6712.2 2.157609747086894e-9
6712.5 1.5236949479913164e-9
6712.8 1.072702482396437e-9
6713.1 7.528597190109565e-10
6713.4 5.267478675463622e-10
6713.7 3.674042459156368e-10
6714.0 2.5546931237130366e-10
6714.3 1.7708902400048743e-10
6714.6 1.22373819411159e-10
6714.9 8.430400821879402e-11
6715.2 5.789761031715912e-11
6715.5 3.9638011622988856e-11
6715.8 2.705451661311198e-11
6716.1 1.8407083149374337e-11
6716.4 1.2486075541551234e-11
6716.7 8.443119467460569e-12
6717.0 5.6923406960285305e-12
6717.3 3.825112102062711e-12
6717.6 2.5627033047731507e-12
6717.9 1.710272982263783e-12
6718.2 1.1392799681084198e-12
6718.5 7.577158843939669e-13
6718.8 4.992806298606545e-13
6719.1 3.301476388280211e-13
6719.4 2.1784332150664998e-13
6719.7 1.42071724935737e-13
6720.0 9.336142156677468e-14
6720.3 5.95348220049953e-14
6720.6 4.059192286226705e-14
6720.9 2.4355153378547052e-14
6721.2 1.623676948372e-14
6721.5 1.082451270680235e-14
6721.8 6.765320335872351e-15
6722.1 4.05919237093e-15
6722.4 2.7061281767005877e-15
6722.7 2.7061281767005877e-15
6723.0 0.0
6723.3 1.3530640883502938e-15
6723.6 1.3530640883502938e-15
6723.9 0.0
6724.2 0.0
6724.5 0.0
6724.8 0.0
6725.1 0.0
6725.4 0.0
6725.7 0.0
6726.0 0.0
6726.3 0.0
6726.6 0.0
6726.9 0.0
6727.2 0.0
6727.5 0.0
6727.8 0.0
6728.1 0.0
6728.4 0.0
6728.7 0.0
6729.0 0.0
6729.3 0.0
6729.6 0.0
6729.9 0.0
6730.2 0.0
6730.5 0.0
6730.8 0.0
6731.1 0.0
6731.4 0.0
6731.7 0.0
6732.0 0.0
6732.3 0.0
6732.6 0.0
6732.9 0.0
6733.2 0.0
6733.5 0.0
6733.8 0.0
6734.1 0.0
6734.4 0.0
6734.7 0.0
6735.0 0.0
6735.3 0.0
6735.6 0.0
6735.9 0.0
6736.2 0.0
6736.5 0.0
6736.8 0.0
6737.1 0.0
6737.4 0.0
6737.7 0.0
6738.0 0.0
6738.3 0.0
6738.6 0.0
6738.9 0.0
6739.2 0.0
6739.5 0.0
6739.8 0.0
6740.1 0.0
6740.4 0.0
6740.7 0.0
6741.0 0.0
6741.3 0.0
6741.6 0.0
6741.9 0.0
6742.2 0.0
6742.5 0.0
6742.8 0.0
6743.1 0.0
6743.4 0.0
6743.7 0.0
6744.0 0.0
6744.3 0.0
6744.6 0.0
6744.9 0.0
6745.2 0.0
6745.5 0.0
6745.8 0.0
6746.1 0.0
6746.4 0.0
6746.7 0.0
6747.0 0.0
6747.3 0.0
6747.6 0.0
6747.9 0.0
6748.2 0.0
6748.5 0.0
6748.8 0.0
6749.1 0.0
6749.4 0.0
6749.7 0.0
6750.0 0.0
6750.3 0.0
6750.6 0.0
6750.9 0.0
6751.2 0.0
6751.5 0.0
6751.8 0.0
6752.1 0.0
6752.4 0.0
6752.7 0.0
6753.0 0.0
6753.3 0.0
6753.6 0.0
6753.9 0.0
6754.2 0.0
6754.5 0.0
6754.8 0.0
6755.1 0.0
6755.4 0.0
6755.7 0.0
6756.0 0.0
6756.3 0.0
6756.6 0.0
6756.9 0.0
6757.2 0.0
6757.5 0.0
6757.8 0.0
6758.1 0.0
6758.4 0.0
6758.7 0.0
6759.0 0.0
6759.3 0.0
6759.6 0.0
6759.9 0.0
6760.2 0.0
6760.5 0.0
6760.8 0.0
6761.1 0.0
6761.4 0.0
6761.7 0.0
6762.0 0.0
6762.3 0.0
6762.6 0.0
6762.9 0.0
6763.2 0.0
6763.5 0.0
6763.8 0.0
6764.1 0.0
6764.4 0.0
6764.7 0.0
6765.0 0.0
6765.3 0.0
6765.6 0.0
6765.9 0.0
6766.2 0.0
6766.5 0.0
6766.8 0.0
6767.1 0.0
6767.4 0.0
6767.7 0.0
6768.0 9.118957657397193e-16
6768.3 9.118957657397193e-16
6768.6 0.0
6768.9 1.8237915314794385e-15
6769.2 1.8237915314794385e-15
6769.5 3.647583062958877e-15
6769.8 5.471374170921842e-15
6770.1 8.207061468141e-15
6770.4 1.2766539873323123e-14
6770.7 1.914981065701763e-14
6771.0 2.9180664503671017e-14
6771.3 4.5594787439953016e-14
6771.6 6.748028242957449e-14
6771.9 1.0395611644729505e-13
6772.2 1.5775796196725728e-13
6772.5 2.3618100205603787e-13
6772.8 3.5746313678183816e-13
6773.1 5.343708873832564e-13
6773.4 7.97908776811046e-13
6773.7 1.1900238823872589e-12
6774.0 1.7690777228546173e-12
6774.3 2.618964507067334e-12
6774.6 3.870085675539148e-12
6774.9 5.699348111509739e-12
6775.2 8.366643315660394e-12
6775.5 1.2247671626886003e-11
6775.8 1.7875891739072003e-11
6776.1 2.60118263734066e-11
6776.4 3.773606774282179e-11
6776.7 5.45842537835739e-11
6777.0 7.871666513059594e-11
6777.3 1.1318267156834594e-10
6777.6 1.6224996346458909e-10
6777.9 2.3189600240058894e-10
6778.2 3.3045094438577394e-10
6778.5 4.694913564490502e-10
6778.8 6.650291646165509e-10
6779.1 9.392043134138155e-10
6779.4 1.322461338622115e-9
6779.7 1.856543029268745e-9
6780.0 2.5985618285040532e-9
6780.3 3.626264570448566e-9
6780.6 5.045370376988102e-9
6780.9 6.998874482360741e-9
6781.2 9.679847756262718e-9
6781.5 1.3347885207391254e-8
6781.8 1.83510750995596e-8
6782.1 2.5154564234851448e-8
6782.4 3.4377853105473034e-8
6782.7 4.684347046841563e-8
6783.0 6.363985713022599e-8
6783.3 8.620273874952728e-8
6783.6 1.164199609310449e-7
6783.9 1.567656306824866e-7
6784.2 2.1047250891350613e-7
6784.5 2.8175105976560176e-7
6784.8 3.760684022135108e-7
6785.1 5.005024812937821e-7
6785.4 6.641896068637035e-7
6785.7 8.788900942605355e-7
6786.0 1.159701239889493e-6
6786.3 1.525955212943638e-6
6786.6 2.0023487828471935e-6
6786.9 2.620364538095997e-6
6787.2 3.4200625145719334e-6
6787.5 4.452336329485804e-6
6787.8 5.781768505529888e-6
6788.1 7.4902501597772555e-6
6788.4 9.681589962285751e-6
6788.7 1.2487414733026677e-5
6789.0 1.607475854436449e-5
6789.3 2.0655891141989477e-5
6789.6 2.6501116477195428e-5
6789.9 3.395555694203292e-5
6790.2 4.346126842807599e-5
6790.5 5.5586564428640896e-5
6790.8 7.106505716206947e-5
6791.1 9.084782487490958e-5
6791.4 0.0001161732422493596
6791.7 0.00014866070972856797
6792.0 0.0001904363072332205
6792.3 0.0002443013369834916
6792.6 0.00031395769027090745
6792.9 0.00040430877624179803
6793.2 0.000521859856095248
6793.5 0.0006752486033764604
6793.8 0.0008759459628376904
6794.1 0.001139177837713388
6794.4 0.0014851340594268837
6794.7 0.0019405492212370675
6795.0 0.0025407678117058312
6795.3 0.003332440158475912
6795.6 0.004377045751953273
6795.9 0.005755500681453397
6796.2 0.007574189257801386
6796.5 0.009972839649981531
6796.8 0.013134761122079716
6797.1 0.017300002055977013
6797.4 0.022781984534364703
6797.7 0.029988033869362322
6798.0 0.03944396751017298
6798.3 0.05182248373218085
6798.6 0.06797472686471008
6798.9 0.08896435597965176
6799.2 0.1161041575421225
6799.5 0.1509979170116716
6799.8 0.19559520345549733
6800.1 0.252275927461858
6800.4 0.3239943309993879
6800.7 0.41452913481800213
6801.0 0.5289035340192124
6801.3 0.6740515525394221
6801.6 0.8598035852096139
6801.9 1.100231634275855
6802.2 1.4153187286181028
6802.5 1.83278288085489
6802.8 2.3897025565932886
6803.1 3.1333747599949326
6803.4 4.120658464361497
6803.7 5.414998870655513
6804.0 7.080505991796292
6804.3 9.172958317077121
6804.6 11.728442336595613
6804.9 14.751401323275724
6805.2 18.20492807553251
6805.5 22.006811922891373
6805.8 26.03480104973032
6806.1 30.143506669855018
6806.4 34.193362779442595
6806.7 38.08941930817165
6807.0 41.825009775862824
6807.3 45.52323044255124
6807.6 49.468159878562844
6807.9 54.11815107561165
6808.2 60.09512489770668
6808.5 68.14646836777976
6808.8 79.07918464476764
6809.1 93.66957247846362
6809.4 112.55530631003717
6809.7 136.12073479916555
6810.0 164.38973044007176
6810.3 196.943057771486
6810.6 232.87781198147437
6810.9 270.82381084924623
6811.2 309.02554507953465
6811.5 345.48843873262234
6811.8 378.17656366998017
6812.1 405.23745548694376
6812.4 425.2219667726795
6812.7 437.26427430235026
6813.0 441.1915351754956
6813.3 437.5431699188571
6813.6 427.4943351779866
6813.9 412.6941698691253
6814.2 395.04342282252946
6814.5 376.4451971424551
6814.8 358.5658708690389
6815.1 342.64034825323324
6815.4 329.3475218165331
6815.7 318.7706054118389
6816.0 310.44394680507685
6816.3 303.4754892441124
6816.6 296.7233849880431
6816.9 288.9981364235282
6817.2 279.2585240153712
6817.5 266.7718227886944
6817.8 251.21552151150536
6818.1 232.70853228587657
6818.4 211.77227957645664
6818.7 189.23402348149102
6819.0 166.09363517782188
6819.3 143.37937863718264
6819.6 122.01744948071473
6819.9 102.7348922439867
6820.2 86.00745267590372
6820.5 72.05518319855466
6820.8 60.88066959771407
6821.1 52.33900055189356
6821.4 46.225455615713805
6821.7 42.36619007194158
6822.0 40.6983218493375
6822.3 41.328100902597626
6822.6 44.558499556936084
6822.9 50.88049246338356
6823.2 60.925318936115865
6823.5 75.3786632551594
6823.8 94.86226073869257
6824.1 119.79397079088545
6824.4 150.2434534329418
6824.7 185.80587163280092
6825.0 225.51878197466473
6825.3 267.84566775515117
6825.6 310.742399420053
6825.9 351.8103987603388
6826.2 388.5244152067636
6826.5 418.5069408671378
6826.8 439.80919433737995
6827.1 451.1537492599929
6827.4 452.09812174815
6827.7 443.091022092797
6828.0 425.4114456756875
6828.3 401.00091576308705
6828.6 372.21636312923573
6828.9 341.54279905319
6829.2 311.30831725487957
6829.5 283.44031221070327
6829.8 259.2921118005179
6830.1 239.55661276821047
6830.4 224.2700827307999
6830.7 212.89719451218843
6831.0 204.47882117331028
6831.3 197.81756187602878
6831.6 191.67303576506674
6831.9 184.93961501680315
6832.2 176.78369310311973
6832.5 166.72506534773856
6832.8 154.65685395523906
6833.1 140.80850918765645
6833.4 125.66533505276311
6833.7 109.86351271896274
6834.0 94.08120941245215
6834.3 78.9437289276866
6834.6 64.95506474575268
6834.9 52.46115708832599
6835.2 41.64342786702912
6835.5 32.53618486911827
6835.8 25.05888412596299
6836.1 19.05410048911685
6836.4 14.323702415814411
6836.7 10.658384202440333
6837.0 7.858448471102286
6837.3 5.745994370394108
6837.6 4.170079181739963
6837.9 3.0070066118759664
6838.2 2.1578192208460556
6838.5 1.5446218496157917
6838.8 1.106782493861578
6839.1 0.7975433140997997
6839.4 0.5812096015761182
6839.7 0.43088200117313924
6840.0 0.32662390927461843
6840.3 0.2539570901557062
6840.6 0.2026107917136333
6840.9 0.1654821415325874
6841.2 0.13778604108883283
6841.5 0.11637956600761493
6841.8 0.09924443527768596
6842.1 0.08510652512053817
6842.4 0.07316776267233435
6842.7 0.06292511540843908
6843.0 0.05405339990517209
6843.3 0.04633234503637286
6843.6 0.03960290019782281
6843.9 0.033741977554964615
6844.2 0.028648270096875397
6844.5 0.02423453193899754
6844.8 0.02042342922435983
6845.1 0.01714534464815252
6845.4 0.014337173842917961
6845.7 0.011941648200639712
6846.0 0.009906887200791688
6846.3 0.008186065339064864
6846.6 0.006737119897680321
6846.9 0.005522468723366999
6847.2 0.004508719842691904
6847.5 0.003666380536639053
6847.8 0.002969554526171601
6848.1 0.0023956403931934458
6848.4 0.001925028752910386
6848.7 0.0015408078203802576
6849.0 0.001228478198046359
6849.3 0.0009756806709501645
6849.6 0.0007719413407820628
6849.9 0.0006084345848372624
6850.2 0.0004777652464061023
6850.5 0.00037377120829983355
6850.8 0.00029134579175230796
6851.1 0.0002262797442513532
6851.4 0.000175121890190762
6851.7 0.00013505731433115456
6852.0 0.00010380185945270976
6852.3 7.951134791093691e-5
6852.6 6.0704217845639856e-5
6852.9 4.6195976990032706e-5
6853.2 3.5044168575261076e-5
6853.5 2.6502398803931415e-5
6853.8 1.9982263178696873e-5
6854.1 1.5021969005745953e-5
6854.4 1.12606817755164e-5
6854.7 8.417656184498591e-6
6855.0 6.27536766801212e-6
6855.3 4.665961489498407e-6
6855.6 3.460420341248776e-6
6855.9 2.559960050189718e-6
6856.2 1.8892253306136667e-6
6856.5 1.390941383667022e-6
6856.8 1.0217268640062396e-6
6857.1 7.488351449384457e-7
6857.4 5.476277156521622e-7
6857.7 3.996246453860577e-7
6858.0 2.910074694334139e-7
6858.3 2.1147335312755703e-7
6858.6 1.5336232642256442e-7
6858.9 1.1099469134551637e-7
6859.2 8.017009277785071e-8
6859.5 5.7789978592450805e-8
6859.8 4.1574130046229914e-8
6860.1 2.984848450643446e-8
6860.4 2.1386773545235216e-8
6860.7 1.5292737199804804e-8
6861.0 1.0912725455981097e-8
6861.3 7.771029599226732e-9
6861.6 5.522150963143194e-9
6861.9 3.9156954645286696e-9
6862.2 2.770546322349889e-9
6862.5 1.9559668884561177e-9
6862.8 1.377785996403702e-9
6863.1 9.682917315179118e-10
6863.4 6.78925950181597e-10
6863.7 4.749050683955369e-10
6864.0 3.3139858218733664e-10
6864.3 2.3068879445586887e-10
6864.6 1.601867514501587e-10
6864.9 1.109493451972865e-10
6865.2 7.665219609216678e-11
6865.5 5.2818763360447385e-11
6865.8 3.630160945065561e-11
6866.1 2.4882186859965377e-11
6866.4 1.7009227143080508e-11
6866.7 1.159811556148381e-11
6867.0 7.883769842737063e-12
6867.3 5.345946518038776e-12
6867.6 3.6144012960273152e-12
6867.9 2.4389334020940125e-12
6868.2 1.6379361940794786e-12
6868.5 1.0990140055471128e-12
6868.8 7.335360757293474e-13
6869.1 4.91709854248535e-13
6869.4 3.2374271015301915e-13
6869.7 2.1486287683954164e-13
