6165.0 0.0
6165.3 0.0
6165.6 0.0
6165.9 0.0
6166.2 0.0
6166.5 0.0
6166.8 0.0
6167.1 0.0
6167.4 0.0
6167.7 0.0
6168.0 0.0
6168.3 0.0
6168.6 0.0
6168.9 0.0
6169.2 0.0
6169.5 0.0
6169.8 0.0
6170.1 0.0
6170.4 0.0
6170.7 0.0
6171.0 0.0
6171.3 0.0
6171.6 0.0
6171.9 0.0
6172.2 0.0
6172.5 0.0
6172.8 0.0
6173.1 0.0
6173.4 0.0
6173.7 0.0
6174.0 0.0
6174.3 0.0
6174.6 0.0
6174.9 0.0
6175.2 0.0
6175.5 0.0
6175.8 0.0
6176.1 0.0
6176.4 0.0
6176.7 0.0
6177.0 0.0
6177.3 0.0
6177.6 0.0
6177.9 0.0
6178.2 0.0
6178.5 0.0
6178.8 0.0
6179.1 0.0
6179.4 0.0
6179.7 0.0
6180.0 0.0
6180.3 0.0
6180.6 0.0
6180.9 0.0
6181.2 0.0
6181.5 0.0
6181.8 0.0
6182.1 0.0
6182.4 0.0
6182.7 0.0
6183.0 0.0
6183.3 0.0
6183.6 0.0
6183.9 0.0
6184.2 0.0
6184.5 0.0
6184.8 0.0
6185.1 0.0
6185.4 0.0
6185.7 0.0
6186.0 0.0
6186.3 0.0
6186.6 0.0
6186.9 0.0
6187.2 0.0
6187.5 0.0
6187.8 0.0
6188.1 0.0
6188.4 0.0
6188.7 0.0
6189.0 0.0
6189.3 0.0
6189.6 0.0
6189.9 0.0
6190.2 0.0
6190.5 0.0
6190.8 0.0
6191.1 0.0
6191.4 0.0
6191.7 0.0
6192.0 0.0
6192.3 0.0
6192.6 0.0
6192.9 0.0
6193.2 0.0
6193.5 0.0
6193.8 0.0
6194.1 0.0
6194.4 0.0
6194.7 0.0
6195.0 0.0
6195.3 0.0
6195.6 0.0
6195.9 0.0
6196.2 0.0
6196.5 0.0
6196.8 0.0
6197.1 0.0
6197.4 0.0
6197.7 0.0
6198.0 0.0
6198.3 0.0
6198.6 0.0
6198.9 0.0
6199.2 0.0
6199.5 0.0
6199.8 0.0
6200.1 0.0
6200.4 0.0
6200.7 0.0
6201.0 0.0
6201.3 0.0
6201.6 0.0
6201.9 0.0
6202.2 0.0
6202.5 0.0
6202.8 0.0
6203.1 0.0
6203.4 0.0
6203.7 0.0
6204.0 0.0
6204.3 0.0
6204.6 0.0
6204.9 0.0
6205.2 0.0
6205.5 0.0
6205.8 0.0
6206.1 0.0
6206.4 0.0
6206.7 0.0
6207.0 0.0
6207.3 0.0
6207.6 0.0
6207.9 0.0
6208.2 0.0
6208.5 0.0
6208.8 0.0
6209.1 0.0
6209.4 0.0
6209.7 0.0
6210.0 0.0
6210.3 0.0
6210.6 0.0
6210.9 0.0
6211.2 0.0
6211.5 0.0
6211.8 0.0
6212.1 0.0
6212.4 0.0
6212.7 0.0
6213.0 0.0
6213.3 0.0
6213.6 0.0
6213.9 0.0
6214.2 0.0
6214.5 0.0
6214.8 0.0
6215.1 0.0
6215.4 0.0
6215.7 0.0
6216.0 0.0
6216.3 0.0
6216.6 0.0
6216.9 0.0
6217.2 0.0
6217.5 0.0
6217.8 0.0
6218.1 0.0
6218.4 0.0
6218.7 0.0
6219.0 0.0
6219.3 0.0
6219.6 0.0
6219.9 0.0
6220.2 0.0
6220.5 0.0
6220.8 0.0
6221.1 0.0
6221.4 0.0
6221.7 0.0
6222.0 0.0
6222.3 0.0
6222.6 0.0
6222.9 0.0
6223.2 0.0
6223.5 0.0
6223.8 0.0
6224.1 0.0
6224.4 0.0
6224.7 0.0
6225.0 0.0
6225.3 0.0
6225.6 0.0
6225.9 0.0
6226.2 0.0
6226.5 0.0
6226.8 0.0
6227.1 0.0
6227.4 0.0
6227.7 0.0
6228.0 0.0
6228.3 0.0
6228.6 0.0
6228.9 0.0
6229.2 0.0
6229.5 0.0
6229.8 0.0
6230.1 0.0
6230.4 0.0
6230.7 0.0
6231.0 0.0
6231.3 0.0
6231.6 0.0
6231.9 0.0
6232.2 0.0
6232.5 0.0
6232.8 0.0
6233.1 0.0
6233.4 0.0
6233.7 0.0
6234.0 0.0
6234.3 0.0
6234.6 0.0
6234.9 0.0
6235.2 0.0
6235.5 0.0
6235.8 0.0
6236.1 0.0
6236.4 0.0
6236.7 0.0
6237.0 0.0
6237.3 0.0
6237.6 0.0
6237.9 0.0
6238.2 0.0
6238.5 0.0
6238.8 0.0
6239.1 0.0
6239.4 0.0
6239.7 0.0
6240.0 0.0
6240.3 0.0
6240.6 0.0
6240.9 0.0
6241.2 0.0
6241.5 0.0
6241.8 0.0
6242.1 0.0
6242.4 0.0
6242.7 0.0
6243.0 0.0
6243.3 0.0
6243.6 0.0
6243.9 0.0
6244.2 0.0
6244.5 0.0
6244.8 0.0
6245.1 0.0
6245.4 0.0
6245.7 0.0
6246.0 0.0
6246.3 0.0
6246.6 0.0
6246.9 0.0
6247.2 0.0
6247.5 0.0
6247.8 0.0
6248.1 0.0
6248.4 0.0
6248.7 0.0
6249.0 0.0
6249.3 0.0
6249.6 0.0
6249.9 0.0
6250.2 0.0
6250.5 0.0
6250.8 0.0
6251.1 0.0
6251.4 0.0
6251.7 0.0
6252.0 0.0
6252.3 0.0
6252.6 0.0
6252.9 0.0
6253.2 0.0
6253.5 0.0
6253.8 0.0
6254.1 0.0
6254.4 0.0
6254.7 0.0
6255.0 0.0
6255.3 0.0
6255.6 0.0
6255.9 0.0
6256.2 0.0
6256.5 0.0
6256.8 0.0
6257.1 0.0
6257.4 0.0
6257.7 0.0
6258.0 0.0
6258.3 0.0
6258.6 0.0
6258.9 0.0
6259.2 0.0
6259.5 0.0
6259.8 0.0
6260.1 0.0
6260.4 0.0
6260.7 0.0
6261.0 0.0
6261.3 0.0
6261.6 0.0
6261.9 0.0
6262.2 0.0
6262.5 0.0
6262.8 0.0
6263.1 0.0
6263.4 0.0
6263.7 0.0
6264.0 0.0
6264.3 0.0
6264.6 0.0
6264.9 0.0
6265.2 0.0
6265.5 0.0
6265.8 0.0
6266.1 0.0
6266.4 0.0
6266.7 0.0
6267.0 0.0
6267.3 0.0
6267.6 0.0
6267.9 0.0
6268.2 0.0
6268.5 0.0
6268.8 0.0
6269.1 0.0
6269.4 0.0
6269.7 0.0
6270.0 0.0
6270.3 0.0
6270.6 0.0
6270.9 0.0
6271.2 0.0
6271.5 0.0
6271.8 0.0
6272.1 0.0
6272.4 0.0
6272.7 0.0
6273.0 0.0
6273.3 0.0
6273.6 0.0
6273.9 0.0
6274.2 0.0
6274.5 0.0
6274.8 0.0
6275.1 0.0
6275.4 0.0
6275.7 0.0
6276.0 0.0
6276.3 0.0
6276.6 0.0
6276.9 0.0
6277.2 0.0
6277.5 0.0
6277.8 0.0
6278.1 0.0
6278.4 0.0
6278.7 0.0
6279.0 0.0
6279.3 0.0
6279.6 0.0
6279.9 0.0
6280.2 0.0
6280.5 0.0
6280.8 0.0
6281.1 0.0
6281.4 0.0
6281.7 0.0
6282.0 0.0
6282.3 0.0
6282.6 0.0
6282.9 0.0
6283.2 0.0
6283.5 0.0
6283.8 0.0
6284.1 0.0
6284.4 0.0
6284.7 0.0
6285.0 0.0
6285.3 0.0
6285.6 0.0
6285.9 0.0
6286.2 0.0
6286.5 0.0
6286.8 0.0
6287.1 0.0
6287.4 0.0
6287.7 0.0
6288.0 0.0
6288.3 0.0
6288.6 0.0
6288.9 0.0
6289.2 0.0
6289.5 0.0
6289.8 0.0
6290.1 0.0
6290.4 0.0
6290.7 0.0
6291.0 0.0
6291.3 0.0
6291.6 0.0
6291.9 0.0
6292.2 0.0
6292.5 0.0
6292.8 0.0
6293.1 0.0
6293.4 0.0
6293.7 0.0
6294.0 0.0
6294.3 0.0
6294.6 0.0
6294.9 0.0
6295.2 0.0
6295.5 0.0
6295.8 0.0
6296.1 0.0
6296.4 0.0
6296.7 0.0
6297.0 0.0
6297.3 0.0
6297.6 0.0
6297.9 0.0
6298.2 0.0
6298.5 0.0
6298.8 0.0
6299.1 0.0
6299.4 0.0
6299.7 0.0
6300.0 0.0
6300.3 0.0
6300.6 0.0
6300.9 0.0
6301.2 0.0
6301.5 0.0
6301.8 0.0
6302.1 0.0
6302.4 0.0
6302.7 0.0
6303.0 0.0
6303.3 0.0
6303.6 0.0
6303.9 0.0
6304.2 0.0
6304.5 0.0
6304.8 0.0
6305.1 0.0
6305.4 0.0
6305.7 0.0
6306.0 0.0
6306.3 0.0
6306.6 0.0
6306.9 0.0
6307.2 0.0
6307.5 0.0
6307.8 0.0
6308.1 0.0
6308.4 0.0
6308.7 0.0
6309.0 0.0
6309.3 0.0
6309.6 0.0
6309.9 0.0
6310.2 0.0
6310.5 0.0
6310.8 0.0
6311.1 0.0
6311.4 0.0
6311.7 0.0
6312.0 0.0
6312.3 0.0
6312.6 0.0
6312.9 0.0
6313.2 0.0
6313.5 0.0
6313.8 0.0
6314.1 0.0
6314.4 0.0
6314.7 0.0
6315.0 0.0
6315.3 0.0
6315.6 0.0
6315.9 0.0
6316.2 0.0
6316.5 0.0
6316.8 0.0
6317.1 0.0
6317.4 0.0
6317.7 0.0
6318.0 0.0
6318.3 0.0
6318.6 0.0
6318.9 0.0
6319.2 0.0
6319.5 0.0
6319.8 0.0
6320.1 0.0
6320.4 0.0
6320.7 0.0
6321.0 0.0
6321.3 0.0
6321.6 0.0
6321.9 0.0
6322.2 0.0
6322.5 0.0
6322.8 0.0
6323.1 0.0
6323.4 0.0
6323.7 0.0
6324.0 0.0
6324.3 0.0
6324.6 0.0
6324.9 0.0
6325.2 0.0
6325.5 0.0
6325.8 0.0
6326.1 0.0
6326.4 0.0
6326.7 0.0
6327.0 0.0
6327.3 0.0
6327.6 0.0
6327.9 0.0
6328.2 0.0
6328.5 0.0
6328.8 0.0
6329.1 0.0
6329.4 0.0
6329.7 0.0
6330.0 0.0
6330.3 0.0
6330.6 0.0
6330.9 0.0
6331.2 0.0
6331.5 0.0
6331.8 0.0
6332.1 0.0
6332.4 0.0
6332.7 0.0
6333.0 0.0
6333.3 0.0
6333.6 0.0
6333.9 0.0
6334.2 0.0
6334.5 0.0
6334.8 0.0
6335.1 0.0
6335.4 0.0
6335.7 0.0
6336.0 0.0
6336.3 0.0
6336.6 0.0
6336.9 0.0
6337.2 0.0
6337.5 0.0
6337.8 0.0
6338.1 0.0
6338.4 0.0
6338.7 0.0
6339.0 0.0
6339.3 0.0
6339.6 0.0
6339.9 0.0
6340.2 0.0
6340.5 0.0
6340.8 0.0
6341.1 0.0
6341.4 0.0
6341.7 0.0
6342.0 0.0
6342.3 0.0
6342.6 0.0
6342.9 0.0
6343.2 0.0
6343.5 0.0
6343.8 0.0
6344.1 0.0
6344.4 0.0
6344.7 0.0
6345.0 0.0
6345.3 0.0
6345.6 0.0
6345.9 0.0
6346.2 0.0
6346.5 0.0
6346.8 0.0
6347.1 0.0
6347.4 0.0
6347.7 2.5302144683906833e-15
6348.0 2.5302144683906833e-15
6348.3 2.5302144683906833e-15
6348.6 2.5302144683906833e-15
6348.9 1.0120857873562733e-14
6349.2 1.2651072341953416e-14
6349.5 2.277193021551615e-14
6349.8 3.7953218719926143e-14
6350.1 6.07251472413764e-14
6350.4 1.0120857873562733e-13
6350.7 1.644639421394603e-13
6351.0 2.6820272348501706e-13
6351.3 4.377271115019177e-13
6351.6 7.059298349869347e-13
6351.9 1.133536081839026e-12
6352.2 1.819224241736417e-12
6352.5 2.9021559461162028e-12
6352.8 4.615111244554715e-12
6353.1 7.30725983194569e-12
6353.4 1.1525127206757357e-11
6353.7 1.8098625029216997e-11
6354.0 2.8313100128296576e-11
6354.3 4.410416823419361e-11
6354.6 6.843218353091984e-11
6354.9 1.0574778552818742e-10
6355.2 1.6274845360264578e-10
6355.5 2.4945889798289045e-10
6355.8 3.808200421673291e-10
6356.1 5.789991264215644e-10
6356.4 8.767496728623314e-10
6356.7 1.3222293260284346e-9
6357.0 1.985993147712861e-9
6357.3 2.9708842053111084e-9
6357.6 4.426195410189848e-9
6357.9 6.567695276515906e-9
6358.2 9.705834358442189e-9
6358.5 1.428532492298018e-8
6358.8 2.0940392531088037e-8
6359.1 3.057150976815137e-8
6359.4 4.445148249487829e-8
6359.7 6.43714130887929e-8
6360.0 9.28404517708259e-8
6360.3 1.3335791493318538e-7
6360.6 1.9078214563705842e-7
6360.9 2.718279290547798e-7
6361.2 3.8573389815610426e-7
6361.5 5.451536253531231e-7
6361.8 7.673392019569292e-7
6362.1 1.075705199582444e-6
6362.4 1.5018844123915187e-6
6362.7 2.088416749757016e-6
6363.0 2.892245674956939e-6
6363.3 3.989243850810453e-6
6363.6 5.480035729303117e-6
6363.9 7.497450047762109e-6
6364.2 1.0216006572752652e-5
6364.5 1.3863922529124885e-5
6364.8 1.8738224815384593e-5
6365.1 2.5223664261349348e-5
6365.4 3.3816239306495596e-5
6365.7 4.515229074347741e-5
6366.0 6.004428493689825e-5
6366.3 7.952450240590272e-5
6366.6 0.00010489809795121308
6366.9 0.00013780712947137336
6367.2 0.00018030721823049394
6367.5 0.0002349589254486659
6367.8 0.0003049356575192544
6368.1 0.00039415031662703157
6368.4 0.0005074029105507831
6368.7 0.0006505511626481473
6369.0 0.000830706253153495
6369.3 0.0010564549107556756
6369.6 0.0013381107119017376
6369.9 0.0016879934278756668
6370.2 0.0021207390672332515
6370.5 0.0026536376821852522
6370.8 0.0033069996228090276
6371.1 0.004104545613349817
6371.4 0.005073818990500968
6371.7 0.006246609290473592
6372.0 0.007659388348909167
6372.3 0.009353741955468755
6372.6 0.01137679248389971
6372.9 0.013781605702828364
6373.2 0.016627561226900733
6373.5 0.019980690984555575
6373.8 0.023913991486637153
6374.1 0.028507707913271237
6374.4 0.033849638128762384
6374.7 0.04003553928870632
6375.0 0.047169746251851774
6375.3 0.05536629840872863
6375.6 0.06475092208852733
6375.9 0.07546459053011248
6376.2 0.08766976186006321
6376.5 0.10156089084772851
6376.8 0.11738213221649711
6377.1 0.13545620008181136
6377.4 0.15623095469941173
6377.7 0.18035322669172435
6378.0 0.20878438062725446
6378.3 0.24297856522736427
6378.6 0.285153566921807
6378.9 0.33869582915227225
6379.2 0.4087550534876417
6379.5 0.5030990146626165
6379.8 0.6333124827176516
6380.1 0.8164311983192019
6380.4 1.077096849728791
6380.7 1.4502897216840946
6381.0 1.9846380769393863
6381.3 2.7462047690822278
6381.6 3.822509938755608
6381.9 5.3263617862178565
6382.2 7.3988440315617705
6382.5 10.210554018915106
6382.8 13.959930970116709
6383.1 18.86729732222792
6383.4 25.16314376263137
6383.7 33.069346937727886
6384.0 42.772596872899356
6384.3 54.39048503470599
6384.6 67.93254203469155
6384.9 83.26084244155209
6385.2 100.05718684658859
6385.5 117.805444716887
6385.8 135.7976213798538
6386.1 153.16974514603498
6386.4 168.9687007315806
6386.7 182.244506295654
6387.0 192.1556494710967
6387.3 198.07030171575025
6387.6 199.64504979085177
6387.9 196.866181765683
6388.2 190.0458146976307
6388.5 179.77441953867674
6388.8 166.83989776670933
6389.1 152.12912094965577
6389.4 136.52934050559998
6389.7 120.8443530574441
6390.0 105.7350343465805
6390.3 91.68763294816017
6390.6 79.00794154405594
6390.9 67.83594182692468
6391.2 58.17411492951214
6391.5 49.9228076711297
6391.8 42.91714402381331
6392.1 36.96133632073179
6392.4 31.857533880276605
6392.7 27.42743991315365
6393.0 23.525885127135552
6393.3 20.046494014721247
6393.6 16.920453084356268
6393.9 14.110119518820284
6394.2 11.599656559047617
6394.5 9.384932789637332
6394.8 7.464582852261856
6395.1 5.833491409776798
6395.4 4.4792160744791545
6395.7 3.381171245159976
6396.0 2.511914504527933
6396.3 1.8396562111068473
6396.6 1.3311407506453063
6396.9 0.9542417933104638
6397.2 0.679885666022005
6397.5 0.48317535738077194
6397.8 0.3437815459920755
6398.1 0.245777111427153
6398.4 0.1771234079475952
6398.7 0.12899634465018645
6399.0 0.09509223556391956
6399.3 0.07099981523433209
6399.6 0.05367927372063843
6399.9 0.041056777481134746
6400.2 0.031724010277137844
6400.5 0.02472395065114913
6400.8 0.019402609750631055
6401.1 0.015308663638776948
6401.4 0.012126505949349822
6401.7 0.009631989942876314
6402.0 0.007663242908021075
6402.3 0.006101365726324755
6402.6 0.0048575824060775085
6402.9 0.003864591549056634
6403.2 0.0030706639702058587
6403.5 0.002435556132388973
6403.8 0.0019276352694797458
6404.1 0.001521819973580954
6404.4 0.0011980858868157742
6404.7 0.000940359115354507
6405.0 0.0007356872625713385
6405.3 0.0005736066193742774
6405.6 0.00044565342990320007
6405.9 0.000344980282088137
6406.2 0.0002660518995991838
6406.5 0.00020440068750207023
6406.8 0.00015642908969971413
6407.1 0.00011924836792480375
6407.4 9.054655251612435e-5
6407.7 6.848006622780366e-5
6408.0 5.158461904707251e-5
6408.3 3.870198027448284e-5
6408.6 2.891997058693929e-5
6408.9 2.1523375645288784e-5
6409.2 1.595393513956378e-5
6409.5 1.1777906648442047e-5
6409.8 8.659835760370955e-6
6410.1 6.341490058422054e-6
6410.4 4.625005833984717e-6
6410.7 3.359479401837387e-6
6411.0 2.4303564073809188e-6
6411.3 1.7510801468656294e-6
6411.6 1.256550352888089e-6
6411.9 8.980311943992134e-7
6412.2 6.392055736182531e-7
6412.5 4.5313458090770467e-7
6412.8 3.199273136379136e-7
6413.1 2.2496392031826326e-7
6413.4 1.575476315056476e-7
6413.7 1.0988751468421767e-7
6414.0 7.633475322550514e-8
6414.3 5.281214571688089e-8
6414.6 3.639009266613449e-8
6414.9 2.4973019208118785e-8
6415.2 1.7068634505790214e-8
6415.5 1.1619033735144058e-8
6415.8 7.87758214215728e-9
6416.1 5.319702456318964e-9
6416.4 3.5784859520049395e-9
6416.7 2.3984916275310297e-9
6417.0 1.6027436045007448e-9
6417.3 1.0692565721726055e-9
6417.6 7.145207203684834e-10
6417.9 4.818485055402277e-10
6418.2 3.3333574789295994e-10
6418.5 2.44336689769753e-10
6418.8 1.9983659171884938e-10
6419.1 1.921630771173355e-10
6419.4 2.197925452751548e-10
6419.7 2.871015647443187e-10
6420.0 4.0496914155419006e-10
6420.3 5.923294632559362e-10
6420.6 8.789146632715017e-10
6420.9 1.3094022532911254e-9
6421.2 1.9496622094550276e-9
6421.5 2.8956526065826438e-9
6421.8 4.286168309164395e-9
6422.1 6.320828305206305e-9
6422.4 9.285277435822081e-9
6422.7 1.3586390679165561e-8
6423.0 1.9801152717491277e-8
6423.3 2.8744102209543598e-8
6423.6 4.156012067824122e-8
6423.9 5.985133810781917e-8
6424.2 8.584985522475108e-8
6424.5 1.226517412078465e-7
6424.8 1.7453248801757582e-7
6425.1 2.4737011017350596e-7
6425.4 3.4920986990982783e-7
6425.7 4.910143113989694e-7
6426.0 6.876542817224584e-7
6426.3 9.592117848400352e-7
6426.6 1.3326842046357074e-6
6426.9 1.8442012148233927e-6
6427.2 2.5418956856425995e-6
6427.5 3.4895985912651388e-6
6427.8 4.771573420392047e-6
6428.1 6.498544200249033e-6
6428.4 8.815337237939481e-6
6428.7 1.1910503900061837e-5
6429.0 1.602838242995405e-5
6429.3 2.148412497511289e-5
6429.6 2.8682300852748327e-5
6429.9 3.8139827656685194e-5
6430.2 5.051401088297208e-5
6430.5 6.663669106101572e-5
6430.8 8.755551278107373e-5
6431.1 0.0001145834885054072
6431.4 0.00014935822961042788
6431.7 0.00019391211724168562
6432.0 0.00025075493734895096
6432.3 0.0003229705532817439
6432.6 0.00041432912025116906
6432.9 0.000529416358427159
6433.2 0.000673781209570754
6433.5 0.0008541036027738773
6433.8 0.0010783826746037185
6434.1 0.0013561466289828336
6434.4 0.0016986849444563458
6434.7 0.002119300851311811
6435.0 0.0026335869732193712
6435.3 0.003259717582273869
6435.6 0.004018761527456903
6435.9 0.004935005807838114
6436.2 0.006036297172901954
6436.5 0.007354385183378183
6436.8 0.008925277354592134
6437.1 0.010789593637649605
6437.4 0.012992935742176377
6437.7 0.01558625698561982
6438.0 0.018626268631153152
6438.3 0.022175892216583993
6438.6 0.026304816778263455
6438.9 0.031090241128845657
6439.2 0.036617917967221136
6439.5 0.04298373121316882
6439.8 0.050296145706925685
6440.1 0.0586800327021364
6440.4 0.06828271882921144
6440.7 0.0792835381131627
6441.0 0.09190877515935714
6441.3 0.1064549780738826
6441.6 0.1233248813503107
6441.9 0.14308235516024673
6442.2 0.1665354326476967
6442.5 0.19486032421705424
6442.8 0.22978396992862732
6443.1 0.2738482857864284
6443.4 0.3307855857178792
6443.7 0.4060391094144036
6444.0 0.507464857711124
6444.3 0.6462464383294275
6444.6 0.8380383260603139
6444.9 1.1043253247461848
6445.2 1.473939021793285
6445.5 1.9846156327216704
6445.8 2.684419131337563
6446.1 3.632803580858308
6446.4 4.9010717269047746
6446.7 6.572004779911367
6447.0 8.73849471914582
6447.3 11.501070909202099
6447.6 14.964233277132735
6447.9 19.231447253841907
6448.2 24.39851435413584
6448.5 30.544863839633763
6448.8 37.72228167206049
6449.1 45.94083509221673
6449.4 55.15248368307948
6449.7 65.23398411273956
6450.0 75.97208319604397
6450.3 87.0550727546215
6450.6 98.0751446634531
6450.9 108.54505810141563
6451.2 117.93043750524521
6451.5 125.6957885324955
6451.8 131.3589278459549
6452.1 134.5458557009697
6452.4 135.03698843717575
6452.7 132.7966284751892
6453.0 127.98024094104767
6453.3 120.91805124282837
6453.6 112.07762387394905
6453.9 102.01153916120529
6454.2 91.29837283492088
6454.5 80.48567824065685
6454.8 70.04255783557892
6455.1 60.3272507712245
6455.4 51.572297252714634
6455.7 43.88691486790776
6456.0 37.27373391482979
6456.3 31.65523773431778
6456.6 26.904467429500073
6456.9 22.8747266093269
6457.2 19.42407431139145
6457.5 16.43202714913059
6457.8 13.807712475158041
6458.1 11.490386862627929
6458.4 9.44439088915533
6458.7 7.651142490949496
6459.0 6.10064788103773
6459.3 4.784405390017582
6459.6 3.6907363882335176
6459.9 2.802744999742913
6460.2 2.098475798416416
6460.5 1.5524997060248538
6460.8 1.1381027494326936
6461.1 0.829402933000881
6461.4 0.6029729381845352
6461.7 0.43880193442778626
6462.0 0.3206285764964282
6462.3 0.23579183670983767
6462.6 0.17478379154422563
6462.9 0.1306720635333693
6463.2 0.09851516459422031
6463.5 0.07484426479246992
6463.8 0.057243219905369964
6464.1 0.04402990365693159
6464.4 0.03402615921648666
6464.7 0.026397821868405506
6465.0 0.020546171271755207
6465.3 0.016035320014320915
6465.6 0.012543704861818444
6465.9 0.009831432009892312
6466.2 0.00771793873278216
6466.5 0.006066384291067241
6466.8 0.004772513621834175
6467.1 0.0037565612486130415
6467.4 0.0029572688635228733
6467.7 0.002327426286460216
6468.0 0.0018305180496233987
6468.3 0.0014381934422242042
6468.6 0.0011283547130499227
6468.9 0.00088370884299473
6469.2 0.0006906695119330217
6469.5 0.0005385233112579829
6469.8 0.000418794817973382
6470.1 0.00032476075245907264
6470.4 0.00025107704167860615
6470.7 0.00019349045830406922
6471.0 0.00014861405582002383
6471.3 0.00011375132420064123
6471.6 8.675733899130802e-5
6471.9 6.592854401597518e-5
6472.2 4.9914749490180066e-5
6472.5 3.764856668763765e-5
6472.8 2.8288680007293687e-5
6473.1 2.1174137852270564e-5
6473.4 1.5787555758210265e-5
6473.7 1.1725463542952638e-5
6474.0 8.674470414043306e-6
6474.3 6.392154470220822e-6
6474.6 4.69178159858428e-6
6474.9 3.4301300548051713e-6
6475.2 2.4978275322960282e-6
6475.5 1.8117192162378894e-6
6475.8 1.3088625522887035e-6
6476.1 9.418253335798164e-7
6476.4 6.7502321860708e-7
6476.7 4.818792774547784e-7
6477.0 3.426322292782747e-7
6477.3 2.4265435917132803e-7
6477.6 1.7116602723645714e-7
6477.9 1.202586343751528e-7
6478.2 8.415578359021296e-8
6478.5 5.8657090788424146e-8
6478.8 4.072168656895265e-8
6479.1 2.8157860506170188e-8
6479.4 1.9392869265962888e-8
6479.7 1.3303104262600308e-8
6480.0 9.089340768921606e-9
6480.3 6.185577794410735e-9
6480.6 4.192724595284347e-9
6480.9 2.830617945590519e-9
6481.2 1.903415203230452e-9
6481.5 1.2748383459992851e-9
6481.8 8.504437709611068e-10
6482.1 5.650711010218856e-10
6482.4 3.7396349905627346e-10
6482.7 2.46504372469758e-10
6483.0 1.6184054096868294e-10
6483.3 1.0583173226663689e-10
6483.6 6.89327275815721e-11
6483.9 4.471823258911378e-11
6484.2 2.88944423942894e-11
6484.5 1.8596235662471372e-11
6484.8 1.191997108657139e-11
6485.1 7.610710672789622e-12
6485.4 4.842126265919289e-12
6485.7 3.0659077707162474e-12
6486.0 1.9345336964293747e-12
6486.3 1.2143929525171293e-12
6486.6 7.606849178332098e-13
6486.9 4.730147480300206e-13
6487.2 2.9539286056264047e-13
6487.5 1.814832057420515e-13
6487.8 1.1197899568325329e-13
6488.1 6.950420328253465e-14
6488.4 4.054411971085581e-14
6488.7 2.7029412575881907e-14
6489.0 1.5445378130770834e-14
6489.3 9.653361755248245e-15
6489.6 5.7920172225555365e-15
6489.9 3.8613445326927086e-15
6490.2 0.0
6490.5 1.9306722663463543e-15
6490.8 1.9306722663463543e-15
6491.1 0.0
6491.4 0.0
6491.7 0.0
6492.0 0.0
6492.3 0.0
6492.6 0.0
6492.9 0.0
6493.2 0.0
6493.5 0.0
6493.8 0.0
6494.1 0.0
6494.4 0.0
6494.7 0.0
6495.0 0.0
6495.3 0.0
6495.6 0.0
6495.9 0.0
6496.2 0.0
6496.5 0.0
6496.8 0.0
6497.1 0.0
6497.4 0.0
6497.7 0.0
6498.0 0.0
6498.3 0.0
6498.6 0.0
6498.9 0.0
6499.2 0.0
6499.5 0.0
6499.8 0.0
6500.1 0.0
6500.4 0.0
6500.7 0.0
6501.0 0.0
6501.3 0.0
6501.6 0.0
6501.9 0.0
6502.2 0.0
6502.5 0.0
6502.8 0.0
6503.1 0.0
6503.4 0.0
6503.7 0.0
6504.0 0.0
6504.3 0.0
6504.6 0.0
6504.9 0.0
6505.2 0.0
6505.5 0.0
6505.8 0.0
6506.1 0.0
6506.4 0.0
6506.7 0.0
6507.0 0.0
6507.3 0.0
6507.6 0.0
6507.9 0.0
6508.2 0.0
6508.5 0.0
6508.8 0.0
6509.1 0.0
6509.4 0.0
6509.7 0.0
6510.0 0.0
6510.3 0.0
6510.6 0.0
6510.9 0.0
6511.2 0.0
6511.5 0.0
6511.8 0.0
6512.1 0.0
6512.4 0.0
6512.7 0.0
6513.0 0.0
6513.3 0.0
6513.6 0.0
6513.9 0.0
6514.2 0.0
6514.5 0.0
6514.8 0.0
6515.1 0.0
6515.4 0.0
6515.7 0.0
6516.0 0.0
6516.3 0.0
6516.6 0.0
6516.9 0.0
6517.2 0.0
6517.5 0.0
6517.8 0.0
6518.1 0.0
6518.4 0.0
6518.7 0.0
6519.0 0.0
6519.3 0.0
6519.6 0.0
6519.9 0.0
6520.2 0.0
6520.5 0.0
6520.8 0.0
6521.1 0.0
6521.4 0.0
6521.7 0.0
6522.0 0.0
6522.3 0.0
6522.6 0.0
6522.9 0.0
6523.2 0.0
6523.5 0.0
6523.8 0.0
6524.1 0.0
6524.4 0.0
6524.7 0.0
6525.0 0.0
6525.3 0.0
6525.6 0.0
6525.9 0.0
6526.2 0.0
6526.5 0.0
6526.8 0.0
6527.1 0.0
6527.4 0.0
6527.7 0.0
6528.0 0.0
6528.3 0.0
6528.6 0.0
6528.9 0.0
6529.2 0.0
6529.5 0.0
6529.8 0.0
6530.1 0.0
6530.4 0.0
6530.7 0.0
6531.0 0.0
6531.3 0.0
6531.6 0.0
6531.9 0.0
6532.2 0.0
6532.5 0.0
6532.8 0.0
6533.1 0.0
6533.4 0.0
6533.7 0.0
6534.0 0.0
6534.3 0.0
6534.6 0.0
6534.9 0.0
6535.2 0.0
6535.5 0.0
6535.8 0.0
6536.1 0.0
6536.4 0.0
6536.7 0.0
6537.0 0.0
6537.3 0.0
6537.6 0.0
6537.9 0.0
6538.2 0.0
6538.5 0.0
6538.8 0.0
6539.1 0.0
6539.4 0.0
6539.7 0.0
6540.0 0.0
6540.3 0.0
6540.6 0.0
6540.9 0.0
6541.2 0.0
6541.5 0.0
6541.8 0.0
6542.1 0.0
6542.4 0.0
6542.7 0.0
6543.0 0.0
6543.3 0.0
6543.6 0.0
6543.9 0.0
6544.2 0.0
6544.5 0.0
6544.8 0.0
6545.1 0.0
6545.4 0.0
6545.7 0.0
6546.0 0.0
6546.3 0.0
6546.6 0.0
6546.9 0.0
6547.2 0.0
6547.5 0.0
6547.8 0.0
6548.1 0.0
6548.4 0.0
6548.7 0.0
6549.0 0.0
6549.3 0.0
6549.6 0.0
6549.9 0.0
6550.2 0.0
6550.5 0.0
6550.8 0.0
6551.1 0.0
6551.4 0.0
6551.7 0.0
6552.0 0.0
6552.3 0.0
6552.6 0.0
6552.9 0.0
6553.2 0.0
6553.5 0.0
6553.8 0.0
6554.1 0.0
6554.4 0.0
6554.7 0.0
6555.0 0.0
6555.3 0.0
6555.6 0.0
6555.9 0.0
6556.2 0.0
6556.5 0.0
6556.8 0.0
6557.1 0.0
6557.4 0.0
6557.7 0.0
6558.0 0.0
6558.3 0.0
6558.6 0.0
6558.9 0.0
6559.2 0.0
6559.5 0.0
6559.8 0.0
6560.1 0.0
6560.4 0.0
6560.7 0.0
6561.0 0.0
6561.3 0.0
6561.6 0.0
6561.9 0.0
6562.2 0.0
6562.5 0.0
6562.8 0.0
6563.1 0.0
6563.4 0.0
6563.7 0.0
6564.0 0.0
6564.3 0.0
6564.6 0.0
6564.9 0.0
6565.2 0.0
6565.5 0.0
6565.8 0.0
6566.1 0.0
6566.4 0.0
6566.7 0.0
6567.0 0.0
6567.3 0.0
6567.6 0.0
6567.9 0.0
6568.2 0.0
6568.5 0.0
6568.8 0.0
6569.1 0.0
6569.4 0.0
6569.7 0.0
6570.0 0.0
6570.3 0.0
6570.6 0.0
6570.9 0.0
6571.2 0.0
6571.5 0.0
6571.8 0.0
6572.1 0.0
6572.4 0.0
6572.7 0.0
6573.0 0.0
6573.3 0.0
6573.6 0.0
6573.9 0.0
6574.2 0.0
6574.5 0.0
6574.8 0.0
6575.1 0.0
6575.4 0.0
6575.7 0.0
6576.0 0.0
6576.3 0.0
6576.6 0.0
6576.9 0.0
6577.2 0.0
6577.5 0.0
6577.8 0.0
6578.1 0.0
6578.4 0.0
6578.7 0.0
6579.0 0.0
6579.3 0.0
6579.6 0.0
6579.9 0.0
6580.2 0.0
6580.5 0.0
6580.8 0.0
6581.1 0.0
6581.4 0.0
6581.7 0.0
6582.0 0.0
6582.3 0.0
6582.6 0.0
6582.9 0.0
6583.2 0.0
6583.5 0.0
6583.8 0.0
6584.1 0.0
6584.4 0.0
6584.7 0.0
6585.0 0.0
6585.3 0.0
6585.6 0.0
6585.9 0.0
6586.2 0.0
6586.5 0.0
6586.8 0.0
6587.1 0.0
6587.4 0.0
6587.7 0.0
6588.0 0.0
6588.3 0.0
6588.6 0.0
6588.9 0.0
6589.2 0.0
6589.5 0.0
6589.8 0.0
6590.1 0.0
6590.4 0.0
6590.7 0.0
6591.0 0.0
6591.3 0.0
6591.6 0.0
6591.9 0.0
6592.2 0.0
6592.5 0.0
6592.8 0.0
6593.1 0.0
6593.4 0.0
6593.7 0.0
6594.0 0.0
6594.3 0.0
6594.6 0.0
6594.9 0.0
6595.2 0.0
6595.5 0.0
6595.8 0.0
6596.1 0.0
6596.4 0.0
6596.7 0.0
6597.0 0.0
6597.3 0.0
6597.6 4.262454443766141e-15
6597.9 4.262454443766141e-15
6598.2 4.262454443766141e-15
6598.5 1.2787363331298422e-14
6598.8 1.2787363331298422e-14
6599.1 2.1312272218830704e-14
6599.4 4.262454443766141e-14
6599.7 6.819927110025825e-14
6600.0 1.0229890665038738e-13
6600.3 1.7049817775064563e-13
6600.6 2.7705954392699683e-13
6600.9 4.432952485991515e-13
6601.2 7.033049815273473e-13
6601.5 1.1210254729707159e-12
6601.8 1.7774435352377327e-12
6602.1 2.8004326288466608e-12
6602.4 4.403115459045148e-12
6602.7 6.896651218862848e-12
6603.0 1.0766960240049528e-11
6603.3 1.6725870688460986e-11
6603.6 2.5907198261676534e-11
6603.9 3.99690350261217e-11
6604.2 6.141770425571735e-11
6604.5 9.40382702263598e-11
6604.8 1.4342306509096403e-10
6605.1 2.1793077065179745e-10
6605.4 3.2987135245576837e-10
6605.7 4.974454737016742e-10
6606.0 7.472977792133406e-10
6606.3 1.1183955983540272e-9
6606.6 1.6674466252197817e-9
6606.9 2.4766395601005797e-9
6607.2 3.664602621356039e-9
6607.5 5.401893599099594e-9
6607.8 7.932662526854983e-9
6608.1 1.1605013838789091e-8
6608.4 1.691324058583632e-8
6608.7 2.455624681374502e-8
6609.0 3.551821592395754e-8
6609.3 5.1179306126414303e-8
6609.6 7.346690722442872e-8
6609.9 1.0506141023824966e-7
6610.2 1.4967483252803504e-7
6610.5 2.1242637160412414e-7
6610.8 3.003461870321189e-7
6611.1 4.2304827729822136e-7
6611.4 5.936245202065038e-7
6611.7 8.298275133711286e-7
6612.0 1.1556276199897888e-6
6612.3 1.6032530563997523e-6
6612.6 2.2158499253571936e-6
6612.9 3.050932961444807e-6
6613.2 4.184842090494516e-6
6613.5 5.7184671024992055e-6
6613.8 7.784562649306004e-6
6614.1 1.0557058246992008e-5
6614.4 1.4262830143039166e-5
6614.7 1.9196523806376837e-5
6615.0 2.5739111337068385e-5
6615.3 3.438100997128021e-5
6615.6 4.57507049813845e-5
6615.9 6.065003194740011e-5
6616.2 8.009739837236112e-5
6616.5 0.00010538040613350765
6616.8 0.00013811963782949823
6617.1 0.0001803454284208571
6617.4 0.00023458972197731433
6617.7 0.00030399538731079557
6618.0 0.00039244530862542274
6618.3 0.0005047141731852218
6618.6 0.0006466453206106501
6618.9 0.0008253555318413264
6619.2 0.0010494708616241941
6619.5 0.0013293953489476801
6619.8 0.0016776159416526338
6620.1 0.0021090445258978244
6620.4 0.0026413985750412265
6620.7 0.0032956225223513247
6621.0 0.004096346938156022
6621.3 0.005072384895408081
6621.6 0.006257265945483959
6621.9 0.00768979530298403
6622.2 0.009414643442921701
6622.5 0.01148294712627381
6622.8 0.013952920704277175
6623.1 0.016890464860960016
6623.4 0.020369759054832633
6623.7 0.024473837220399454
6624.0 0.02929512463080554
6624.3 0.03493594809097509
6624.6 0.04150901451500717
6624.9 0.049137910927065466
6625.2 0.057957622620262286
6625.5 0.06811528290327243
6625.8 0.07977118437923078
6626.1 0.09310054190867716
6626.4 0.10829630661954887
6626.7 0.12557403282134486
6627.0 0.14517980997035285
6627.3 0.16740335425918063
6627.6 0.1925990760563897
6627.9 0.22121939582696987
6628.2 0.2538669829827243
6628.5 0.2913753415227111
6628.8 0.3349319013992346
6629.1 0.38626422209956923
6629.4 0.4479186398731256
6629.7 0.523673824643239
6630.0 0.6191471165465687
6630.3 0.7426720022297824
6630.6 0.9065469578987937
6630.9 1.1287749453272582
6631.2 1.4354236323047758
6631.5 1.8637252302896172
6631.8 2.465989532539197
6632.1 3.314313615156152
6632.4 4.505924214919105
6632.7 6.168789642400952
6633.0 8.46689772078389
6633.3 11.604340565463644
6633.6 15.827089395024814
6633.9 21.421125007560477
6634.2 28.705397955025546
6634.5 38.017992379842326
6634.8 49.69392075901851
6635.1 64.03333504032344
6635.4 81.2598733548075
6635.7 101.47052706032991
6636.0 124.58101020753384
6636.3 150.27368070185184
6636.6 177.95814421772957
6636.9 206.7563320696354
6637.2 235.52308747172356
6637.5 262.90912371873856
6637.8 287.46593350172043
6638.1 307.78292191028595
6638.4 322.63832330703735
6638.7 331.13988745212555
6639.0 332.8309944868088
6639.3 327.7433172464371
6639.6 316.3872321844101
6639.9 299.68304657936096
6640.2 278.8468871116638
6640.5 255.2515995502472
6640.8 230.28494727611542
6641.1 205.22426718473434
6641.4 181.1409334242344
6641.7 158.84100876748562
6642.0 138.8424168676138
6642.3 121.38452172279358
6642.6 106.46337814256549
6642.9 93.88479229621589
6643.2 83.3269801242277
6643.5 74.40494282729924
6643.8 66.72942758724093
6644.1 59.954670817707665
6644.4 53.81109654752072
6644.7 48.121629632863915
6645.0 42.80292858037865
6645.3 37.85516176838428
6645.6 33.34550969774136
6645.9 29.39100808260264
6646.2 26.14579349308042
6646.5 23.796395708573982
6646.8 22.56697590800468
6647.1 22.73467974481173
6647.4 24.65387684199959
6647.7 28.78706358280033
6648.0 35.73945411387831
6648.3 46.293478574603796
6648.6 61.43825012166053
6648.9 82.38715773168951
6649.2 110.57423767074943
6649.5 147.6171913035214
6649.8 195.23302109912038
6650.1 255.0929580628872
6650.4 328.60867343842983
6650.7 416.6533277332783
6651.0 519.2389744073153
6651.3 635.1933580935001
6651.6 761.8994129300117
6651.9 895.1714326739311
6652.2 1029.336217045784
6652.5 1157.5609146356583
6652.8 1272.4237623214722
6653.1 1366.6688334941864
6653.4 1434.035593032837
6653.7 1470.0236248970032
6654.0 1472.4547443389893
6654.3 1441.7293019294739
6654.6 1380.7337822914124
6654.9 1294.4260954856873
6655.2 1189.1848649978638
6655.5 1072.0450739860535
6655.8 949.9472517967224
6656.1 829.1066603660583
6656.4 714.5686429738998
6656.7 609.9736434221268
6657.0 517.5177410840988
6657.3 438.07000824809074
6657.6 371.397278547287
6657.9 316.44671031832695
6658.2 271.64336052536964
6658.5 235.16924422234297
6658.8 205.2000187188387
6659.1 180.08425606880337
6659.4 158.45869066473097
6659.7 139.30040853004903
6660.0 121.92395322374068
6660.3 105.93670107779326
6660.6 91.16893136342696
6660.9 77.59526370983076
6661.2 65.26164081077877
6661.5 54.22756330743141
6661.8 44.52804967875545
6662.1 36.1550260422016
6662.4 29.054464062011448
6662.7 23.133928785090788
6663.0 18.275160960816248
6663.3 14.347420191517736
6663.6 11.218858061582642
6663.9 8.764738925353146
6664.2 6.872468952352724
6664.5 5.444061534724238
6664.8 4.396918205930959
6665.1 3.663754063173826
6665.4 3.1923400866470537
6665.7 2.9455502930406467
6666.0 2.9020867138503252
6666.3 3.0582059710130807
6666.6 3.4307850105653444
6666.9 4.062100483289868
6667.2 5.026707254361554
6667.5 6.440743640974915
6667.8 8.473814054405011
6668.1 11.363261269763825
6668.4 15.430140604948974
6668.7 21.095553884471883
6669.0 28.89525083976332
6669.3 39.4896478667506
6669.6 53.66567599528935
6669.9 72.32627558801323
6670.2 96.46285209618509
6670.5 127.10581232141703
6670.8 165.24865424633026
6671.1 211.74255179986358
6671.4 267.1617665588856
6671.7 331.6460703909397
6672.0 404.7347812950611
6672.3 485.2167965769768
6672.6 571.0293900966644
6672.9 659.2419773936272
6673.2 746.1557855606079
6673.5 827.5347810983658
6673.8 898.958297252655
6674.1 956.2575540542603
6674.4 995.9733009338379
6674.7 1015.7593922615051
6675.0 1014.6614427566528
6675.3 993.2212319374084
6675.6 953.3908581733704
6675.9 898.2769665718079
6676.2 831.7644121646881
6676.5 758.0850083827972
6676.8 681.3970680236816
6677.1 605.4291849136353
6677.4 533.2220326662064
6677.7 466.98131757974625
6678.0 408.03808802366257
6678.3 356.9010444879532
6678.6 313.37940031290054
6678.9 276.7523177191615
6679.2 245.96071395277977
6679.5 219.79835998266935
6679.8 197.0815970953554
6680.1 176.7812376935035
6680.4 158.10634945938364
6680.7 140.5370714046294
6681.0 123.81137640512316
6681.3 107.87710593060183
6681.6 92.82437853731972
6681.9 78.81397583440412
6682.2 66.01465597620063
6682.5 54.55773259664784
6682.8 44.51191215898359
6683.1 35.87674706580674
6683.4 28.590029081253533
6683.7 22.5432547171633
6684.0 17.59971057287202
6684.3 13.611152761298245
6684.6 10.430815920000201
6684.9 7.922060405242006
6685.2 5.963058982790333
6685.5 4.4484707059064155
6685.8 3.2891665118792357
6686.1 2.4109035276982422
6686.4 1.7525805066973015
6686.7 1.2644427231354445
6687.0 0.9064079096058466
6687.3 0.6465660961373083
6687.6 0.45985027021082936
6687.9 0.32685853792813485
6688.2 0.23281217650662595
6688.5 0.16664064685046084
6688.8 0.12019075935921195
6689.1 0.08755743684958266
6689.4 0.06453149260304264
6689.7 0.048156238753528514
6690.0 0.036381134970644484
6690.3 0.0277985430582504
6690.6 0.02144884469389967
6690.9 0.01667972631852278
6691.2 0.013046905067206115
6691.5 0.010245582973031658
6691.8 0.008063993678089638
6692.1 0.006352429221342124
6692.4 0.005002832319935437
6692.7 0.00393546439372229
6693.0 0.0030902087173500757
6693.3 0.0024208735472130575
6693.6 0.0018914111163981443
6693.9 0.001473361704913665
6694.2 0.0011440749248073452
6694.5 0.0008854347309425415
6694.8 0.0006829176969721695
6695.1 0.0005248737599868874
6695.4 0.00040196684018224877
6695.7 0.0003067292514043112
6696.0 0.00023320365503668337
6696.3 0.00017665249993949805
6696.6 0.00013332152726339917
6696.9 0.00010024681727160005
6697.2 7.509759412658258e-5
6697.5 5.604835378973148e-5
6697.8 4.167526908720994e-5
6698.1 3.087240628733426e-5
6698.4 2.2784397977767956e-5
6698.7 1.6752450091955617e-5
6699.0 1.2271336044949644e-5
6699.3 8.955244892664844e-6
6699.6 6.510803222490041e-6
6699.9 4.715880491423349e-6
6700.2 3.4029989381179667e-6
6700.5 2.4464221595916775e-6
6700.8 1.7521502643208763e-6
6701.1 1.250205880572915e-6
6701.4 8.887137484911732e-7
6701.7 6.29379121289162e-7
6702.0 4.440509224215134e-7
6702.3 3.1212113271001684e-7
6702.6 2.1856644789438617e-7
6702.9 1.5248032299846487e-7
6703.2 1.059775764721441e-7
6703.5 7.338106210759958e-8
6703.8 5.0620209797606804e-8
6704.1 3.478835774805215e-8
6704.4 2.3818453651838027e-8
6704.7 1.624662182564407e-8
6705.0 1.1040337533074762e-8
6705.3 7.47432782333135e-9
6705.6 5.041160822116808e-9
6705.9 3.387354841066781e-9
6706.2 2.267545484713196e-9
6706.5 1.5122695318225965e-9
6706.8 1.0047708220994878e-9
6707.1 6.650834327714961e-10
6707.4 4.385858343169957e-10
6707.7 2.881337668458883e-10
6708.0 1.8859283579253372e-10
6708.3 1.2297081408707555e-10
6708.6 7.98871038765192e-11
6708.9 5.169782657521438e-11
6709.2 3.334201664761949e-11
6709.5 2.1397628460761986e-11
6709.8 1.3714411550846961e-11
6710.1 8.732120929111353e-12
6710.4 5.546076618789808e-12
6710.7 3.513826382639529e-12
6711.0 2.2158084828777236e-12
6711.3 1.3897970231255274e-12
6711.6 8.653452845779064e-13
6711.9 5.506743065014641e-13
6712.2 3.2778231626347243e-13
6712.5 2.0978067915601584e-13
6712.8 1.180016371074566e-13
6713.1 7.866775129537415e-14
6713.4 5.244516978900396e-14
6713.7 2.622258489450198e-14
6714.0 2.622258489450198e-14
6714.3 1.311129244725099e-14
6714.6 1.311129244725099e-14
6714.9 0.0
6715.2 0.0
6715.5 0.0
6715.8 0.0
6716.1 0.0
6716.4 0.0
6716.7 0.0
6717.0 0.0
6717.3 0.0
6717.6 0.0
6717.9 0.0
6718.2 0.0
6718.5 0.0
6718.8 0.0
6719.1 0.0
6719.4 0.0
6719.7 0.0
6720.0 0.0
6720.3 0.0
6720.6 0.0
6720.9 0.0
6721.2 0.0
6721.5 0.0
6721.8 0.0
6722.1 0.0
6722.4 0.0
6722.7 0.0
6723.0 0.0
6723.3 0.0
6723.6 0.0
6723.9 0.0
6724.2 0.0
6724.5 0.0
6724.8 0.0
6725.1 0.0
6725.4 0.0
6725.7 0.0
6726.0 0.0
6726.3 0.0
6726.6 0.0
6726.9 0.0
6727.2 0.0
6727.5 0.0
6727.8 0.0
6728.1 0.0
6728.4 0.0
6728.7 0.0
6729.0 0.0
6729.3 0.0
6729.6 0.0
6729.9 0.0
6730.2 0.0
6730.5 0.0
6730.8 0.0
6731.1 0.0
6731.4 0.0
6731.7 0.0
6732.0 0.0
6732.3 0.0
6732.6 0.0
6732.9 0.0
6733.2 0.0
6733.5 0.0
6733.8 0.0
6734.1 0.0
6734.4 0.0
6734.7 0.0
6735.0 0.0
6735.3 0.0
6735.6 0.0
6735.9 0.0
6736.2 0.0
6736.5 0.0
6736.8 0.0
6737.1 0.0
6737.4 0.0
6737.7 0.0
6738.0 0.0
6738.3 0.0
6738.6 0.0
6738.9 0.0
6739.2 0.0
6739.5 0.0
6739.8 0.0
6740.1 0.0
6740.4 0.0
6740.7 0.0
6741.0 0.0
6741.3 0.0
6741.6 0.0
6741.9 0.0
6742.2 0.0
6742.5 0.0
6742.8 0.0
6743.1 0.0
6743.4 0.0
6743.7 0.0
6744.0 0.0
6744.3 0.0
6744.6 0.0
6744.9 0.0
6745.2 0.0
6745.5 0.0
6745.8 0.0
6746.1 0.0
6746.4 0.0
6746.7 0.0
6747.0 0.0
6747.3 0.0
6747.6 0.0
6747.9 0.0
6748.2 0.0
6748.5 0.0
6748.8 0.0
6749.1 0.0
6749.4 0.0
6749.7 0.0
6750.0 0.0
6750.3 0.0
6750.6 0.0
6750.9 0.0
6751.2 0.0
6751.5 0.0
6751.8 0.0
6752.1 0.0
6752.4 0.0
6752.7 0.0
6753.0 0.0
6753.3 0.0
6753.6 0.0
6753.9 0.0
6754.2 0.0
6754.5 0.0
6754.8 0.0
6755.1 0.0
6755.4 0.0
6755.7 0.0
6756.0 0.0
6756.3 0.0
6756.6 0.0
6756.9 0.0
6757.2 0.0
6757.5 0.0
6757.8 0.0
6758.1 0.0
6758.4 0.0
6758.7 0.0
6759.0 0.0
6759.3 0.0
6759.6 0.0
6759.9 0.0
6760.2 0.0
6760.5 0.0
6760.8 0.0
6761.1 0.0
6761.4 0.0
6761.7 0.0
6762.0 0.0
6762.3 0.0
6762.6 0.0
6762.9 0.0
6763.2 0.0
6763.5 0.0
6763.8 0.0
6764.1 0.0
6764.4 0.0
6764.7 0.0
6765.0 0.0
6765.3 0.0
6765.6 0.0
6765.9 0.0
6766.2 0.0
6766.5 0.0
6766.8 0.0
6767.1 0.0
6767.4 4.0286725032910066e-15
6767.7 4.0286725032910066e-15
6768.0 4.0286725032910066e-15
6768.3 1.2086018356905967e-14
6768.6 8.057345006582013e-15
6768.9 2.4172036713811934e-14
6769.2 3.62580550707179e-14
6769.5 5.640141674013999e-14
6769.8 9.26594684227261e-14
6770.1 1.450322202828716e-13
6770.4 2.336630238256032e-13
6770.7 3.7466655212342603e-13
6771.0 5.841575595640081e-13
6771.3 9.265947384373696e-13
6771.6 1.4503221757236617e-12
6771.9 2.2681427049031644e-12
6772.2 3.5331459979914825e-12
6772.5 5.487052218838828e-12
6772.8 8.484385069507105e-12
6773.1 1.3077071543687868e-11
6773.4 2.0082933580023443e-11
6773.7 3.072668508519172e-11
6774.0 4.6845406026507774e-11
6774.3 7.115441569283121e-11
6774.6 1.0769850983249896e-10
6774.9 1.6241594180677055e-10
6775.2 2.440408708448416e-10
6775.5 3.6537645131673457e-10
6775.8 5.450471740608975e-10
6776.1 8.101459503251363e-10
6776.4 1.1998192439577338e-9
6776.7 1.770496860231674e-9
6777.0 2.603171234127899e-9
6777.3 3.8136138691413635e-9
6777.6 5.566707095283618e-9
6777.9 8.096310288863151e-9
6778.2 1.1732840476952333e-8
6778.5 1.6941269720405217e-8
6778.8 2.4373404627908712e-8
6779.1 3.493924793929182e-8
6779.4 4.990431534679374e-8
6779.7 7.102148913418205e-8
6780.0 1.0070908018633418e-7
6780.3 1.4229009082100674e-7
6780.6 2.0031239955642377e-7
6780.9 2.809753425481176e-7
6781.2 3.926953127120214e-7
6781.5 5.468527888297103e-7
6781.8 7.587736945424695e-7
6782.1 1.049014034865012e-6
6782.4 1.445032129626542e-6
6782.7 1.983356931367414e-6
6783.0 2.7123853889914195e-6
6783.3 3.6959757256306065e-6
6783.6 5.0180384065712905e-6
6783.9 6.788378098738913e-6
6784.2 9.150087224532507e-6
6784.5 1.2288860115639853e-5
6784.8 1.6444669310463945e-5
6785.1 2.1926327611150915e-5
6785.4 2.9129551069179175e-5
6785.7 3.855927549443839e-5
6786.0 5.085704337914034e-5
6786.3 6.683447560388102e-5
6786.6 8.751392484430506e-5
6786.9 0.00011417761883057665
6787.2 0.00014842668902264553
6787.5 0.00019225173711690766
6787.8 0.0002481165521696139
6788.1 0.00031905714129182576
6788.4 0.0004087977507216015
6788.7 0.0005218862905680137
6789.0 0.0006638509983280735
6789.3 0.0008413812350467085
6789.6 0.0010625333086537484
6789.9 0.0013369648487561094
6790.2 0.0016761977536314684
6790.5 0.00209391249203355
6790.8 0.0026062743398518086
6791.1 0.0032322903262606483
6791.4 0.0039941983673637445
6791.7 0.004917886517434781
6792.0 0.006033337767714105
6792.3 0.00737510061427656
6792.6 0.008982774924210367
6792.9 0.010901510852571605
6793.2 0.013182513312961476
6793.5 0.015883539441116704
6793.8 0.019069384463420092
6794.1 0.0228123465570904
6794.4 0.027192664504923744
6794.7 0.03229892814618864
6795.0 0.03822848914814426
6795.3 0.04508788314362942
6795.6 0.052993377437333414
6795.9 0.062071753671341746
6796.2 0.07246161726751853
6796.5 0.08431566870462975
6796.8 0.09780474253754606
6797.1 0.11312472571483906
6797.4 0.13050845144727657
6797.7 0.1502455127398856
6798.0 0.17271468236360987
6798.3 0.1984357595000943
6798.6 0.2281511174158968
6798.9 0.26295124399160363
6799.2 0.30446493457672374
6799.5 0.355142088724286
6799.8 0.4186674727470462
6800.1 0.500556144528324
6800.4 0.6089962863482811
6800.7 0.7560223218337772
6801.0 0.9591190243601755
6801.3 1.24337111644477
6801.6 1.6442791879805156
6801.9 2.211351492511511
6802.2 3.012539227550633
6802.5 4.139507858581965
6802.8 5.713609572618225
6803.1 7.892262464214582
6803.4 10.875244387945713
6803.7 14.910215679403336
6804.0 20.296592215890996
6804.3 27.386724201147445
6804.6 36.58313820802141
6804.9 48.33032411406748
6805.2 63.0992140728049
6805.5 81.36206302139908
6805.8 103.55530101619661
6806.1 130.02838288620114
6806.4 160.978329308331
6806.7 196.3729079067707
6807.0 235.87009739875793
6807.3 278.7467162013054
6807.6 323.85345581173897
6807.9 369.61450707912445
6808.2 414.0865107178688
6808.5 455.08257842063904
6808.8 490.3541704416275
6809.1 517.8100671768188
6809.4 535.7406105995178
6809.7 543.0112638473511
6810.0 539.1930522918701
6810.3 524.6088664531708
6810.6 500.2899614572525
6810.9 467.8530603647232
6811.2 429.3204902410507
6811.5 386.9124580025673
6811.8 342.84052258729935
6812.1 299.1265677213669
6812.4 257.46411219239235
6812.7 219.13059110939503
6813.0 184.95206723362207
6813.3 155.31614708900452
6813.6 130.22467863559723
6813.9 109.37511168513447
6814.2 92.25774146756157
6814.5 78.25579923065379
6814.8 66.7363866774831
6815.1 57.122763130348176
6815.4 48.94222891709069
6815.7 41.84817052833387
6816.0 35.619087463855976
6816.3 30.14062773362093
6816.6 25.378411257945118
6816.9 21.349368366325507
6817.2 18.097834881948074
6817.5 15.680203610972967
6817.8 14.159320613340242
6818.1 13.607549855776597
6818.4 14.11599160496553
6818.7 15.806650980361155
6819.0 18.844362657895545
6819.3 23.445529922639253
6819.6 29.88103232893627
6819.9 38.470768461120315
6820.2 49.567351755918935
6820.5 63.526749924290925
6820.8 80.66463431436568
6821.1 101.19922767020762
6821.4 125.18467569164932
6821.7 152.44295212626457
6822.0 182.50603867322206
6822.3 214.58234123885632
6822.6 247.56044505536556
6822.9 280.05890057981014
6823.2 310.52293118834496
6823.5 337.35941353440285
6823.8 359.0926680713892
6824.1 374.5179110467434
6824.4 382.8284076452255
6824.7 383.69696620106697
6825.0 377.3004194498062
6825.3 364.2861140370369
6825.6 345.68829268217087
6825.9 322.8089876174927
6826.2 297.0810533761978
6826.5 269.9309461414814
6826.8 242.65668062865734
6827.1 216.33262719213963
6827.4 191.74888367205858
6827.7 169.3885004222393
6828.0 149.4414578564465
6828.3 131.85008709691465
6828.6 116.37680228613317
6828.9 102.68255721684545
6829.2 90.40351328300312
6829.5 79.21472585282754
6829.8 68.87285224202788
6830.1 59.234450170668424
6830.4 50.251287068960664
6830.7 41.948204588599765
6831.0 34.3914500669689
6831.3 27.655820217410565
6831.6 21.797457593233958
6831.9 16.836485547558084
6832.2 12.750616805982787
6832.5 9.478313984578833
6832.8 6.928449504917207
6833.1 4.992917467411513
6833.4 3.5590720072477664
6833.7 2.519846025647382
6834.0 1.7805381923220045
6834.3 1.2622227287958094
6834.6 0.9023755143903381
6834.9 0.6535904952854915
6835.2 0.48125963085411666
6835.5 0.36091770880870827
6835.8 0.2757200482106562
6836.1 0.21430106203594665
6836.4 0.16909550357968234
6836.7 0.1351004533691426
6837.0 0.10900497712570133
6837.3 0.08860091626874894
6837.6 0.07239499945357211
6837.9 0.05935840829425059
6838.2 0.04876653327202649
6838.5 0.04009683805021273
6838.8 0.03296327799030134
6839.1 0.02707382335465955
6839.4 0.022202583603588146
6839.7 0.0181712328693448
6840.0 0.014836459055918037
6840.3 0.012081368693311327
6840.6 0.009809489804861047
6840.9 0.007940511996969607
6841.2 0.006407193247482224
6841.5 0.005153035153803898
6841.8 0.004130508229778004
6842.1 0.0032996334508950107
6842.4 0.0026268296232836975
6842.7 0.0020839561288338803
6843.0 0.0016474984780276048
6843.3 0.0012978751511536217
6843.6 0.0010188389603952934
6843.9 0.00079696157656919
6844.2 0.0006211893694640386
6844.5 0.0004824604236936286
6844.8 0.0003733768152068618
6845.1 0.00028792433622373375
6845.4 0.00022123438510935974
6845.7 0.0001693824113641067
6846.0 0.0001292182579908508
6846.3 9.822410829064506e-5
6846.6 7.439605984312314e-5
6846.9 5.614596593982884e-5
6847.2 4.222048494947115e-5
6847.5 3.1634676997121925e-5
6847.8 2.3617751839207673e-5
6848.1 1.7569053597106903e-5
6848.4 1.302244495263433e-5
6848.7 9.617689872947355e-6
6849.0 7.07754930224375e-6
6849.3 5.189538803671012e-6
6849.6 3.7914754842348353e-6
6849.9 2.7600775169573516e-6
6850.2 2.0020167152195664e-6
6850.5 1.4469300160776036e-6
6850.8 1.0419831390389486e-6
6851.1 7.476651880387094e-7
6851.4 5.345482212990916e-7
6851.7 3.80802571305739e-7
6852.0 2.703000037201583e-7
6852.3 1.911725339084913e-7
6852.6 1.3472188792038097e-7
6852.9 9.459844262097507e-8
6853.2 6.618553604483297e-8
6853.5 4.6139756219079225e-8
6853.8 3.20494642551252e-8
6854.1 2.2181938427934908e-8
6854.4 1.5297175445994724e-8
6854.7 1.0511296721915642e-8
6855.0 7.196719664648299e-9
6855.3 4.909597617341888e-9
6855.6 3.3372573593482002e-9
6855.9 2.260318821001306e-9
6856.2 1.525378268141253e-9
6856.5 1.025713181057597e-9
6856.8 6.87216783479272e-10
6857.1 4.587864255167773e-10
6857.4 3.051806862774953e-10
6857.7 2.0227498842562142e-10
6858.0 1.3357782935319307e-10
6858.3 8.790226185828587e-11
6858.6 5.763279090076345e-11
6858.9 3.764863767963256e-11
6859.2 2.4509692886365286e-11
6859.5 1.589628602360893e-11
6859.8 1.0267810907071961e-11
6860.1 6.617617044624158e-12
6860.4 4.2454290950788565e-12
6860.7 2.7135730728405916e-12
6861.0 1.724431903694923e-12
6861.3 1.1029362102440987e-12
6861.6 6.91523444409925e-13
6861.9 4.376730911286736e-13
6862.2 2.713573181260809e-13
6862.5 1.7506922831995314e-13
6862.8 1.050415383472246e-13
6863.1 7.002768997272854e-14
6863.4 3.501384498636427e-14
6863.7 3.501384498636427e-14
6864.0 8.753461246591068e-15
6864.3 8.753461246591068e-15
6864.6 8.753461246591068e-15
6864.9 8.753461246591068e-15
6865.2 0.0
6865.5 0.0
6865.8 0.0
6866.1 0.0
6866.4 0.0
6866.7 0.0
6867.0 0.0
6867.3 0.0
6867.6 0.0
6867.9 0.0
6868.2 0.0
6868.5 0.0
6868.8 0.0
6869.1 0.0
6869.4 0.0
6869.7 0.0
