6165.0 0.0
6165.3 0.0
6165.6 0.0
6165.9 0.0
6166.2 0.0
6166.5 0.0
6166.8 0.0
6167.1 0.0
6167.4 0.0
6167.7 0.0
6168.0 0.0
6168.3 0.0
6168.6 0.0
6168.9 0.0
6169.2 0.0
6169.5 0.0
6169.8 0.0
6170.1 0.0
6170.4 0.0
6170.7 0.0
6171.0 0.0
6171.3 0.0
6171.6 0.0
6171.9 0.0
6172.2 0.0
6172.5 0.0
6172.8 0.0
6173.1 0.0
6173.4 0.0
6173.7 0.0
6174.0 0.0
6174.3 0.0
6174.6 0.0
6174.9 0.0
6175.2 0.0
6175.5 0.0
6175.8 0.0
6176.1 0.0
6176.4 0.0
6176.7 0.0
6177.0 0.0
6177.3 0.0
6177.6 0.0
6177.9 0.0
6178.2 0.0
6178.5 0.0
6178.8 0.0
6179.1 0.0
6179.4 0.0
6179.7 0.0
6180.0 0.0
6180.3 0.0
6180.6 0.0
6180.9 0.0
6181.2 0.0
6181.5 0.0
6181.8 0.0
6182.1 0.0
6182.4 0.0
6182.7 0.0
6183.0 0.0
6183.3 0.0
6183.6 0.0
6183.9 0.0
6184.2 0.0
6184.5 0.0
6184.8 0.0
6185.1 0.0
6185.4 0.0
6185.7 0.0
6186.0 0.0
6186.3 0.0
6186.6 0.0
6186.9 0.0
6187.2 0.0
6187.5 0.0
6187.8 0.0
6188.1 0.0
6188.4 0.0
6188.7 0.0
6189.0 0.0
6189.3 0.0
6189.6 0.0
6189.9 0.0
6190.2 0.0
6190.5 0.0
6190.8 0.0
6191.1 0.0
6191.4 0.0
6191.7 0.0
6192.0 0.0
6192.3 0.0
6192.6 0.0
6192.9 0.0
6193.2 0.0
6193.5 0.0
6193.8 0.0
6194.1 0.0
6194.4 0.0
6194.7 0.0
6195.0 0.0
6195.3 0.0
6195.6 0.0
6195.9 0.0
6196.2 0.0
6196.5 0.0
6196.8 0.0
6197.1 0.0
6197.4 0.0
6197.7 0.0
6198.0 0.0
6198.3 0.0
6198.6 0.0
6198.9 0.0
6199.2 0.0
6199.5 0.0
6199.8 0.0
6200.1 0.0
6200.4 0.0
6200.7 0.0
6201.0 0.0
6201.3 0.0
6201.6 0.0
6201.9 0.0
6202.2 0.0
6202.5 0.0
6202.8 0.0
6203.1 0.0
6203.4 0.0
6203.7 0.0
6204.0 0.0
6204.3 0.0
6204.6 0.0
6204.9 0.0
6205.2 0.0
6205.5 0.0
6205.8 0.0
6206.1 0.0
6206.4 0.0
6206.7 0.0
6207.0 0.0
6207.3 0.0
6207.6 0.0
6207.9 0.0
6208.2 0.0
6208.5 0.0
6208.8 0.0
6209.1 0.0
6209.4 0.0
6209.7 0.0
6210.0 0.0
6210.3 0.0
6210.6 0.0
6210.9 0.0
6211.2 0.0
6211.5 0.0
6211.8 0.0
6212.1 0.0
6212.4 0.0
6212.7 0.0
6213.0 0.0
6213.3 0.0
6213.6 0.0
6213.9 0.0
6214.2 0.0
6214.5 0.0
6214.8 0.0
6215.1 0.0
6215.4 0.0
6215.7 0.0
6216.0 0.0
6216.3 0.0
6216.6 0.0
6216.9 0.0
6217.2 0.0
6217.5 0.0
6217.8 0.0
6218.1 0.0
6218.4 0.0
6218.7 0.0
6219.0 0.0
6219.3 0.0
6219.6 0.0
6219.9 0.0
6220.2 0.0
6220.5 0.0
6220.8 0.0
6221.1 0.0
6221.4 0.0
6221.7 0.0
6222.0 0.0
6222.3 0.0
6222.6 0.0
6222.9 0.0
6223.2 0.0
6223.5 0.0
6223.8 0.0
6224.1 0.0
6224.4 0.0
6224.7 0.0
6225.0 0.0
6225.3 0.0
6225.6 0.0
6225.9 0.0
6226.2 0.0
6226.5 0.0
6226.8 0.0
6227.1 0.0
6227.4 0.0
6227.7 0.0
6228.0 0.0
6228.3 0.0
6228.6 0.0
6228.9 0.0
6229.2 0.0
6229.5 0.0
6229.8 0.0
6230.1 0.0
6230.4 0.0
6230.7 0.0
6231.0 0.0
6231.3 0.0
6231.6 0.0
6231.9 0.0
6232.2 0.0
6232.5 0.0
6232.8 0.0
6233.1 0.0
6233.4 0.0
6233.7 0.0
6234.0 0.0
6234.3 0.0
6234.6 0.0
6234.9 0.0
6235.2 0.0
6235.5 0.0
6235.8 0.0
6236.1 0.0
6236.4 0.0
6236.7 0.0
6237.0 0.0
6237.3 0.0
6237.6 0.0
6237.9 0.0
6238.2 0.0
6238.5 0.0
6238.8 0.0
6239.1 0.0
6239.4 0.0
6239.7 0.0
6240.0 0.0
6240.3 0.0
6240.6 0.0
6240.9 0.0
6241.2 0.0
6241.5 0.0
6241.8 0.0
6242.1 0.0
6242.4 0.0
6242.7 0.0
6243.0 0.0
6243.3 0.0
6243.6 0.0
6243.9 0.0
6244.2 0.0
6244.5 0.0
6244.8 0.0
6245.1 0.0
6245.4 0.0
6245.7 0.0
6246.0 0.0
6246.3 0.0
6246.6 0.0
6246.9 0.0
6247.2 0.0
6247.5 0.0
6247.8 0.0
6248.1 0.0
6248.4 0.0
6248.7 0.0
6249.0 0.0
6249.3 0.0
6249.6 0.0
6249.9 0.0
6250.2 0.0
6250.5 0.0
6250.8 0.0
6251.1 0.0
6251.4 0.0
6251.7 0.0
6252.0 0.0
6252.3 0.0
6252.6 0.0
6252.9 0.0
6253.2 0.0
6253.5 0.0
6253.8 0.0
6254.1 0.0
6254.4 0.0
6254.7 0.0
6255.0 0.0
6255.3 0.0
6255.6 0.0
6255.9 0.0
6256.2 0.0
6256.5 0.0
6256.8 0.0
6257.1 0.0
6257.4 0.0
6257.7 0.0
6258.0 0.0
6258.3 0.0
6258.6 0.0
6258.9 0.0
6259.2 0.0
6259.5 0.0
6259.8 0.0
6260.1 0.0
6260.4 0.0
6260.7 0.0
6261.0 0.0
6261.3 0.0
6261.6 0.0
6261.9 0.0
6262.2 0.0
6262.5 0.0
6262.8 0.0
6263.1 0.0
6263.4 0.0
6263.7 0.0
6264.0 0.0
6264.3 0.0
6264.6 0.0
6264.9 0.0
6265.2 0.0
6265.5 0.0
6265.8 0.0
6266.1 0.0
6266.4 0.0
6266.7 0.0
6267.0 0.0
6267.3 0.0
6267.6 0.0
6267.9 0.0
6268.2 0.0
6268.5 0.0
6268.8 0.0
6269.1 0.0
6269.4 0.0
6269.7 0.0
6270.0 0.0
6270.3 0.0
6270.6 0.0
6270.9 0.0
6271.2 0.0
6271.5 0.0
6271.8 0.0
6272.1 0.0
6272.4 0.0
6272.7 0.0
6273.0 0.0
6273.3 0.0
6273.6 0.0
6273.9 0.0
6274.2 0.0
6274.5 0.0
6274.8 0.0
6275.1 0.0
6275.4 0.0
6275.7 0.0
6276.0 0.0
6276.3 0.0
6276.6 0.0
6276.9 0.0
6277.2 0.0
6277.5 0.0
6277.8 0.0
6278.1 0.0
6278.4 0.0
6278.7 0.0
6279.0 0.0
6279.3 0.0
6279.6 0.0
6279.9 0.0
6280.2 0.0
6280.5 0.0
6280.8 0.0
6281.1 0.0
6281.4 0.0
6281.7 0.0
6282.0 0.0
6282.3 0.0
6282.6 0.0
6282.9 0.0
6283.2 0.0
6283.5 0.0
6283.8 0.0
6284.1 0.0
6284.4 0.0
6284.7 0.0
6285.0 0.0
6285.3 0.0
6285.6 0.0
6285.9 0.0
6286.2 0.0
6286.5 0.0
6286.8 0.0
6287.1 0.0
6287.4 0.0
6287.7 0.0
6288.0 0.0
6288.3 0.0
6288.6 0.0
6288.9 0.0
6289.2 0.0
6289.5 0.0
6289.8 0.0
6290.1 0.0
6290.4 0.0
6290.7 0.0
6291.0 0.0
6291.3 0.0
6291.6 0.0
6291.9 0.0
6292.2 0.0
6292.5 0.0
6292.8 0.0
6293.1 0.0
6293.4 0.0
6293.7 0.0
6294.0 0.0
6294.3 0.0
6294.6 0.0
6294.9 0.0
6295.2 0.0
6295.5 0.0
6295.8 0.0
6296.1 0.0
6296.4 0.0
6296.7 0.0
6297.0 0.0
6297.3 0.0
6297.6 0.0
6297.9 0.0
6298.2 0.0
6298.5 0.0
6298.8 0.0
6299.1 0.0
6299.4 0.0
6299.7 0.0
6300.0 0.0
6300.3 0.0
6300.6 0.0
6300.9 0.0
6301.2 0.0
6301.5 0.0
6301.8 0.0
6302.1 0.0
6302.4 0.0
6302.7 0.0
6303.0 0.0
6303.3 0.0
6303.6 0.0
6303.9 0.0
6304.2 0.0
6304.5 0.0
6304.8 0.0
6305.1 0.0
6305.4 0.0
6305.7 0.0
6306.0 0.0
6306.3 0.0
6306.6 0.0
6306.9 0.0
6307.2 0.0
6307.5 0.0
6307.8 0.0
6308.1 0.0
6308.4 0.0
6308.7 0.0
6309.0 0.0
6309.3 0.0
6309.6 0.0
6309.9 0.0
6310.2 0.0
6310.5 0.0
6310.8 0.0
6311.1 0.0
6311.4 0.0
6311.7 0.0
6312.0 0.0
6312.3 0.0
6312.6 0.0
6312.9 0.0
6313.2 0.0
6313.5 0.0
6313.8 0.0
6314.1 0.0
6314.4 0.0
6314.7 0.0
6315.0 0.0
6315.3 0.0
6315.6 0.0
6315.9 0.0
6316.2 0.0
6316.5 0.0
6316.8 0.0
6317.1 0.0
6317.4 0.0
6317.7 0.0
6318.0 0.0
6318.3 0.0
6318.6 0.0
6318.9 0.0
6319.2 0.0
6319.5 0.0
6319.8 0.0
6320.1 0.0
6320.4 0.0
6320.7 0.0
6321.0 0.0
6321.3 0.0
6321.6 0.0
6321.9 0.0
6322.2 0.0
6322.5 0.0
6322.8 0.0
6323.1 0.0
6323.4 0.0
6323.7 0.0
6324.0 0.0
6324.3 0.0
6324.6 0.0
6324.9 0.0
6325.2 0.0
6325.5 0.0
6325.8 0.0
6326.1 0.0
6326.4 0.0
6326.7 0.0
6327.0 0.0
6327.3 0.0
6327.6 0.0
6327.9 0.0
6328.2 0.0
6328.5 0.0
6328.8 0.0
6329.1 0.0
6329.4 0.0
6329.7 0.0
6330.0 0.0
6330.3 0.0
6330.6 0.0
6330.9 0.0
6331.2 0.0
6331.5 0.0
6331.8 0.0
6332.1 0.0
6332.4 0.0
6332.7 0.0
6333.0 0.0
6333.3 0.0
6333.6 0.0
6333.9 0.0
6334.2 0.0
6334.5 0.0
6334.8 0.0
6335.1 0.0
6335.4 0.0
6335.7 0.0
6336.0 0.0
6336.3 0.0
6336.6 0.0
6336.9 0.0
6337.2 0.0
6337.5 0.0
6337.8 0.0
6338.1 0.0
6338.4 0.0
6338.7 0.0
6339.0 0.0
6339.3 0.0
6339.6 0.0
6339.9 0.0
6340.2 0.0
6340.5 0.0
6340.8 0.0
6341.1 0.0
6341.4 0.0
6341.7 0.0
6342.0 0.0
6342.3 0.0
6342.6 0.0
6342.9 0.0
6343.2 0.0
6343.5 0.0
6343.8 0.0
6344.1 0.0
6344.4 0.0
6344.7 0.0
6345.0 0.0
6345.3 0.0
6345.6 0.0
6345.9 0.0
6346.2 0.0
6346.5 0.0
6346.8 0.0
6347.1 0.0
6347.4 0.0
6347.7 0.0
6348.0 0.0
6348.3 0.0
6348.6 0.0
6348.9 0.0
6349.2 0.0
6349.5 0.0
6349.8 0.0
6350.1 0.0
6350.4 0.0
6350.7 0.0
6351.0 0.0
6351.3 0.0
6351.6 0.0
6351.9 0.0
6352.2 0.0
6352.5 0.0
6352.8 0.0
6353.1 0.0
6353.4 0.0
6353.7 0.0
6354.0 0.0
6354.3 0.0
6354.6 0.0
6354.9 0.0
6355.2 0.0
6355.5 0.0
6355.8 0.0
6356.1 0.0
6356.4 0.0
6356.7 0.0
6357.0 0.0
6357.3 0.0
6357.6 0.0
6357.9 0.0
6358.2 0.0
6358.5 0.0
6358.8 0.0
6359.1 0.0
6359.4 0.0
6359.7 0.0
6360.0 0.0
6360.3 0.0
6360.6 0.0
6360.9 0.0
6361.2 0.0
6361.5 0.0
6361.8 0.0
6362.1 0.0
6362.4 0.0
6362.7 4.241550094144378e-15
6363.0 8.483100188288756e-15
6363.3 2.9690849388461227e-14
6363.6 9.331409614194569e-14
6363.9 3.138746857908603e-13
6364.2 9.861603721128542e-13
6364.5 3.0539160610076888e-12
6364.8 9.235974832155769e-12
6365.1 2.7307099290108106e-11
6365.4 7.889706943320363e-11
6365.7 2.2282086596010718e-10
6366.0 6.150537832699113e-10
6366.3 1.659365493395e-9
6366.6 4.375669349321949e-9
6366.9 1.1277690724399058e-8
6367.2 2.8409914178930714e-8
6367.5 6.995103014540307e-8
6367.8 1.683425947650304e-7
6368.1 3.959778531661198e-7
6368.4 9.103884290789644e-7
6368.7 2.045803770254119e-6
6369.0 4.493513010632519e-6
6369.3 9.647115135626532e-6
6369.6 2.024437439975123e-5
6369.9 4.1525496596193345e-5
6370.2 8.326059787596904e-5
6370.5 0.0001631896479007362
6370.8 0.0003126747066064732
6371.1 0.0005856852042415237
6371.4 0.0010726028679244365
6371.7 0.0019206939222954412
6372.0 0.0033633747044422703
6372.3 0.005760481991454381
6372.6 0.009651537700793014
6372.9 0.01582339226950996
6373.2 0.02539264221475325
6373.5 0.039902100893958535
6373.8 0.061429613870015276
6374.1 0.09270741614034204
6374.4 0.13725126929626327
6374.7 0.19950137770069656
6375.0 0.2849801865016747
6375.3 0.4004744130837655
6375.6 0.5542452754755433
6375.9 0.7562584556155186
6376.2 1.0183975005948005
6376.5 1.354582567422648
6376.8 1.780661716927684
6377.1 2.3138916922963046
6377.4 2.9717986797976117
6377.7 3.7702386198112907
6378.0 4.7205818450719645
6378.3 5.826145626057562
6378.6 7.07825862873561
6378.9 8.452629171097461
6379.2 9.906894913480906
6379.5 11.380289240740327
6379.8 12.796163018697497
6380.1 14.067667132109472
6380.4 15.106258306818384
6380.7 15.83199827787535
6381.0 16.18405985756376
6381.3 16.129597504782897
6381.6 15.669308190025117
6381.9 14.838586793642394
6382.2 13.704026765801277
6382.5 12.355961600621725
6382.8 10.898463221599442
6383.1 9.43862650153726
6383.4 8.076915254192581
6383.7 6.899925387995555
6384.0 5.976260780305193
6384.3 5.355523465375148
6384.6 5.069859508729699
6384.9 5.137165778043176
6385.2 5.564994463525268
6385.5 6.35429983659975
6385.8 7.502390155194417
6386.1 9.004674277935546
6386.4 10.85500225854095
6386.7 13.044588383043845
6387.0 15.55972896704435
6387.3 18.378801963483966
6387.6 21.46934044951604
6387.9 24.78620302662239
6388.2 28.27185786015434
6388.5 31.85940826197111
6388.8 35.478219465730945
6389.1 39.06094232960686
6389.4 42.54981868116761
6389.7 45.89970828856963
6390.0 49.07580940986719
6390.3 52.04546369001681
6390.6 54.76555906913239
6390.9 57.16915807975576
6391.2 59.156205757360944
6391.5 60.59296878379677
6391.8 61.32293847852503
6392.1 61.188762716048664
6392.4 60.06133593993754
6392.7 57.8695301047443
6393.0 54.62320812406141
6393.3 50.42345009746475
6393.6 45.45695738975998
6393.9 39.975492899287374
6394.2 34.26476803965751
6394.5 28.609363029397066
6394.8 23.260602221110272
6395.1 18.412914480157397
6395.4 14.191642184301203
6395.7 10.652462741601106
6396.0 7.790245948711243
6396.3 5.55382637187804
6396.6 3.8629074751227317
6396.9 2.623919608064246
6397.2 1.742757313724745
6397.5 1.1335052326257986
6397.8 0.7232452093344397
6398.1 0.45366043020726465
6398.4 0.28041387637665594
6398.7 0.17125710207190536
6399.0 0.103637579700397
6399.3 0.0623254503505386
6399.6 0.03734977032357634
6399.9 0.022356965141186347
6400.2 0.013390683496581235
6400.5 0.00803309590540377
6400.8 0.004827441000254194
6401.1 0.0029042633039063747
6401.4 0.0017470795138684798
6401.7 0.0010491990285672324
6402.0 0.0006279377133282668
6402.3 0.00037389140339526316
6402.6 0.00022113922345537248
6402.9 0.0001297450320594356
6403.2 7.542825534379774e-5
6403.5 4.341159820128505e-5
6403.8 2.4717294850021295e-5
6404.1 1.391508169685449e-5
6404.4 7.742545468293954e-6
6404.7 4.256603497119926e-6
6405.0 2.311673737961886e-6
6405.3 1.2399437722013695e-6
6405.6 6.568055509185528e-7
6405.9 3.4355193746256677e-7
6406.2 1.7743553347084929e-7
6406.5 9.048165976084214e-8
6406.8 4.555517324751092e-8
6407.1 2.2644398909355106e-8
6407.4 1.111277201188899e-8
6407.7 5.384171907338714e-9
6408.0 2.5753839468654626e-9
6408.3 1.2161828969224079e-9
6408.6 5.669968748725576e-10
6408.9 2.6097279399005913e-10
6409.2 1.1858751807211146e-10
6409.5 5.31996665540104e-11
6409.8 2.355857046407594e-11
6410.1 1.0305404955929721e-11
6410.4 4.44851632469586e-12
6410.7 1.8935637644373616e-12
6411.0 7.960629910479366e-13
6411.3 3.3352418490038577e-13
6411.6 1.339494010671558e-13
6411.9 5.858396018258304e-14
6412.2 1.952430171069065e-14
6412.5 9.762150855345325e-15
6412.8 4.343749383790938e-15
6413.1 5.373260438817245e-16
6413.4 0.0
6413.7 0.0
6414.0 0.0
6414.3 0.0
6414.6 0.0
6414.9 0.0
6415.2 0.0
6415.5 0.0
6415.8 0.0
6416.1 0.0
6416.4 0.0
6416.7 0.0
6417.0 0.0
6417.3 0.0
6417.6 0.0
6417.9 0.0
6418.2 0.0
6418.5 0.0
6418.8 0.0
6419.1 0.0
6419.4 0.0
6419.7 5.249879713896052e-15
6420.0 2.624939856948026e-15
6420.3 1.0499759427792105e-14
6420.6 2.099951885558421e-14
6420.9 4.724891742506447e-14
6421.2 1.023726595031707e-13
6421.5 2.099951885558421e-13
6421.8 4.5148967572385124e-13
6422.1 9.318536610750106e-13
6422.4 1.9293308270440512e-12
6422.7 3.937409859960939e-12
6423.0 7.979817327752325e-12
6423.3 1.6001634045581525e-11
6423.6 3.18116470665597e-11
6423.9 6.262844409743451e-11
6424.2 1.2215420341910033e-10
6424.5 2.360293349656928e-10
6424.8 4.5179940344475256e-10
6425.1 8.567305198603492e-10
6425.4 1.6094110488751312e-9
6425.7 2.995098391522788e-9
6426.0 5.521736494084969e-9
6426.3 1.0084674965593429e-8
6426.6 1.8246080036110248e-8
6426.9 3.2703841301201507e-8
6427.2 5.806965930106989e-8
6427.5 1.0214597631798481e-7
6427.8 1.7799786645303676e-7
6428.1 3.0727694330006175e-7
6428.4 5.254929256614691e-7
6428.7 8.902784044610788e-7
6429.0 1.4941947373914646e-6
6429.3 2.484343612504415e-6
6429.6 4.0920440796538005e-6
6429.9 6.677208093379405e-6
6430.2 1.0793896271640668e-5
6430.5 1.7286006088902562e-5
6430.8 2.7425267080136323e-5
6431.1 4.3107911688221715e-5
6431.4 6.713176312204172e-5
6431.7 0.00010358247636335734
6432.0 0.00015836656456595682
6432.3 0.0002399411746298663
6432.6 0.0003603071456234161
6432.9 0.0005363560184903284
6433.2 0.0007916981099325204
6433.5 0.0011591529937272792
6433.8 0.0016841687268532657
6434.1 0.002429560213044218
6434.4 0.003482141240104856
6434.7 0.0049620790705802624
6435.0 0.007036126651457106
6435.3 0.009936292152875273
6435.6 0.013985903821759113
6435.9 0.01963539451605836
6436.2 0.027510216191644146
6436.5 0.0384730364083584
6436.8 0.053701357789112954
6437.1 0.07477994355146879
6437.4 0.10380476507584266
6437.7 0.14349186322610516
6438.0 0.19728127261355394
6438.3 0.26942399695487346
6438.6 0.365040161398629
6438.9 0.49014081895459527
6439.2 0.6516133348347992
6439.5 0.8571820816048359
6439.8 1.1153655337192683
6440.1 1.4354549812767619
6440.4 1.827527686646603
6440.7 2.302475993014581
6441.0 2.8719775499071445
6441.3 3.5482632031151207
6441.6 4.343477925554931
6441.9 5.268406373050587
6442.2 6.330387898015882
6442.5 7.53040865475688
6442.8 8.859606749399006
6443.1 10.295760240660346
6443.4 11.800606193490578
6443.7 13.319009953380279
6444.0 14.78089599805563
6444.3 16.106455838286518
6444.6 17.214491019030444
6444.9 18.03291078791805
6445.2 18.50969821879428
6445.5 18.622198944054695
6445.8 18.382662013144625
6446.1 17.83852476820315
6446.4 17.066953251463524
6446.7 16.164345270560073
6447.0 15.232597743481913
6447.3 14.364661584750015
6447.6 13.632069006003512
6447.9 13.076710419148812
6448.2 12.7082548316793
6448.5 12.50747228300024
6448.8 12.434582333397909
6449.1 12.440825195885658
6449.4 12.480947959932095
6449.7 12.524225461854755
6450.0 12.562034049850467
6450.3 12.610711970084026
6450.6 12.709338440483862
6450.9 12.912960340257996
6451.2 13.282552720960666
6451.5 13.873494887708148
6451.8 14.724543444714072
6452.1 15.849176714247733
6452.4 17.230776795069687
6452.7 18.82248723493103
6453.0 20.55178599269493
6453.3 22.32897414139734
6453.6 24.05805584407244
6453.9 25.64804143863489
6454.2 27.022651838003753
6454.5 28.126806591521017
6454.8 28.929023041609454
6455.1 29.419786533271363
6455.4 29.606795792421284
6455.7 29.508551098395703
6456.0 29.147919297486688
6456.3 28.547051170007478
6456.6 27.724502992727935
6456.9 26.694784002112897
6457.2 25.469949992496026
6457.5 24.062493921072868
6457.8 22.488592313642823
6458.1 20.7708208493562
6458.4 18.93965793755093
6458.7 17.033406420483132
6459.0 15.09651335244239
6459.3 13.176578515070453
6459.6 11.320590398211928
6459.9 9.571058698427116
6460.2 7.962686820752676
6460.5 6.520091834063811
6460.8 5.256850082923
6461.1 4.175866430482783
6461.4 3.270844675213435
6461.7 2.5284690770083063
6462.0 1.9308662484183505
6462.3 1.4579548578566357
6462.6 1.0894059144310888
6462.9 0.8060715249359514
6463.2 0.5908657727650338
6463.5 0.42917016816614123
6463.8 0.30888363743459024
6464.1 0.22024392454070102
6464.4 0.15553089573205903
6464.7 0.10873219097183573
6465.0 0.07522126892288028
6465.3 0.05147332308869798
6465.6 0.034827273180601144
6465.9 0.023292466087080455
6466.2 0.015394401266543824
6466.5 0.01005271811273412
6466.8 0.006485252791616505
6467.1 0.004133009622076351
6467.4 0.0026019326536566513
6467.7 0.0016181814990440906
6468.0 0.000994227802442139
6468.3 0.0006035460103776656
6468.6 0.00036203422452884496
6468.9 0.00021461588843594152
6469.2 0.00012575167615463275
6469.5 7.284161642086375e-5
6469.8 4.1719625814667955e-5
6470.1 2.363109553314705e-5
6470.4 1.3240463259351588e-5
6470.7 7.340010691089836e-6
6471.0 4.026864244328773e-6
6471.3 2.1868554564219532e-6
6471.6 1.1758836148248666e-6
6471.9 6.261949337558365e-7
6472.2 3.3034329961584704e-7
6472.5 1.7267954322694238e-7
6472.8 8.946263280465729e-8
6473.1 4.594835357829652e-8
6473.4 2.3400335094322686e-8
6473.7 1.1819197138791915e-8
6474.0 5.921726328350261e-9
6474.3 2.9435694839950244e-9
6474.6 1.4518678571836835e-9
6474.9 7.10647832549136e-10
6475.2 3.4522026311347194e-10
6475.5 1.6644517945213803e-10
6475.8 7.965167647162953e-11
6476.1 3.7831710781886715e-11
6476.4 1.7836802489927615e-11
6476.7 8.342518790718659e-12
6477.0 3.870123133030141e-12
6477.3 1.7863803554004818e-12
6477.6 8.171694894918476e-13
6477.9 3.676599653580775e-13
6478.2 1.6436985848423963e-13
6478.5 7.559250415971027e-14
6478.8 3.186067441944302e-14
6479.1 1.5729503686224265e-14
6479.4 5.76113270723275e-15
6479.7 2.3044530828931e-15
6480.0 1.15222654144655e-15
6480.3 3.8407549616899695e-16
6480.6 3.8407549616899695e-16
6480.9 0.0
6481.2 0.0
6481.5 0.0
6481.8 0.0
6482.1 0.0
6482.4 0.0
6482.7 0.0
6483.0 0.0
6483.3 0.0
6483.6 0.0
6483.9 0.0
6484.2 0.0
6484.5 0.0
6484.8 0.0
6485.1 0.0
6485.4 0.0
6485.7 0.0
6486.0 0.0
6486.3 0.0
6486.6 0.0
6486.9 0.0
6487.2 0.0
6487.5 0.0
6487.8 0.0
6488.1 0.0
6488.4 0.0
6488.7 0.0
6489.0 0.0
6489.3 0.0
6489.6 0.0
6489.9 0.0
6490.2 0.0
6490.5 0.0
6490.8 0.0
6491.1 0.0
6491.4 0.0
6491.7 0.0
6492.0 0.0
6492.3 0.0
6492.6 0.0
6492.9 0.0
6493.2 0.0
6493.5 0.0
6493.8 0.0
6494.1 0.0
6494.4 0.0
6494.7 0.0
6495.0 0.0
6495.3 0.0
6495.6 0.0
6495.9 0.0
6496.2 0.0
6496.5 0.0
6496.8 0.0
6497.1 0.0
6497.4 0.0
6497.7 0.0
6498.0 0.0
6498.3 0.0
6498.6 0.0
6498.9 0.0
6499.2 0.0
6499.5 0.0
6499.8 0.0
6500.1 0.0
6500.4 0.0
6500.7 0.0
6501.0 0.0
6501.3 0.0
6501.6 0.0
6501.9 0.0
6502.2 0.0
6502.5 0.0
6502.8 0.0
6503.1 0.0
6503.4 0.0
6503.7 0.0
6504.0 0.0
6504.3 0.0
6504.6 0.0
6504.9 0.0
6505.2 0.0
6505.5 0.0
6505.8 0.0
6506.1 0.0
6506.4 0.0
6506.7 0.0
6507.0 0.0
6507.3 0.0
6507.6 0.0
6507.9 0.0
6508.2 0.0
6508.5 0.0
6508.8 0.0
6509.1 0.0
6509.4 0.0
6509.7 0.0
6510.0 0.0
6510.3 0.0
6510.6 0.0
6510.9 0.0
6511.2 0.0
6511.5 0.0
6511.8 0.0
6512.1 0.0
6512.4 0.0
6512.7 0.0
6513.0 0.0
6513.3 0.0
6513.6 0.0
6513.9 0.0
6514.2 0.0
6514.5 0.0
6514.8 0.0
6515.1 0.0
6515.4 0.0
6515.7 0.0
6516.0 0.0
6516.3 0.0
6516.6 0.0
6516.9 0.0
6517.2 0.0
6517.5 0.0
6517.8 0.0
6518.1 0.0
6518.4 0.0
6518.7 0.0
6519.0 0.0
6519.3 0.0
6519.6 0.0
6519.9 0.0
6520.2 0.0
6520.5 0.0
6520.8 0.0
6521.1 0.0
6521.4 0.0
6521.7 0.0
6522.0 0.0
6522.3 0.0
6522.6 0.0
6522.9 0.0
6523.2 0.0
6523.5 0.0
6523.8 0.0
6524.1 0.0
6524.4 0.0
6524.7 0.0
6525.0 0.0
6525.3 0.0
6525.6 0.0
6525.9 0.0
6526.2 0.0
6526.5 0.0
6526.8 0.0
6527.1 0.0
6527.4 0.0
6527.7 0.0
6528.0 0.0
6528.3 0.0
6528.6 0.0
6528.9 0.0
6529.2 0.0
6529.5 0.0
6529.8 0.0
6530.1 0.0
6530.4 0.0
6530.7 0.0
6531.0 0.0
6531.3 0.0
6531.6 0.0
6531.9 0.0
6532.2 0.0
6532.5 0.0
6532.8 0.0
6533.1 0.0
6533.4 0.0
6533.7 0.0
6534.0 0.0
6534.3 0.0
6534.6 0.0
6534.9 0.0
6535.2 0.0
6535.5 0.0
6535.8 0.0
6536.1 0.0
6536.4 0.0
6536.7 0.0
6537.0 0.0
6537.3 0.0
6537.6 0.0
6537.9 0.0
6538.2 0.0
6538.5 0.0
6538.8 0.0
6539.1 0.0
6539.4 0.0
6539.7 0.0
6540.0 0.0
6540.3 0.0
6540.6 0.0
6540.9 0.0
6541.2 0.0
6541.5 0.0
6541.8 0.0
6542.1 0.0
6542.4 0.0
6542.7 0.0
6543.0 0.0
6543.3 0.0
6543.6 0.0
6543.9 0.0
6544.2 0.0
6544.5 0.0
6544.8 0.0
6545.1 0.0
6545.4 0.0
6545.7 0.0
6546.0 0.0
6546.3 0.0
6546.6 0.0
6546.9 0.0
6547.2 0.0
6547.5 0.0
6547.8 0.0
6548.1 0.0
6548.4 0.0
6548.7 0.0
6549.0 0.0
6549.3 0.0
6549.6 0.0
6549.9 0.0
6550.2 0.0
6550.5 0.0
6550.8 0.0
6551.1 0.0
6551.4 0.0
6551.7 0.0
6552.0 0.0
6552.3 0.0
6552.6 0.0
6552.9 0.0
6553.2 0.0
6553.5 0.0
6553.8 0.0
6554.1 0.0
6554.4 0.0
6554.7 0.0
6555.0 0.0
6555.3 0.0
6555.6 0.0
6555.9 0.0
6556.2 0.0
6556.5 0.0
6556.8 0.0
6557.1 0.0
6557.4 0.0
6557.7 0.0
6558.0 0.0
6558.3 0.0
6558.6 0.0
6558.9 0.0
6559.2 0.0
6559.5 0.0
6559.8 0.0
6560.1 0.0
6560.4 0.0
6560.7 0.0
6561.0 0.0
6561.3 0.0
6561.6 0.0
6561.9 0.0
6562.2 0.0
6562.5 0.0
6562.8 0.0
6563.1 0.0
6563.4 0.0
6563.7 0.0
6564.0 0.0
6564.3 0.0
6564.6 0.0
6564.9 0.0
6565.2 0.0
6565.5 0.0
6565.8 0.0
6566.1 0.0
6566.4 0.0
6566.7 0.0
6567.0 0.0
6567.3 0.0
6567.6 0.0
6567.9 0.0
6568.2 0.0
6568.5 0.0
6568.8 0.0
6569.1 0.0
6569.4 0.0
6569.7 0.0
6570.0 0.0
6570.3 0.0
6570.6 0.0
6570.9 0.0
6571.2 0.0
6571.5 0.0
6571.8 0.0
6572.1 0.0
6572.4 0.0
6572.7 0.0
6573.0 0.0
6573.3 0.0
6573.6 0.0
6573.9 0.0
6574.2 0.0
6574.5 0.0
6574.8 0.0
6575.1 0.0
6575.4 0.0
6575.7 0.0
6576.0 0.0
6576.3 0.0
6576.6 0.0
6576.9 0.0
6577.2 0.0
6577.5 0.0
6577.8 0.0
6578.1 0.0
6578.4 0.0
6578.7 0.0
6579.0 0.0
6579.3 0.0
6579.6 0.0
6579.9 0.0
6580.2 0.0
6580.5 0.0
6580.8 0.0
6581.1 0.0
6581.4 0.0
6581.7 0.0
6582.0 0.0
6582.3 0.0
6582.6 0.0
6582.9 0.0
6583.2 0.0
6583.5 0.0
6583.8 0.0
6584.1 0.0
6584.4 0.0
6584.7 0.0
6585.0 0.0
6585.3 0.0
6585.6 0.0
6585.9 0.0
6586.2 0.0
6586.5 0.0
6586.8 0.0
6587.1 0.0
6587.4 0.0
6587.7 0.0
6588.0 0.0
6588.3 0.0
6588.6 0.0
6588.9 0.0
6589.2 0.0
6589.5 0.0
6589.8 0.0
6590.1 0.0
6590.4 0.0
6590.7 0.0
6591.0 0.0
6591.3 0.0
6591.6 0.0
6591.9 0.0
6592.2 0.0
6592.5 0.0
6592.8 0.0
6593.1 0.0
6593.4 0.0
6593.7 0.0
6594.0 0.0
6594.3 0.0
6594.6 0.0
6594.9 0.0
6595.2 0.0
6595.5 0.0
6595.8 0.0
6596.1 0.0
6596.4 0.0
6596.7 0.0
6597.0 0.0
6597.3 0.0
6597.6 0.0
6597.9 0.0
6598.2 0.0
6598.5 0.0
6598.8 0.0
6599.1 0.0
6599.4 0.0
6599.7 0.0
6600.0 0.0
6600.3 0.0
6600.6 0.0
6600.9 0.0
6601.2 0.0
6601.5 0.0
6601.8 0.0
6602.1 0.0
6602.4 0.0
6602.7 0.0
6603.0 0.0
6603.3 0.0
6603.6 0.0
6603.9 0.0
6604.2 0.0
6604.5 0.0
6604.8 0.0
6605.1 0.0
6605.4 0.0
6605.7 0.0
6606.0 0.0
6606.3 0.0
6606.6 0.0
6606.9 0.0
6607.2 0.0
6607.5 0.0
6607.8 0.0
6608.1 0.0
6608.4 0.0
6608.7 0.0
6609.0 0.0
6609.3 0.0
6609.6 0.0
6609.9 0.0
6610.2 0.0
6610.5 0.0
6610.8 0.0
6611.1 0.0
6611.4 0.0
6611.7 0.0
6612.0 0.0
6612.3 0.0
6612.6 0.0
6612.9 0.0
6613.2 2.3250546513234437e-17
6613.5 6.975164119406454e-17
6613.8 1.860043721058755e-16
6614.1 6.27764757511691e-16
6614.4 2.0460481063995202e-15
6614.7 6.4404014619209166e-15
6615.0 1.980946466974623e-14
6615.3 5.95911530841195e-14
6615.6 1.7551837262243242e-13
6615.9 5.05327388006932e-13
6616.2 1.4231426367222744e-12
6616.5 3.920785203915122e-12
6616.8 1.0561653908622907e-11
6617.1 2.7829256716621855e-11
6617.4 7.170888382898672e-11
6617.7 1.8073245184845586e-10
6618.0 4.455333587470996e-10
6618.3 1.0742694233601e-9
6618.6 2.533683650114916e-9
6618.9 5.845472349533653e-9
6619.2 1.319300369688912e-8
6619.5 2.9131482725566225e-8
6619.8 6.293994386638745e-8
6620.1 1.330763438426236e-7
6620.4 2.7540541980564375e-7
6620.7 5.580251949256631e-7
6621.0 1.1073654652752046e-6
6621.3 2.153139213279025e-6
6621.6 4.104282929513043e-6
6621.9 7.675200745266937e-6
6622.2 1.4093114125980112e-5
6622.5 2.5436123618531883e-5
6622.8 4.518295109098766e-5
6623.1 7.91082161656659e-5
6623.4 0.000136746068120659
6623.7 0.00023379215389317785
6624.0 0.00039605042480873084
6624.3 0.0006658964156285161
6624.6 0.001112763765152547
6624.9 0.0018498974227412405
6625.2 0.003060548695805616
6625.5 0.005037834694164876
6625.8 0.008243444972530324
6626.1 0.013390856297651795
6626.4 0.021558117456818095
6626.7 0.034332720698688486
6627.0 0.05398566178782805
6627.3 0.08366254031507026
6627.6 0.12756619296328453
6627.9 0.19108834377874429
6628.2 0.2808297998717769
6628.5 0.4044341692321063
6628.8 0.5701561445380201
6629.1 0.7860997856348418
6629.4 1.059103872752583
6629.7 1.3933201486433942
6630.0 1.7886255797073038
6630.3 2.239109670082104
6630.6 2.7319610368178195
6630.9 3.2471047812472915
6631.2 3.7578887124692892
6631.5 4.232968912548951
6631.8 4.639312002474823
6632.1 4.945971523356277
6632.4 5.128058842772892
6632.7 5.170205157606226
6633.0 5.068844844486824
6633.3 4.832843801178772
6633.6 4.48232964396292
6633.9 4.045945214452132
6634.2 3.557066899364921
6634.5 3.049706899617523
6634.8 2.554824273976686
6635.1 2.0976060043960305
6635.4 1.6960167846474978
6635.7 1.3606233839157915
6636.0 1.0954631822141288
6636.3 0.8995884400221188
6636.6 0.7688962065977032
6636.9 0.6979292977907562
6637.2 0.681468893526014
6637.5 0.7158932390832035
6637.8 0.8004133852534884
6638.1 0.9383885507037496
6638.4 1.1389523500183576
6638.7 1.419127443879111
6639.0 1.8064546409492872
6639.3 2.3419022936564238
6639.6 3.08246711155896
6639.9 4.102476338691179
6640.2 5.492266035185916
6640.5 7.352793134373716
6640.8 9.785022633504022
6641.1 12.873743002712041
6641.4 16.666810537570733
6641.7 21.15250992928145
6642.0 26.239344356455426
6642.3 31.74353783688318
6642.6 37.38935791924353
6642.9 42.825656878320856
6643.2 47.658945865527464
6643.5 51.49945932244826
6643.8 54.01301002679156
6644.1 54.969180880418996
6644.4 54.2763092250259
6644.7 51.996089860628246
6645.0 48.33489236707479
6645.3 43.613968172532665
6645.6 38.22511777737783
6645.9 32.581013833686484
6646.2 27.069559443110847
6646.5 22.01957296864657
6646.8 17.681518606701502
6647.1 14.223076897100327
6647.4 11.736101616546875
6647.7 10.249714213392053
6648.0 9.744128536987205
6648.3 10.161095759110594
6648.6 11.409058625148788
6648.9 13.363524936404175
6649.2 15.865177631151443
6649.5 18.719329788608356
6649.8 21.700237309574263
6650.1 24.562556313579982
6650.4 27.060163010691863
6650.7 28.970232306795545
6651.0 30.118545066931468
6651.3 30.401065052405936
6651.6 29.797278605422477
6651.9 28.372460154179734
6652.2 26.268676130413887
6652.5 23.687025526052874
6652.8 20.865815208911833
6653.1 18.060349001987163
6653.4 15.529595794870481
6653.7 13.533270373144063
6654.0 12.340167753164224
6654.3 12.245455267748039
6654.6 13.591486949514678
6654.9 16.78414902630385
6655.2 22.295221962812125
6655.5 30.641417716690988
6655.8 42.33320273605554
6656.1 57.79167969724464
6656.4 77.23949877485761
6656.7 100.58095444794834
6657.0 127.29493569273694
6657.3 156.36939711164158
6657.6 186.3046701503172
6657.9 215.20363098052383
6658.2 240.950046021066
6658.5 261.4556211820093
6658.8 274.93690287882913
6659.1 280.1709108822132
6659.4 276.6782772813
6659.7 264.79530813419376
6660.0 245.61979670243795
6660.3 220.84249806939093
6660.6 192.50015954096827
6660.9 162.70025940500673
6661.2 133.36856401308685
6661.5 106.06005234415859
6661.8 81.85500432204023
6662.1 61.34158514465075
6662.4 44.66942366723925
6662.7 31.648708455010272
6663.0 21.867277879666897
6663.3 14.802401129416642
6663.6 9.911755290641482
6663.9 6.696618806244923
6664.2 4.7373556773928875
6664.5 3.7057929059058945
6664.8 3.361037690949603
6665.1 3.5352543725455194
6665.4 4.114769819939262
6665.7 5.020387135237524
6666.0 6.189468070346277
6666.3 7.561399846366092
6666.6 9.067475591490318
6666.9 10.625808296116965
6667.2 12.141489219425546
6667.5 13.51166374972982
6667.8 14.634530317146693
6668.1 15.420584334460845
6668.4 15.803934142663005
6668.7 15.751382312805635
6669.0 15.26733209232383
6669.3 14.39339892606558
6669.6 13.202708854214944
6669.9 11.789981196277335
6670.2 10.259313117719687
6670.5 8.711928850553155
6670.8 7.235949729399895
6671.1 5.899599929678844
6671.4 4.748389825876521
6671.7 3.8059738175412194
6672.0 3.077769189266144
6672.3 2.556137124393082
6672.6 2.225995441606173
6672.9 2.070041360623179
6673.2 2.0732130541722427
6673.5 2.2264718407304827
6673.8 2.5303617876343196
6674.1 2.9990235356453923
6674.4 3.6653587044611413
6674.7 4.587805694005965
6675.0 5.858651722762261
6675.3 7.6129449920755405
6675.6 10.03594112699534
6675.9 13.365811144942995
6676.2 17.887406503315617
6676.5 23.91274411102316
6676.8 31.745045590156636
6677.1 41.62599978738902
6677.4 53.67032267920276
6677.7 67.79690992681891
6678.0 83.67056339538065
6678.3 100.67067099471294
6678.6 117.90169751513294
6678.9 134.25425881139438
6679.2 148.51539537432964
6679.5 159.5147574768447
6679.8 166.2828389748783
6680.1 168.19166995236728
6680.4 165.04959258542243
6680.7 157.13032827223745
6681.0 145.13040279384614
6681.3 130.06430682074287
6681.6 113.11958702769337
6681.9 95.50072553112477
6682.2 78.29009747091368
6682.5 62.34727974010775
6682.8 48.25712640196957
6683.1 36.32572574298831
6683.4 26.614466145725856
6683.7 18.997563744677734
6684.0 13.22787201677496
6684.3 8.998525166601842
6684.6 5.9924375996736865
6684.9 3.91636014659599
6685.2 2.5199559007941925
6685.5 1.6026970877706288
6685.8 1.0123237847957949
6686.1 0.6384785201431374
6686.4 0.40439745509003483
6686.7 0.2586010457266701
6687.0 0.16766046461515174
6687.3 0.11046016124847491
6687.6 0.07395744707433091
6687.9 0.05022372102226916
6688.2 0.03447802934134496
6688.5 0.02383370119227856
6688.8 0.016527504065990586
6689.1 0.011459331411433217
6689.4 0.007923240696905929
6689.7 0.005452223443778902
6690.0 0.003728597506450672
6690.3 0.002531498696644525
6690.6 0.0017051610715694292
6690.9 0.0011389355091843093
6691.2 0.0007541094569208512
6691.5 0.0004948456887175286
6691.8 0.0003217601287806172
6692.1 0.00020728460494307094
6692.4 0.0001322913903833
6692.7 8.363559724324865e-5
6693.0 5.23740877327261e-5
6693.3 3.2484935209408954e-5
6693.6 1.9955608611608262e-5
6693.9 1.2140729072536193e-5
6694.2 7.314799467171933e-6
6694.5 4.364357983171383e-6
6694.8 2.578589093238275e-6
6695.1 1.5085942614634324e-6
6695.4 8.739303123333714e-7
6695.7 5.012815165203707e-7
6696.0 2.8469142400363443e-7
6696.3 1.6008211921273656e-7
6696.6 8.912013813908897e-8
6696.9 4.912052624484769e-8
6697.2 2.6803669313565638e-8
6697.5 1.4479739237308047e-8
6697.8 7.743796791099121e-9
6698.1 4.099832549151699e-9
6698.4 2.148765145872781e-9
6698.7 1.1148556021769746e-9
6699.0 5.725941713504747e-10
6699.3 2.9111169063791354e-10
6699.6 1.465175503540222e-10
6699.9 7.299186366292759e-11
6700.2 3.599067599169464e-11
6700.5 1.757058596362446e-11
6700.8 8.493378714569187e-12
6701.1 4.058699983477981e-12
6701.4 1.922772697743341e-12
6701.7 8.996147468458282e-13
6702.0 4.2087240268405546e-13
6702.3 1.8939256901055052e-13
6702.6 8.943538319866953e-14
6702.9 3.68263328631626e-14
6703.2 1.84131664315813e-14
6703.5 7.891357042106271e-15
6703.8 2.630452347368757e-15
6704.1 2.630452347368757e-15
6704.4 0.0
6704.7 0.0
6705.0 0.0
6705.3 0.0
6705.6 0.0
6705.9 0.0
6706.2 0.0
6706.5 0.0
6706.8 0.0
6707.1 0.0
6707.4 0.0
6707.7 0.0
6708.0 0.0
6708.3 0.0
6708.6 0.0
6708.9 0.0
6709.2 0.0
6709.5 0.0
6709.8 0.0
6710.1 0.0
6710.4 0.0
6710.7 0.0
6711.0 0.0
6711.3 0.0
6711.6 0.0
6711.9 0.0
6712.2 0.0
6712.5 0.0
6712.8 0.0
6713.1 0.0
6713.4 0.0
6713.7 0.0
6714.0 0.0
6714.3 0.0
6714.6 0.0
6714.9 0.0
6715.2 0.0
6715.5 0.0
6715.8 0.0
6716.1 0.0
6716.4 0.0
6716.7 0.0
6717.0 0.0
6717.3 0.0
6717.6 0.0
6717.9 0.0
6718.2 0.0
6718.5 0.0
6718.8 0.0
6719.1 0.0
6719.4 0.0
6719.7 0.0
6720.0 0.0
6720.3 0.0
6720.6 0.0
6720.9 0.0
6721.2 0.0
6721.5 0.0
6721.8 0.0
6722.1 0.0
6722.4 0.0
6722.7 0.0
6723.0 0.0
6723.3 0.0
6723.6 0.0
6723.9 0.0
6724.2 0.0
6724.5 0.0
6724.8 0.0
6725.1 0.0
6725.4 0.0
6725.7 0.0
6726.0 0.0
6726.3 0.0
6726.6 0.0
6726.9 0.0
6727.2 0.0
6727.5 0.0
6727.8 0.0
6728.1 0.0
6728.4 0.0
6728.7 0.0
6729.0 0.0
6729.3 0.0
6729.6 0.0
6729.9 0.0
6730.2 0.0
6730.5 0.0
6730.8 0.0
6731.1 0.0
6731.4 0.0
6731.7 0.0
6732.0 0.0
6732.3 0.0
6732.6 0.0
6732.9 0.0
6733.2 0.0
6733.5 0.0
6733.8 0.0
6734.1 0.0
6734.4 0.0
6734.7 0.0
6735.0 0.0
6735.3 0.0
6735.6 0.0
6735.9 0.0
6736.2 0.0
6736.5 0.0
6736.8 0.0
6737.1 0.0
6737.4 0.0
6737.7 0.0
6738.0 0.0
6738.3 0.0
6738.6 0.0
6738.9 0.0
6739.2 0.0
6739.5 0.0
6739.8 0.0
6740.1 0.0
6740.4 0.0
6740.7 0.0
6741.0 0.0
6741.3 0.0
6741.6 0.0
6741.9 0.0
6742.2 0.0
6742.5 0.0
6742.8 0.0
6743.1 0.0
6743.4 0.0
6743.7 0.0
6744.0 0.0
6744.3 0.0
6744.6 0.0
6744.9 0.0
6745.2 0.0
6745.5 0.0
6745.8 0.0
6746.1 0.0
6746.4 0.0
6746.7 0.0
6747.0 0.0
6747.3 0.0
6747.6 0.0
6747.9 0.0
6748.2 0.0
6748.5 0.0
6748.8 0.0
6749.1 0.0
6749.4 0.0
6749.7 0.0
6750.0 0.0
6750.3 0.0
6750.6 0.0
6750.9 0.0
6751.2 0.0
6751.5 0.0
6751.8 0.0
6752.1 0.0
6752.4 0.0
6752.7 0.0
6753.0 0.0
6753.3 0.0
6753.6 0.0
6753.9 0.0
6754.2 0.0
6754.5 0.0
6754.8 0.0
6755.1 0.0
6755.4 0.0
6755.7 0.0
6756.0 0.0
6756.3 0.0
6756.6 0.0
6756.9 0.0
6757.2 0.0
6757.5 0.0
6757.8 0.0
6758.1 0.0
6758.4 0.0
6758.7 0.0
6759.0 0.0
6759.3 0.0
6759.6 0.0
6759.9 0.0
6760.2 0.0
6760.5 0.0
6760.8 0.0
6761.1 0.0
6761.4 0.0
6761.7 0.0
6762.0 0.0
6762.3 0.0
6762.6 0.0
6762.9 0.0
6763.2 0.0
6763.5 0.0
6763.8 0.0
6764.1 0.0
6764.4 0.0
6764.7 0.0
6765.0 0.0
6765.3 0.0
6765.6 0.0
6765.9 0.0
6766.2 0.0
6766.5 0.0
6766.8 0.0
6767.1 0.0
6767.4 0.0
6767.7 0.0
6768.0 0.0
6768.3 0.0
6768.6 0.0
6768.9 0.0
6769.2 0.0
6769.5 0.0
6769.8 0.0
6770.1 0.0
6770.4 0.0
6770.7 0.0
6771.0 0.0
6771.3 0.0
6771.6 0.0
6771.9 0.0
6772.2 0.0
6772.5 0.0
6772.8 0.0
6773.1 0.0
6773.4 0.0
6773.7 0.0
6774.0 0.0
6774.3 0.0
6774.6 0.0
6774.9 0.0
6775.2 0.0
6775.5 0.0
6775.8 0.0
6776.1 0.0
6776.4 0.0
6776.7 0.0
6777.0 0.0
6777.3 0.0
6777.6 0.0
6777.9 0.0
6778.2 0.0
6778.5 0.0
6778.8 0.0
6779.1 0.0
6779.4 0.0
6779.7 0.0
6780.0 0.0
6780.3 0.0
6780.6 0.0
6780.9 0.0
6781.2 0.0
6781.5 0.0
6781.8 0.0
6782.1 0.0
6782.4 0.0
6782.7 0.0
6783.0 0.0
6783.3 0.0
6783.6 1.5710559582600685e-15
6783.9 4.713167874780206e-15
6784.2 1.5710560429633633e-14
6784.5 5.0273790664322193e-14
6784.8 1.6024771028362583e-13
6785.1 4.933116090101441e-13
6785.4 1.5035005575605997e-12
6785.7 4.466512229517328e-12
6786.0 1.2989491426917965e-11
6786.3 3.6957520377356445e-11
6786.6 1.028947413383996e-10
6786.9 2.802638121579548e-10
6787.2 7.469161586097646e-10
6787.5 1.9475953848051607e-9
6787.8 4.968758128678193e-9
6788.1 1.2402777320345631e-8
6788.4 3.02909193863234e-8
6788.7 7.238166791582518e-8
6789.0 1.6922618825771044e-7
6789.3 3.8710588236765255e-7
6789.6 8.663946557402344e-7
6789.9 1.89725719575589e-6
6790.2 4.065014423385756e-6
6790.5 8.521673136165974e-6
6790.8 1.7478993258754133e-5
6791.1 3.507837196874863e-5
6791.4 6.888069225362025e-5
6791.7 0.00013234142877287648
6792.0 0.00024879477258131445
6792.3 0.0004576604816322032
6792.6 0.0008237879521466698
6792.9 0.001451026262412635
6793.2 0.002501194024212736
6793.5 0.004219540379893004
6793.8 0.0069674467945451644
6794.1 0.011262479324208527
6794.4 0.017824942763502175
6794.7 0.027629027747703
6795.0 0.04195574218300047
6795.3 0.06244476365407075
6795.6 0.09114360259320342
6795.9 0.13055601966882077
6796.2 0.18369722516486708
6796.5 0.2541704603941207
6796.8 0.34628628938185274
6797.1 0.4652468313074463
6797.4 0.6174093094727456
6797.7 0.8106183417778539
6798.0 1.0545529915127663
6798.3 1.36097566863576
6798.6 1.74370383386586
6798.9 2.2180785562813146
6799.2 2.7996993477971985
6799.5 3.5022693566709653
6799.8 4.334555703134291
6800.1 5.296722680935365
6800.4 6.376581837382637
6800.7 7.546554053975484
6801.0 8.762261596427967
6801.3 9.96356792589611
6801.6 11.078530915767425
6801.9 12.030171230496283
6802.2 12.74529517564329
6802.5 13.164013346581545
6802.8 13.24827813153585
6803.1 12.987797212460638
6803.4 12.402137977839212
6803.7 11.53858987256349
6804.0 10.466217591015049
6804.3 9.267311761680862
6804.6 8.027917591822511
6804.9 6.829205073093829
6805.2 5.741170123137422
6805.5 4.819591250928332
6805.8 4.1065098249317655
6806.1 3.63386583886697
6806.4 3.429426002301202
6806.7 3.523817688742291
6807.0 3.957305449167433
6807.3 4.78489167020626
6807.6 6.078357993334166
6807.9 7.924021054459047
6808.2 10.415341788863088
6808.5 13.640193024571545
6808.8 17.663631465271465
6809.1 22.508345676271347
6809.4 28.13635468740904
6809.7 34.43654076340317
6810.0 41.222719948287704
6810.3 48.245766890759114
6810.6 55.220636735029984
6810.9 61.86542086256668
6811.2 67.945619804319
6811.5 73.31390226539224
6811.8 77.9349230263615
6812.1 81.88693395047449
6812.4 85.33698851737427
6812.7 88.49315848381957
6813.0 91.54378612422443
6813.3 94.59818286605152
6813.6 97.64387609398185
6813.9 100.53198139219978
6814.2 102.99538636773333
6814.5 104.69600602364348
6814.8 105.28992889307578
6815.1 104.4949824116798
6815.4 102.1452550752482
6815.7 98.22125767813574
6816.0 92.85129001978113
6816.3 86.28690373970817
6816.6 78.8610689345188
6816.9 70.9402579039777
6817.2 62.880931566911705
6817.5 54.99759408901529
6817.8 47.54512540685095
6818.1 40.714043230066984
6818.4 34.63474669116878
6818.7 29.386040512921472
6819.0 25.004077111765252
6819.3 21.489524797174216
6819.6 18.812587532593643
6819.9 16.916815662407455
6820.2 15.72318886022553
6820.5 15.135768142528843
6820.8 15.049505652335942
6821.1 15.359909782797331
6821.4 15.97345875800238
6821.7 16.81718434963841
6822.0 17.845752681518206
6822.3 19.044678741018288
6822.6 20.428874948560406
6822.9 22.036460005362642
6823.2 23.91845968960024
6823.5 26.12571188421998
6823.8 28.694825695621944
6824.1 31.635476062637423
6824.4 34.92145720554307
6824.7 38.487718284210416
6825.0 42.2347919454686
6825.3 46.04060169569749
6825.6 49.777761101816225
6825.9 53.332589145540176
6826.2 56.62083460389608
6826.5 59.59518439817279
6826.8 62.2413804595171
6827.1 64.56288073392798
6827.4 66.55776236812844
6827.7 68.19463348964712
6828.0 69.39559065773429
6828.3 70.0330129428439
6828.6 69.94338143469446
6828.9 68.95636542864851
6829.2 66.93271609373733
6829.5 63.80152878538739
6829.8 59.58722038404774
6830.1 54.419168165907976
6830.4 48.52145618512339
6830.7 42.18524093597807
6831.0 35.730266445073994
6831.3 29.464051433910328
6831.6 23.646856137016037
6831.9 18.468207624628526
6832.2 14.03738701376579
6832.5 10.386979283047806
6832.8 7.48614871066408
6833.1 5.259188098395408
6833.4 3.6050074835821437
6833.7 2.414256381190211
6834.0 1.5821850289192116
6834.3 1.0167112991310487
6834.6 0.6421734934390242
6834.9 0.3998088764728182
6835.2 0.24614900536664397
6835.5 0.1503889037593632
6835.8 0.09151189806691179
6836.1 0.05565224337255177
6836.4 0.033924674455699376
6836.7 0.020773508480092663
6837.0 0.012792440316137741
6837.3 0.00792259232083295
6837.6 0.00493014952535354
6837.9 0.003077792519730366
6838.2 0.0019237302969691292
6838.5 0.0012013403586123685
6838.8 0.0007480628134751903
6839.1 0.00046364782840595427
6839.4 0.0002856026470389748
6839.7 0.0001746325382302836
6840.0 0.00010588910391842313
6840.3 6.362209875489774e-5
6840.6 3.785640324499584e-5
6840.9 2.2297188654335426e-5
6841.2 1.299548410998828e-5
6841.5 7.492986691400258e-6
6841.8 4.2732036243318095e-6
6842.1 2.410045223805244e-6
6842.4 1.3440700400136441e-6
6842.7 7.4115252321048e-7
6843.0 4.0406824030599464e-7
6843.3 2.1779209353116779e-7
6843.6 1.1605220753107708e-7
6843.9 6.113304187294294e-8
6844.2 3.183463545650689e-8
6844.5 1.638766821611147e-8
6844.8 8.339141273733243e-9
6845.1 4.1947661559544e-9
6845.4 2.085799475022557e-9
6845.7 1.0252167110380624e-9
6846.0 4.981105349309102e-10
6846.3 2.3921820581818305e-10
6846.6 1.1357273938258314e-10
6846.9 5.3290398135952266e-11
6847.2 2.4715717645250324e-11
6847.5 1.1335682406307147e-11
6847.8 5.134950976795963e-12
6848.1 2.3021998329518685e-12
6848.4 1.0166327245916384e-12
6848.7 4.471554814011009e-13
6849.0 1.9328961132328878e-13
6849.3 8.296229600586349e-14
6849.6 3.394686468776234e-14
6849.9 1.697343234388117e-14
6850.2 4.2433580859702925e-15
6850.5 4.2433580859702925e-15
6850.8 0.0
6851.1 0.0
6851.4 0.0
6851.7 0.0
6852.0 0.0
6852.3 0.0
6852.6 0.0
6852.9 0.0
6853.2 0.0
6853.5 0.0
6853.8 0.0
6854.1 0.0
6854.4 0.0
6854.7 0.0
6855.0 0.0
6855.3 0.0
6855.6 0.0
6855.9 0.0
6856.2 0.0
6856.5 0.0
6856.8 0.0
6857.1 0.0
6857.4 0.0
6857.7 0.0
6858.0 0.0
6858.3 0.0
6858.6 0.0
6858.9 0.0
6859.2 0.0
6859.5 0.0
6859.8 0.0
6860.1 0.0
6860.4 0.0
6860.7 0.0
6861.0 0.0
6861.3 0.0
6861.6 0.0
6861.9 0.0
6862.2 0.0
6862.5 0.0
6862.8 0.0
6863.1 0.0
6863.4 0.0
6863.7 0.0
6864.0 0.0
6864.3 0.0
6864.6 0.0
6864.9 0.0
6865.2 0.0
6865.5 0.0
6865.8 0.0
6866.1 0.0
6866.4 0.0
6866.7 0.0
6867.0 0.0
6867.3 0.0
6867.6 0.0
6867.9 0.0
6868.2 0.0
6868.5 0.0
6868.8 0.0
6869.1 0.0
6869.4 0.0
6869.7 0.0
