4662.0 0.0
4662.3 0.0
4662.6 0.0
4662.9 0.0
4663.2 0.0
4663.5 0.0
4663.8 0.0
4664.1 0.0
4664.4 0.0
4664.7 0.0
4665.0 0.0
4665.3 0.0
4665.6 0.0
4665.9 0.0
4666.2 0.0
4666.5 0.0
4666.8 0.0
4667.1 0.0
4667.4 0.0
4667.7 0.0
4668.0 0.0
4668.3 0.0
4668.6 0.0
4668.9 0.0
4669.2 0.0
4669.5 0.0
4669.8 0.0
4670.1 0.0
4670.4 0.0
4670.7 0.0
4671.0 0.0
4671.3 0.0
4671.6 0.0
4671.9 0.0
4672.2 0.0
4672.5 0.0
4672.8 0.0
4673.1 0.0
4673.4 0.0
4673.7 0.0
4674.0 0.0
4674.3 0.0
4674.6 0.0
4674.9 0.0
4675.2 0.0
4675.5 0.0
4675.8 0.0
4676.1 0.0
4676.4 0.0
4676.7 0.0
4677.0 0.0
4677.3 0.0
4677.6 0.0
4677.9 0.0
4678.2 0.0
4678.5 0.0
4678.8 0.0
4679.1 0.0
4679.4 0.0
4679.7 0.0
4680.0 0.0
4680.3 0.0
4680.6 0.0
4680.9 0.0
4681.2 0.0
4681.5 0.0
4681.8 0.0
4682.1 0.0
4682.4 0.0
4682.7 0.0
4683.0 0.0
4683.3 0.0
4683.6 0.0
4683.9 0.0
4684.2 0.0
4684.5 0.0
4684.8 0.0
4685.1 0.0
4685.4 0.0
4685.7 0.0
4686.0 0.0
4686.3 0.0
4686.6 0.0
4686.9 0.0
4687.2 0.0
4687.5 0.0
4687.8 0.0
4688.1 0.0
4688.4 0.0
4688.7 0.0
4689.0 0.0
4689.3 0.0
4689.6 0.0
4689.9 0.0
4690.2 0.0
4690.5 0.0
4690.8 0.0
4691.1 0.0
4691.4 0.0
4691.7 0.0
4692.0 0.0
4692.3 0.0
4692.6 0.0
4692.9 0.0
4693.2 0.0
4693.5 0.0
4693.8 0.0
4694.1 0.0
4694.4 0.0
4694.7 0.0
4695.0 0.0
4695.3 0.0
4695.6 0.0
4695.9 0.0
4696.2 0.0
4696.5 0.0
4696.8 0.0
4697.1 0.0
4697.4 0.0
4697.7 0.0
4698.0 0.0
4698.3 0.0
4698.6 0.0
4698.9 0.0
4699.2 0.0
4699.5 0.0
4699.8 0.0
4700.1 0.0
4700.4 0.0
4700.7 0.0
4701.0 0.0
4701.3 0.0
4701.6 0.0
4701.9 0.0
4702.2 0.0
4702.5 0.0
4702.8 0.0
4703.1 0.0
4703.4 0.0
4703.7 0.0
4704.0 0.0
4704.3 0.0
4704.6 0.0
4704.9 0.0
4705.2 0.0
4705.5 0.0
4705.8 0.0
4706.1 0.0
4706.4 0.0
4706.7 0.0
4707.0 0.0
4707.3 0.0
4707.6 0.0
4707.9 0.0
4708.2 0.0
4708.5 0.0
4708.8 0.0
4709.1 0.0
4709.4 0.0
4709.7 0.0
4710.0 0.0
4710.3 0.0
4710.6 0.0
4710.9 0.0
4711.2 0.0
4711.5 0.0
4711.8 0.0
4712.1 0.0
4712.4 0.0
4712.7 0.0
4713.0 0.0
4713.3 0.0
4713.6 0.0
4713.9 0.0
4714.2 0.0
4714.5 0.0
4714.8 0.0
4715.1 0.0
4715.4 0.0
4715.7 0.0
4716.0 0.0
4716.3 0.0
4716.6 0.0
4716.9 0.0
4717.2 0.0
4717.5 0.0
4717.8 0.0
4718.1 0.0
4718.4 0.0
4718.7 0.0
4719.0 0.0
4719.3 0.0
4719.6 0.0
4719.9 0.0
4720.2 0.0
4720.5 0.0
4720.8 0.0
4721.1 0.0
4721.4 0.0
4721.7 0.0
4722.0 0.0
4722.3 0.0
4722.6 0.0
4722.9 0.0
4723.2 0.0
4723.5 0.0
4723.8 0.0
4724.1 0.0
4724.4 0.0
4724.7 0.0
4725.0 0.0
4725.3 0.0
4725.6 0.0
4725.9 0.0
4726.2 0.0
4726.5 0.0
4726.8 0.0
4727.1 0.0
4727.4 0.0
4727.7 0.0
4728.0 0.0
4728.3 0.0
4728.6 0.0
4728.9 0.0
4729.2 0.0
4729.5 0.0
4729.8 0.0
4730.1 0.0
4730.4 0.0
4730.7 0.0
4731.0 0.0
4731.3 0.0
4731.6 0.0
4731.9 0.0
4732.2 0.0
4732.5 0.0
4732.8 0.0
4733.1 0.0
4733.4 0.0
4733.7 0.0
4734.0 0.0
4734.3 0.0
4734.6 0.0
4734.9 0.0
4735.2 0.0
4735.5 0.0
4735.8 0.0
4736.1 0.0
4736.4 0.0
4736.7 0.0
4737.0 0.0
4737.3 0.0
4737.6 0.0
4737.9 0.0
4738.2 0.0
4738.5 0.0
4738.8 0.0
4739.1 0.0
4739.4 0.0
4739.7 0.0
4740.0 0.0
4740.3 0.0
4740.6 0.0
4740.9 0.0
4741.2 0.0
4741.5 0.0
4741.8 0.0
4742.1 0.0
4742.4 0.0
4742.7 0.0
4743.0 0.0
4743.3 0.0
4743.6 0.0
4743.9 0.0
4744.2 0.0
4744.5 0.0
4744.8 0.0
4745.1 0.0
4745.4 0.0
4745.7 0.0
4746.0 0.0
4746.3 0.0
4746.6 0.0
4746.9 0.0
4747.2 0.0
4747.5 0.0
4747.8 0.0
4748.1 0.0
4748.4 0.0
4748.7 0.0
4749.0 0.0
4749.3 0.0
4749.6 0.0
4749.9 0.0
4750.2 0.0
4750.5 0.0
4750.8 0.0
4751.1 0.0
4751.4 0.0
4751.7 0.0
4752.0 0.0
4752.3 0.0
4752.6 0.0
4752.9 0.0
4753.2 0.0
4753.5 0.0
4753.8 0.0
4754.1 0.0
4754.4 0.0
4754.7 0.0
4755.0 0.0
4755.3 0.0
4755.6 0.0
4755.9 0.0
4756.2 0.0
4756.5 0.0
4756.8 0.0
4757.1 0.0
4757.4 0.0
4757.7 0.0
4758.0 0.0
4758.3 0.0
4758.6 0.0
4758.9 0.0
4759.2 0.0
4759.5 0.0
4759.8 0.0
4760.1 0.0
4760.4 0.0
4760.7 0.0
4761.0 0.0
4761.3 0.0
4761.6 0.0
4761.9 0.0
4762.2 0.0
4762.5 0.0
4762.8 0.0
4763.1 0.0
4763.4 0.0
4763.7 0.0
4764.0 0.0
4764.3 0.0
4764.6 0.0
4764.9 0.0
4765.2 0.0
4765.5 0.0
4765.8 0.0
4766.1 0.0
4766.4 0.0
4766.7 0.0
4767.0 0.0
4767.3 0.0
4767.6 0.0
4767.9 0.0
4768.2 0.0
4768.5 0.0
4768.8 0.0
4769.1 0.0
4769.4 0.0
4769.7 0.0
4770.0 0.0
4770.3 0.0
4770.6 0.0
4770.9 0.0
4771.2 0.0
4771.5 0.0
4771.8 0.0
4772.1 0.0
4772.4 0.0
4772.7 0.0
4773.0 0.0
4773.3 0.0
4773.6 0.0
4773.9 0.0
4774.2 0.0
4774.5 0.0
4774.8 0.0
4775.1 0.0
4775.4 0.0
4775.7 0.0
4776.0 0.0
4776.3 0.0
4776.6 0.0
4776.9 0.0
4777.2 0.0
4777.5 0.0
4777.8 0.0
4778.1 0.0
4778.4 0.0
4778.7 0.0
4779.0 0.0
4779.3 0.0
4779.6 0.0
4779.9 0.0
4780.2 0.0
4780.5 0.0
4780.8 0.0
4781.1 0.0
4781.4 0.0
4781.7 0.0
4782.0 0.0
4782.3 0.0
4782.6 0.0
4782.9 0.0
4783.2 0.0
4783.5 0.0
4783.8 0.0
4784.1 0.0
4784.4 0.0
4784.7 0.0
4785.0 0.0
4785.3 0.0
4785.6 0.0
4785.9 0.0
4786.2 0.0
4786.5 0.0
4786.8 0.0
4787.1 0.0
4787.4 0.0
4787.7 0.0
4788.0 0.0
4788.3 0.0
4788.6 0.0
4788.9 0.0
4789.2 0.0
4789.5 0.0
4789.8 0.0
4790.1 0.0
4790.4 0.0
4790.7 0.0
4791.0 0.0
4791.3 0.0
4791.6 0.0
4791.9 0.0
4792.2 0.0
4792.5 0.0
4792.8 0.0
4793.1 0.0
4793.4 0.0
4793.7 0.0
4794.0 0.0
4794.3 0.0
4794.6 0.0
4794.9 0.0
4795.2 0.0
4795.5 0.0
4795.8 0.0
4796.1 0.0
4796.4 0.0
4796.7 0.0
4797.0 0.0
4797.3 0.0
4797.6 0.0
4797.9 0.0
4798.2 0.0
4798.5 0.0
4798.8 0.0
4799.1 0.0
4799.4 0.0
4799.7 0.0
4800.0 0.0
4800.3 0.0
4800.6 0.0
4800.9 0.0
4801.2 0.0
4801.5 0.0
4801.8 0.0
4802.1 0.0
4802.4 0.0
4802.7 0.0
4803.0 0.0
4803.3 0.0
4803.6 0.0
4803.9 0.0
4804.2 0.0
4804.5 0.0
4804.8 0.0
4805.1 0.0
4805.4 0.0
4805.7 0.0
4806.0 0.0
4806.3 0.0
4806.6 0.0
4806.9 0.0
4807.2 0.0
4807.5 0.0
4807.8 0.0
4808.1 0.0
4808.4 0.0
4808.7 0.0
4809.0 0.0
4809.3 0.0
4809.6 0.0
4809.9 0.0
4810.2 0.0
4810.5 0.0
4810.8 0.0
4811.1 0.0
4811.4 0.0
4811.7 0.0
4812.0 0.0
4812.3 0.0
4812.6 0.0
4812.9 0.0
4813.2 0.0
4813.5 0.0
4813.8 0.0
4814.1 0.0
4814.4 0.0
4814.7 0.0
4815.0 0.0
4815.3 0.0
4815.6 0.0
4815.9 0.0
4816.2 0.0
4816.5 0.0
4816.8 0.0
4817.1 0.0
4817.4 0.0
4817.7 0.0
4818.0 0.0
4818.3 0.0
4818.6 0.0
4818.9 0.0
4819.2 0.0
4819.5 0.0
4819.8 0.0
4820.1 0.0
4820.4 0.0
4820.7 0.0
4821.0 0.0
4821.3 0.0
4821.6 0.0
4821.9 0.0
4822.2 0.0
4822.5 0.0
4822.8 0.0
4823.1 0.0
4823.4 0.0
4823.7 0.0
4824.0 0.0
4824.3 0.0
4824.6 0.0
4824.9 0.0
4825.2 0.0
4825.5 0.0
4825.8 0.0
4826.1 0.0
4826.4 0.0
4826.7 0.0
4827.0 0.0
4827.3 0.0
4827.6 0.0
4827.9 0.0
4828.2 0.0
4828.5 0.0
4828.8 0.0
4829.1 0.0
4829.4 0.0
4829.7 0.0
4830.0 0.0
4830.3 0.0
4830.6 0.0
4830.9 0.0
4831.2 0.0
4831.5 0.0
4831.8 0.0
4832.1 0.0
4832.4 0.0
4832.7 0.0
4833.0 0.0
4833.3 0.0
4833.6 0.0
4833.9 0.0
4834.2 0.0
4834.5 0.0
4834.8 0.0
4835.1 0.0
4835.4 0.0
4835.7 0.0
4836.0 0.0
4836.3 0.0
4836.6 0.0
4836.9 0.0
4837.2 0.0
4837.5 0.0
4837.8 0.0
4838.1 0.0
4838.4 0.0
4838.7 0.0
4839.0 0.0
4839.3 0.0
4839.6 0.0
4839.9 0.0
4840.2 0.0
4840.5 0.0
4840.8 0.0
4841.1 0.0
4841.4 0.0
4841.7 0.0
4842.0 0.0
4842.3 0.0
4842.6 0.0
4842.9 0.0
4843.2 0.0
4843.5 0.0
4843.8 0.0
4844.1 0.0
4844.4 0.0
4844.7 0.0
4845.0 0.0
4845.3 0.0
4845.6 0.0
4845.9 0.0
4846.2 0.0
4846.5 0.0
4846.8 0.0
4847.1 0.0
4847.4 0.0
4847.7 0.0
4848.0 0.0
4848.3 0.0
4848.6 0.0
4848.9 0.0
4849.2 0.0
4849.5 0.0
4849.8 0.0
4850.1 0.0
4850.4 0.0
4850.7 0.0
4851.0 0.0
4851.3 0.0
4851.6 0.0
4851.9 0.0
4852.2 0.0
4852.5 0.0
4852.8 0.0
4853.1 0.0
4853.4 0.0
4853.7 0.0
4854.0 0.0
4854.3 0.0
4854.6 0.0
4854.9 0.0
4855.2 0.0
4855.5 0.0
4855.8 0.0
4856.1 0.0
4856.4 0.0
4856.7 0.0
4857.0 0.0
4857.3 0.0
4857.6 0.0
4857.9 0.0
4858.2 0.0
4858.5 0.0
4858.8 0.0
4859.1 0.0
4859.4 0.0
4859.7 0.0
4860.0 0.0
4860.3 0.0
4860.6 0.0
4860.9 0.0
4861.2 0.0
4861.5 0.0
4861.8 0.0
4862.1 0.0
4862.4 0.0
4862.7 0.0
4863.0 0.0
4863.3 0.0
4863.6 0.0
4863.9 0.0
4864.2 0.0
4864.5 0.0
4864.8 0.0
4865.1 0.0
4865.4 0.0
4865.7 0.0
4866.0 0.0
4866.3 0.0
4866.6 0.0
4866.9 0.0
4867.2 0.0
4867.5 0.0
4867.8 0.0
4868.1 0.0
4868.4 0.0
4868.7 0.0
4869.0 0.0
4869.3 0.0
4869.6 0.0
4869.9 0.0
4870.2 0.0
4870.5 0.0
4870.8 0.0
4871.1 0.0
4871.4 0.0
4871.7 0.0
4872.0 0.0
4872.3 0.0
4872.6 0.0
4872.9 0.0
4873.2 0.0
4873.5 0.0
4873.8 0.0
4874.1 0.0
4874.4 0.0
4874.7 0.0
4875.0 0.0
4875.3 0.0
4875.6 0.0
4875.9 0.0
4876.2 0.0
4876.5 0.0
4876.8 0.0
4877.1 0.0
4877.4 0.0
4877.7 0.0
4878.0 0.0
4878.3 0.0
4878.6 0.0
4878.9 0.0
4879.2 0.0
4879.5 0.0
4879.8 0.0
4880.1 0.0
4880.4 0.0
4880.7 0.0
4881.0 0.0
4881.3 0.0
4881.6 0.0
4881.9 0.0
4882.2 0.0
4882.5 0.0
4882.8 0.0
4883.1 0.0
4883.4 0.0
4883.7 0.0
4884.0 0.0
4884.3 0.0
4884.6 0.0
4884.9 0.0
4885.2 0.0
4885.5 0.0
4885.8 0.0
4886.1 0.0
4886.4 0.0
4886.7 0.0
4887.0 0.0
4887.3 0.0
4887.6 0.0
4887.9 0.0
4888.2 0.0
4888.5 0.0
4888.8 0.0
4889.1 0.0
4889.4 0.0
4889.7 0.0
4890.0 0.0
4890.3 0.0
4890.6 0.0
4890.9 0.0
4891.2 0.0
4891.5 0.0
4891.8 0.0
4892.1 0.0
4892.4 0.0
4892.7 0.0
4893.0 0.0
4893.3 0.0
4893.6 0.0
4893.9 0.0
4894.2 0.0
4894.5 0.0
4894.8 0.0
4895.1 0.0
4895.4 0.0
4895.7 0.0
4896.0 0.0
4896.3 0.0
4896.6 0.0
4896.9 0.0
4897.2 0.0
4897.5 0.0
4897.8 0.0
4898.1 0.0
4898.4 0.0
4898.7 0.0
4899.0 0.0
4899.3 0.0
4899.6 0.0
4899.9 0.0
4900.2 0.0
4900.5 0.0
4900.8 0.0
4901.1 0.0
4901.4 0.0
4901.7 0.0
4902.0 0.0
4902.3 0.0
4902.6 0.0
4902.9 0.0
4903.2 0.0
4903.5 0.0
4903.8 0.0
4904.1 0.0
4904.4 0.0
4904.7 0.0
4905.0 0.0
4905.3 0.0
4905.6 0.0
4905.9 0.0
4906.2 0.0
4906.5 0.0
4906.8 0.0
4907.1 0.0
4907.4 4.585824941489994e-15
4907.7 4.585824941489994e-15
4908.0 1.8343299765959976e-14
4908.3 3.668659953191995e-14
4908.6 8.558073382615016e-14
4908.9 1.9564052903377823e-13
4909.2 4.264177071611631e-13
4909.5 9.567274984669406e-13
4909.8 2.0876202716925245e-12
4910.1 4.537264932259061e-12
4910.4 9.758792135928368e-12
4910.7 2.076965671931469e-11
4911.0 4.3797020047101065e-11
4911.3 9.142394870667592e-11
4911.6 1.8905224261522946e-10
4911.9 3.871896198818316e-10
4912.2 7.854786694106712e-10
4912.5 1.5784058107596375e-9
4912.8 3.1419762136799775e-9
4913.1 6.195756945980477e-9
4913.4 1.2103082594792325e-8
4913.7 2.3421071408487592e-8
4914.0 4.489720979001237e-8
4914.3 8.525547313844325e-8
4914.6 1.6036257071158861e-7
4914.9 2.987799288099326e-7
4915.2 5.514030561239589e-7
4915.5 1.0080520234381497e-6
4915.8 1.8258639958950622e-6
4916.1 3.2778376196010584e-6
4916.4 5.836415682447482e-6
4916.7 1.0320030652858608e-5
4917.0 1.815832165052902e-5
4917.3 3.189363006440952e-5
4917.6 5.617738352328959e-5
4917.9 9.984044087981125e-5
4918.2 0.00018033184391604628
4918.5 0.0003333702206144888
4918.8 0.0006338834894968614
4919.1 0.0012407588602047358
4919.4 0.00249015634053828
4919.7 0.005084082368234855
4920.0 0.010457867842756501
4920.3 0.021467962657786697
4920.6 0.04362392836524787
4920.9 0.08719266971171054
4921.2 0.1706111605881634
4921.5 0.32571432887937835
4921.8 0.6052438674449431
4922.1 1.0928479993783349
4922.4 1.915197756531074
4922.7 3.254855391116945
4923.0 5.361167485074395
4923.3 8.554943775384356
4923.6 13.221487871275233
4923.9 19.786356908399874
4924.2 28.669754069579305
4924.5 40.21922941775989
4924.8 54.6261863722139
4925.1 71.83861155010578
4925.4 91.48844951417813
4925.7 112.85481144491801
4926.0 134.8814041454093
4926.3 156.257710756255
4926.6 175.55942690922348
4926.9 191.4281357433089
4927.2 202.757693493498
4927.5 208.84986732146308
4927.8 209.50656142077747
4928.1 205.0401011195993
4928.4 196.20213302254075
4928.7 184.05032522983697
4929.0 169.7843644232571
4929.3 154.58572421901317
4929.6 139.48920221499975
4929.9 125.30177265719612
4930.2 112.57029386621434
4930.5 101.58892862781067
4930.8 92.43195686727995
4931.1 84.99829001555918
4931.4 79.05822685040766
4931.7 74.29817624369753
4932.0 70.36270159186097
4932.3 66.89434451370471
4932.6 63.57062557370591
4932.9 60.13564290820068
4933.2 56.42238174239719
4933.5 52.362097688442645
4933.8 47.979070779689664
4934.1 43.371963352645366
4934.4 38.685910954041276
4934.7 34.081274655516154
4935.0 29.7052008366296
4935.3 25.670842178631585
4935.6 22.046738595573053
4935.9 18.85631382112863
4936.2 16.085328306589183
4936.5 13.69394907588563
4936.8 11.629909537826899
4937.1 9.839900941283595
4937.4 8.277461094316983
4937.7 6.906840800297923
4938.0 5.7033402836596085
4938.3 4.65120342494923
4938.6 3.740354035055579
4938.9 2.9631005806306114
4939.2 2.311575148634044
4939.5 1.7762539194006115
4939.8 1.3455433396335068
4940.1 1.0061770829843315
4940.4 0.7440697988386291
4940.7 0.5452906212678392
4941.0 0.3969066002612189
4941.3 0.2875618061881809
4941.6 0.20775919397073978
4941.9 0.1498851677302513
4942.2 0.10805183024497167
4942.5 0.0778388257786072
4942.8 0.05600270184077264
4943.1 0.04020093122902857
4943.4 0.028756199693924216
4943.7 0.02046974905430624
4944.0 0.014481668658367705
4944.3 0.010170652112965157
4944.6 0.007084012589944371
4944.9 0.004889527007764306
4945.2 0.003342274619684358
4945.5 0.0022615153341899235
4945.8 0.0015142048889417719
4946.1 0.0010029589907856675
4946.4 0.0006570690202109249
4946.7 0.000425702605473208
4947.0 0.0002727241151719864
4947.3 0.00017275429808822113
4947.6 0.00010819242360438913
4947.9 6.698973066207874e-5
4948.2 4.100607170211291e-5
4948.5 2.4814472824113148e-5
4948.8 1.4844643269897988e-5
4949.1 8.778797843106963e-6
4949.4 5.132099320954196e-6
4949.7 2.965821927953597e-6
4950.0 1.6942646467547933e-6
4950.3 9.567543108625662e-7
4950.6 5.340722494155484e-7
4950.9 2.9469844260037036e-7
4951.2 1.6074301410919713e-7
4951.5 8.666849107498793e-8
4951.8 4.619170322758457e-8
4952.1 2.4335451940763953e-8
4952.4 1.2673195159210182e-8
4952.7 6.523841402297708e-9
4953.0 3.319646990578713e-9
4953.3 1.6697364398864801e-9
4953.6 8.301876683932535e-10
4953.9 4.080073455741545e-10
4954.2 1.9821138030591892e-10
4954.5 9.518030470495511e-11
4954.8 4.518278369584341e-11
4955.1 2.120152619479866e-11
4955.4 9.82840640140152e-12
4955.7 4.513598429372126e-12
4956.0 2.0405749572710574e-12
4956.3 9.139416654035948e-13
4956.6 4.043244417658437e-13
4956.9 1.789977942343729e-13
4957.2 7.58108311370298e-14
4957.5 3.3693703480486975e-14
4957.8 1.4740995696229525e-14
4958.1 4.211712935060872e-15
4958.4 2.105856467530436e-15
4958.7 2.105856467530436e-15
4959.0 0.0
4959.3 0.0
4959.6 0.0
4959.9 0.0
4960.2 0.0
4960.5 0.0
4960.8 0.0
4961.1 0.0
4961.4 0.0
4961.7 0.0
4962.0 0.0
4962.3 0.0
4962.6 0.0
4962.9 0.0
4963.2 0.0
4963.5 0.0
4963.8 0.0
4964.1 0.0
4964.4 0.0
4964.7 0.0
4965.0 0.0
4965.3 0.0
4965.6 0.0
4965.9 0.0
4966.2 0.0
4966.5 0.0
4966.8 0.0
4967.1 0.0
4967.4 0.0
4967.7 0.0
4968.0 0.0
4968.3 0.0
4968.6 0.0
4968.9 0.0
4969.2 0.0
4969.5 0.0
4969.8 0.0
4970.1 0.0
4970.4 0.0
4970.7 0.0
4971.0 0.0
4971.3 0.0
4971.6 0.0
4971.9 0.0
4972.2 0.0
4972.5 0.0
4972.8 0.0
4973.1 0.0
4973.4 0.0
4973.7 0.0
4974.0 0.0
4974.3 0.0
4974.6 0.0
4974.9 0.0
4975.2 0.0
4975.5 0.0
4975.8 0.0
4976.1 0.0
4976.4 0.0
4976.7 0.0
4977.0 0.0
4977.3 0.0
4977.6 0.0
4977.9 0.0
4978.2 0.0
4978.5 0.0
4978.8 0.0
4979.1 0.0
4979.4 0.0
4979.7 0.0
4980.0 0.0
4980.3 0.0
4980.6 0.0
4980.9 0.0
4981.2 0.0
4981.5 0.0
4981.8 0.0
4982.1 0.0
4982.4 0.0
4982.7 0.0
4983.0 0.0
4983.3 0.0
4983.6 0.0
4983.9 0.0
4984.2 0.0
4984.5 0.0
4984.8 0.0
4985.1 0.0
4985.4 0.0
4985.7 0.0
4986.0 0.0
4986.3 0.0
4986.6 0.0
4986.9 0.0
4987.2 0.0
4987.5 0.0
4987.8 0.0
4988.1 0.0
4988.4 0.0
4988.7 0.0
4989.0 0.0
4989.3 0.0
4989.6 0.0
4989.9 0.0
4990.2 0.0
4990.5 0.0
4990.8 0.0
4991.1 0.0
4991.4 0.0
4991.7 0.0
4992.0 0.0
4992.3 0.0
4992.6 0.0
4992.9 0.0
4993.2 3.892331856639468e-16
4993.5 3.892331856639468e-16
4993.8 3.892331856639468e-16
4994.1 1.307180737114002e-15
4994.4 1.696413975717508e-15
4994.7 2.864113479769789e-15
4995.0 5.338993720936072e-15
4995.3 1.0039002197726854e-14
4995.6 1.7463643344742177e-14
4995.9 3.0117008181367337e-14
4996.2 5.319860898371845e-14
4996.5 9.18268947513979e-14
4996.8 1.582367871512413e-13
4997.1 2.7192573652599483e-13
4997.4 4.64376357056347e-13
4997.7 7.891538103869077e-13
4998.0 1.333589475286355e-12
4998.3 2.2421707638340185e-12
4998.6 3.751143791202657e-12
4998.9 6.243694092560731e-12
4999.2 1.0339686246953195e-11
4999.5 1.7035123962491627e-11
4999.8 2.792295930066635e-11
5000.1 4.5535518064521163e-11
5000.4 7.387863237839909e-11
5000.7 1.1925064234696858e-10
5001.0 1.9150304779447236e-10
5001.3 3.059580644393378e-10
5001.6 4.863177013869624e-10
5001.9 7.690370840141014e-10
5002.2 1.209877989460928e-9
5002.5 1.8936589796236802e-9
5002.8 2.948672195302038e-9
5003.1 4.567868472360459e-9
5003.4 7.03981339889026e-9
5003.7 1.0793625031601079e-8
5004.0 1.646379980575385e-8
5004.3 2.49831558420046e-8
5004.6 3.771524130362234e-8
5004.9 5.664174966900743e-8
5005.2 8.462610480735161e-8
5005.5 1.2578176311461853e-7
5005.8 1.8598344871667086e-7
5006.1 2.7357213445229033e-7
5006.4 4.0032059776888767e-7
5006.7 5.827471006050808e-7
5007.0 8.438902563683093e-7
5007.3 1.2156903514228324e-6
5007.6 1.742162573293509e-6
5007.9 2.4835938347186114e-6
5008.2 3.5220554731227464e-6
5008.5 4.968588328051499e-6
5008.8 6.9725010898920695e-6
5009.1 9.733306621390656e-6
5009.4 1.3515933476429101e-5
5009.7 1.8669947860080088e-5
5010.0 2.565364970780079e-5
5010.3 3.506403713451901e-5
5010.6 4.7673720336712834e-5
5010.9 6.447603305894703e-5
5011.2 8.673963267691721e-5
5011.5 0.00011607395714776168
5011.8 0.00015450691458199486
5012.1 0.0002045762162690027
5012.4 0.0002694354602881261
5012.7 0.0003529760367303069
5013.0 0.00045996552275253603
5013.3 0.0005962026986904212
5013.6 0.0007686891709388343
5013.9 0.0009858164990133318
5014.2 0.0012575680792669397
5014.5 0.0015957363311305114
5014.8 0.002014157753091736
5015.1 0.0025289795842060882
5015.4 0.0031589927267607672
5015.7 0.003926114871764377
5016.0 0.004856204296983973
5016.3 0.005980579602713381
5016.6 0.007338971564508824
5016.9 0.008985249354389997
5017.2 0.010998294387555216
5017.5 0.013501984179724077
5017.8 0.01670061856987337
5018.1 0.020939355979106018
5018.4 0.026803428313803675
5018.7 0.03527489269379281
5019.0 0.047971209891582746
5019.3 0.06749539697700456
5019.6 0.09793222415368039
5019.9 0.1455272041218717
5020.2 0.21958272026155018
5020.5 0.333593027274227
5020.8 0.5066087433827703
5021.1 0.764759257358651
5021.4 1.1427548870107025
5021.7 1.6850322483432052
5022.0 2.446008788885112
5022.3 3.488718072449707
5022.6 4.8809953259425765
5022.9 6.688485996507367
5023.2 8.964177022585469
5023.5 11.73495633991206
5023.8 14.986806889091934
5024.1 18.651411178231047
5024.4 22.59775448926862
5024.7 26.632368792876402
5025.0 30.51080279926149
5025.3 33.960750953635014
5025.6 36.71443290704786
5025.9 38.54504513560489
5026.2 39.300308291886545
5026.5 38.92605000437235
5026.8 37.47460436923368
5027.1 35.09613167257617
5027.4 32.01489288246809
5027.7 28.49579752612521
5028.0 24.808331890945
5028.3 21.19474398184218
5028.6 17.847490469805166
5028.9 14.898079537600779
5029.2 12.416610644865614
5029.5 10.41928523759907
5029.8 8.880332631082638
5030.1 7.74509490743003
5030.4 6.942035859581665
5030.7 6.392636079639487
5031.0 6.019086812957539
5031.3 5.750157681170094
5031.6 5.525634574213655
5031.9 5.2994754845537955
5032.2 5.041563317896248
5032.5 4.737823240959415
5032.8 4.388583815624386
5033.1 4.0053491606996445
5033.4 3.606481059448729
5033.7 3.212536148447671
5034.0 2.8420668850788493
5034.3 2.5085573420234795
5034.6 2.2188756321306675
5034.9 1.9732732805991549
5035.2 1.7666464973655074
5035.5 1.5905677135820278
5035.8 1.4355302028384895
5036.1 1.2929150298770902
5036.4 1.1563465363977081
5036.7 1.0223007102896609
5037.0 0.8900144328052119
5037.3 0.7608775339359783
5037.6 0.6375538951108666
5037.9 0.5230750126379595
5038.2 0.42009309969773073
5038.5 0.33039938063913166
5038.8 0.25472877285514967
5039.1 0.19280752518885294
5039.4 0.14356293842188336
5039.7 0.10540677006011472
5040.0 0.0765175658770049
5040.3 0.055072667996388935
5040.6 0.03940775581469815
5040.9 0.0281036752059464
5041.2 0.020013914690248297
5041.5 0.014251503134129836
5041.8 0.01015349492409835
5042.1 0.007237301094897758
5042.4 0.005158142572782519
5042.7 0.003672489008742683
5043.0 0.0026091310604971045
5043.3 0.001847589745453757
5043.6 0.0013026577611414774
5043.9 0.0009136382924891639
5044.2 0.0006369690900401947
5044.5 0.0004411882584098227
5044.8 0.0003034804665711826
5045.1 0.0002072775405107841
5045.4 0.00014056270364240557
5045.7 9.465174083502932e-5
5046.0 6.33038037299994e-5
5046.3 4.206574934744622e-5
5046.6 2.778615064743708e-5
5046.9 1.8254734044963273e-5
5047.2 1.1935860720754485e-5
5047.5 7.772785849173742e-6
5047.8 5.045205607584527e-6
5048.1 3.2666677927432533e-6
5048.4 2.111535556467449e-6
5048.7 1.3636131400585918e-6
5049.0 8.804406851536164e-7
5049.3 5.687748626126993e-7
5049.6 3.6794397944166916e-7
5049.9 2.386718143126849e-7
5050.2 1.5565281012155685e-7
5050.5 1.0266856523746578e-7
5050.8 6.940963607596312e-8
5051.1 4.94323968730071e-8
5051.4 3.8869835675213836e-8
5051.7 3.5646121311345696e-8
5052.0 3.9035997530638694e-8
5052.3 4.9473256772738766e-8
5052.6 6.855725664904004e-8
5052.9 9.924004119082183e-8
5053.2 1.4620355489774497e-7
5053.5 2.164612424692628e-7
5053.8 3.20243650847472e-7
5054.1 4.722562468126803e-7
5054.4 6.934320380039469e-7
5054.7 1.0133439505502998e-6
5055.0 1.4734943596398234e-6
5055.3 2.131765914914869e-6
5055.6 3.068398681606671e-6
5055.9 4.393959856503456e-6
5056.2 6.259894466383169e-6
5056.5 8.872396415065384e-6
5056.8 1.2510504131535178e-5
5057.1 1.754955039090519e-5
5057.4 2.4491306598007558e-5
5057.7 3.400245160694956e-5
5058.0 4.6963280461083154e-5
5058.3 6.452888594567403e-5
5058.6 8.820539538063118e-5
5058.9 0.00011994414683964387
5059.2 0.00016225709504756779
5059.5 0.00021835688480766058
5059.8 0.00029232539459554685
5060.1 0.00038931457514681053
5060.4 0.0005157834353954881
5060.7 0.0006797744826200507
5061.0 0.000891233571205508
5061.3 0.0011623741048785595
5061.6 0.0015080887277869244
5061.9 0.00194640652200767
5062.2 0.0024989961579435236
5062.5 0.0031917107557666736
5062.8 0.00405517139982348
5063.1 0.005125393157467109
5063.4 0.006444460742334323
5063.7 0.008061303961388062
5064.0 0.010032687953430434
5064.3 0.012424691638784844
5064.6 0.015315273451180148
5064.9 0.018799116351218476
5065.2 0.02299709433569228
5065.5 0.028074601015579296
5065.8 0.034276189314644476
5066.1 0.04198885104946464
5066.4 0.0518534172988627
5066.7 0.0649532371095217
5067.0 0.08312153259394514
5067.3 0.1094233121678456
5067.6 0.14888305130751622
5067.9 0.20954456715792494
5068.2 0.30396170644646064
5068.5 0.45122418700494354
5068.8 0.6796140161927273
5069.1 1.0299503460067303
5069.4 1.5595870689602742
5069.7 2.346842357576735
5070.0 3.4953210476669923
5070.3 5.137120055069837
5070.6 7.433322799684753
5070.9 10.56962305146741
5071.2 14.74463862112211
5071.5 20.148820445386402
5071.8 26.933183358907463
5072.1 35.16950202507788
5072.4 44.80690947317547
5072.7 55.633219998766776
5073.0 67.25162041761659
5073.3 79.08331763464874
5073.6 90.40343308613902
5073.9 100.41093155454617
5074.2 108.32495622250342
5074.5 113.49188478648851
5074.8 115.48247878780066
5075.1 114.15852811368812
5075.4 109.69418720706551
5075.7 102.54721650152233
5076.0 93.38679408668048
5076.3 82.9941059229208
5076.6 72.15668796101863
5076.9 61.57660902227167
5077.2 51.806623175508776
5077.5 43.22000346871755
5077.8 36.011403422805415
5078.1 30.220369928736545
5078.4 25.766910250109504
5078.7 22.489616958482657
5079.0 20.18001248696237
5079.3 18.61038056545658
5079.6 17.555130889784778
5079.9 16.80706192078287
5080.2 16.18984682788141
5080.5 15.567236298451462
5080.8 14.848573675417356
5081.1 13.9897961726507
5081.4 12.989383857138193
5081.7 11.879548168577017
5082.0 10.713968952104445
5082.3 9.554185165934562
5082.6 8.45701942410136
5082.9 7.465088274890411
5083.2 6.601652397046972
5083.5 5.8700414667316725
5083.8 5.2569380325952775
5084.1 4.7381524373486705
5084.4 4.285267625527799
5084.7 3.8716694381451227
5085.0 3.4769051925237857
5085.3 3.08887419835861
5085.6 2.7039041933081096
5085.9 2.325185167464
5086.2 1.9602628814701302
5086.5 1.6183163111355778
5086.8 1.3078113589952738
5087.1 1.0348912396229744
5087.4 0.8026166570163832
5087.7 0.6109629704839273
5088.0 0.457353743678676
5088.3 0.33746948998582826
5088.6 0.24609841247839337
5088.9 0.17786569358449664
5089.2 0.1277584576809945
5089.5 0.09143220278944343
5089.8 0.06533092983918605
5090.1 0.04667399946639995
5090.4 0.03336482476686232
5090.7 0.023866454156957873
5091.0 0.01707485061758674
5091.3 0.012207088490599437
5091.6 0.008711228577640246
5091.9 0.006198155730640452
5092.2 0.004392305344012125
5092.5 0.0030971297024884126
5092.8 0.0021713367145414467
5093.1 0.0015126532724448701
5093.4 0.0010466884202400865
5093.7 0.0007192109552763788
5094.0 0.0004907034312292412
5094.3 0.00033245406468408766
5094.6 0.00022370595389340162
5094.9 0.0001495523727276601
5095.2 9.937202089048587e-5
5095.5 6.566274635785689e-5
5095.8 4.317432732290556e-5
5096.1 2.8267213848180885e-5
5096.4 1.8442259793299666e-5
5096.7 1.1999270898043294e-5
5097.0 7.791875103464584e-6
5097.3 5.053579886016304e-6
5097.6 3.2758333223505776e-6
5097.9 2.1235512675412543e-6
5098.2 1.377270461226429e-6
5098.5 8.939706221415102e-7
5098.8 5.808135191258037e-7
5099.1 3.7770385884612865e-7
5099.4 2.458069868915123e-7
5099.7 1.600429375005147e-7
5100.0 1.042092733663198e-7
5100.3 6.782691507002824e-8
5100.6 4.4106777558518673e-8
5100.9 2.8641344903626106e-8
5101.2 1.856301369700393e-8
5101.5 1.2002320038300289e-8
5101.8 7.738480096015188e-9
5102.1 4.9733814480184434e-9
5102.4 3.1849792371339294e-9
5102.7 2.0318573302354735e-9
5103.0 1.2909382377480083e-9
5103.3 8.166856058734247e-10
5103.6 5.143572304688358e-10
5103.9 3.22464946636316e-10
5104.2 2.0120897880962462e-10
5104.5 1.2495179188389307e-10
5104.8 7.7215281166069e-11
5105.1 4.7483739257724554e-11
5105.4 2.9056405222624405e-11
5105.7 1.7689461101976466e-11
5106.0 1.0717540427579111e-11
5106.3 6.458144990468299e-12
5106.6 3.874464026589411e-12
5106.9 2.311434874410044e-12
5107.2 1.3731478845452826e-12
5107.5 8.097070739576374e-13
5107.8 4.760459037126481e-13
5108.1 2.7899839429644893e-13
5108.4 1.604390448620152e-13
5108.7 9.547460486929887e-14
5109.0 5.309493553910631e-14
5109.3 3.116441905427238e-14
5109.6 1.7313565200114713e-14
5109.9 1.0388139120068828e-14
5110.2 5.771188682382553e-15
5110.5 2.308475430601374e-15
5110.8 2.308475430601374e-15
5111.1 1.154237715300687e-15
5111.4 1.154237715300687e-15
5111.7 0.0
5112.0 0.0
5112.3 0.0
5112.6 0.0
5112.9 0.0
5113.2 0.0
5113.5 0.0
5113.8 0.0
5114.1 0.0
5114.4 0.0
5114.7 0.0
5115.0 0.0
5115.3 0.0
5115.6 0.0
5115.9 0.0
5116.2 0.0
5116.5 0.0
5116.8 0.0
5117.1 0.0
5117.4 0.0
5117.7 0.0
5118.0 0.0
5118.3 0.0
5118.6 0.0
5118.9 0.0
5119.2 0.0
5119.5 0.0
5119.8 0.0
5120.1 0.0
5120.4 0.0
5120.7 0.0
5121.0 0.0
5121.3 0.0
5121.6 0.0
5121.9 0.0
5122.2 0.0
5122.5 0.0
5122.8 0.0
5123.1 0.0
5123.4 0.0
5123.7 0.0
5124.0 0.0
5124.3 0.0
5124.6 0.0
5124.9 0.0
5125.2 0.0
5125.5 0.0
5125.8 0.0
5126.1 0.0
5126.4 0.0
5126.7 0.0
5127.0 0.0
5127.3 0.0
5127.6 0.0
5127.9 0.0
5128.2 0.0
5128.5 0.0
5128.8 0.0
5129.1 0.0
5129.4 0.0
5129.7 0.0
5130.0 0.0
5130.3 0.0
5130.6 0.0
5130.9 0.0
5131.2 0.0
5131.5 0.0
5131.8 0.0
5132.1 0.0
5132.4 0.0
5132.7 0.0
5133.0 0.0
5133.3 0.0
5133.6 0.0
5133.9 0.0
5134.2 0.0
5134.5 0.0
5134.8 0.0
5135.1 0.0
5135.4 0.0
5135.7 0.0
5136.0 0.0
5136.3 0.0
5136.6 0.0
5136.9 0.0
5137.2 0.0
5137.5 0.0
5137.8 0.0
5138.1 0.0
5138.4 0.0
5138.7 0.0
5139.0 0.0
5139.3 0.0
5139.6 0.0
5139.9 0.0
5140.2 0.0
5140.5 0.0
5140.8 0.0
5141.1 0.0
5141.4 0.0
5141.7 0.0
5142.0 0.0
5142.3 0.0
5142.6 0.0
5142.9 0.0
5143.2 0.0
5143.5 0.0
5143.8 0.0
5144.1 0.0
5144.4 0.0
5144.7 0.0
5145.0 0.0
5145.3 0.0
5145.6 0.0
5145.9 0.0
5146.2 0.0
5146.5 0.0
5146.8 0.0
5147.1 0.0
5147.4 0.0
5147.7 0.0
5148.0 0.0
5148.3 0.0
5148.6 0.0
5148.9 0.0
5149.2 0.0
5149.5 0.0
5149.8 0.0
5150.1 0.0
5150.4 0.0
5150.7 0.0
5151.0 0.0
5151.3 0.0
5151.6 0.0
5151.9 0.0
5152.2 0.0
5152.5 0.0
5152.8 0.0
5153.1 0.0
5153.4 0.0
5153.7 0.0
5154.0 0.0
5154.3 0.0
5154.6 0.0
5154.9 0.0
5155.2 0.0
5155.5 0.0
5155.8 0.0
5156.1 0.0
5156.4 0.0
5156.7 0.0
5157.0 0.0
5157.3 0.0
5157.6 0.0
5157.9 0.0
5158.2 0.0
5158.5 0.0
5158.8 0.0
5159.1 0.0
5159.4 0.0
5159.7 0.0
5160.0 0.0
5160.3 0.0
5160.6 0.0
5160.9 0.0
5161.2 0.0
5161.5 0.0
5161.8 0.0
5162.1 0.0
5162.4 0.0
5162.7 0.0
5163.0 0.0
5163.3 0.0
5163.6 0.0
5163.9 0.0
5164.2 0.0
5164.5 0.0
5164.8 0.0
5165.1 0.0
5165.4 0.0
5165.7 0.0
5166.0 0.0
5166.3 0.0
5166.6 0.0
5166.9 0.0
5167.2 0.0
5167.5 0.0
5167.8 0.0
5168.1 0.0
5168.4 0.0
5168.7 0.0
5169.0 0.0
5169.3 0.0
5169.6 0.0
5169.9 0.0
5170.2 0.0
5170.5 0.0
5170.8 0.0
5171.1 0.0
5171.4 0.0
5171.7 0.0
5172.0 0.0
5172.3 0.0
5172.6 0.0
5172.9 0.0
5173.2 0.0
5173.5 0.0
5173.8 0.0
5174.1 0.0
5174.4 0.0
5174.7 0.0
5175.0 0.0
5175.3 0.0
5175.6 0.0
5175.9 0.0
5176.2 0.0
5176.5 0.0
5176.8 0.0
5177.1 0.0
5177.4 0.0
5177.7 0.0
5178.0 0.0
5178.3 0.0
5178.6 0.0
5178.9 0.0
5179.2 0.0
5179.5 0.0
5179.8 0.0
5180.1 0.0
5180.4 0.0
5180.7 0.0
5181.0 0.0
5181.3 0.0
5181.6 0.0
5181.9 0.0
5182.2 0.0
5182.5 0.0
5182.8 0.0
5183.1 0.0
5183.4 0.0
5183.7 0.0
5184.0 0.0
5184.3 0.0
5184.6 0.0
5184.9 0.0
5185.2 0.0
5185.5 0.0
5185.8 0.0
5186.1 0.0
5186.4 0.0
5186.7 0.0
5187.0 0.0
5187.3 0.0
5187.6 0.0
5187.9 0.0
5188.2 0.0
5188.5 0.0
5188.8 0.0
5189.1 0.0
5189.4 0.0
5189.7 0.0
5190.0 0.0
5190.3 0.0
5190.6 0.0
5190.9 0.0
5191.2 0.0
5191.5 0.0
5191.8 0.0
5192.1 0.0
5192.4 0.0
5192.7 0.0
5193.0 0.0
5193.3 0.0
5193.6 0.0
5193.9 0.0
5194.2 0.0
5194.5 0.0
5194.8 0.0
5195.1 0.0
5195.4 0.0
5195.7 0.0
5196.0 0.0
5196.3 0.0
5196.6 0.0
5196.9 0.0
5197.2 0.0
5197.5 0.0
5197.8 0.0
5198.1 0.0
5198.4 0.0
5198.7 0.0
5199.0 0.0
5199.3 0.0
5199.6 0.0
5199.9 0.0
5200.2 0.0
5200.5 0.0
5200.8 0.0
5201.1 0.0
5201.4 0.0
5201.7 0.0
5202.0 0.0
5202.3 0.0
5202.6 0.0
5202.9 0.0
5203.2 0.0
5203.5 0.0
5203.8 0.0
5204.1 0.0
5204.4 0.0
5204.7 0.0
5205.0 0.0
5205.3 0.0
5205.6 0.0
5205.9 0.0
5206.2 0.0
5206.5 0.0
5206.8 0.0
5207.1 0.0
5207.4 0.0
5207.7 0.0
5208.0 0.0
5208.3 0.0
5208.6 0.0
5208.9 0.0
5209.2 0.0
5209.5 0.0
5209.8 0.0
5210.1 0.0
5210.4 0.0
5210.7 0.0
5211.0 0.0
5211.3 0.0
5211.6 0.0
5211.9 0.0
5212.2 0.0
5212.5 0.0
5212.8 0.0
5213.1 0.0
5213.4 0.0
5213.7 0.0
5214.0 0.0
5214.3 0.0
5214.6 0.0
5214.9 0.0
5215.2 0.0
5215.5 0.0
5215.8 0.0
5216.1 0.0
5216.4 0.0
5216.7 0.0
5217.0 0.0
5217.3 0.0
5217.6 0.0
5217.9 0.0
5218.2 0.0
5218.5 0.0
5218.8 0.0
5219.1 0.0
5219.4 0.0
5219.7 0.0
5220.0 0.0
5220.3 0.0
5220.6 0.0
5220.9 0.0
5221.2 0.0
5221.5 0.0
5221.8 0.0
5222.1 0.0
5222.4 0.0
5222.7 0.0
5223.0 0.0
5223.3 0.0
5223.6 0.0
5223.9 0.0
5224.2 0.0
5224.5 0.0
5224.8 0.0
5225.1 0.0
5225.4 0.0
5225.7 0.0
5226.0 0.0
5226.3 0.0
5226.6 0.0
5226.9 0.0
5227.2 0.0
5227.5 0.0
5227.8 0.0
5228.1 0.0
5228.4 0.0
5228.7 0.0
5229.0 0.0
5229.3 0.0
5229.6 0.0
5229.9 0.0
5230.2 0.0
5230.5 0.0
5230.8 0.0
5231.1 0.0
5231.4 0.0
5231.7 0.0
5232.0 0.0
5232.3 0.0
5232.6 0.0
5232.9 0.0
5233.2 0.0
5233.5 0.0
5233.8 0.0
5234.1 0.0
5234.4 0.0
5234.7 0.0
5235.0 0.0
5235.3 0.0
5235.6 0.0
5235.9 0.0
5236.2 0.0
5236.5 0.0
5236.8 0.0
5237.1 0.0
5237.4 0.0
5237.7 0.0
5238.0 0.0
5238.3 0.0
5238.6 0.0
5238.9 0.0
5239.2 0.0
5239.5 0.0
5239.8 0.0
5240.1 0.0
5240.4 0.0
5240.7 0.0
5241.0 0.0
5241.3 0.0
5241.6 0.0
5241.9 0.0
5242.2 0.0
5242.5 0.0
5242.8 0.0
5243.1 0.0
5243.4 0.0
5243.7 0.0
5244.0 0.0
5244.3 0.0
5244.6 0.0
5244.9 0.0
5245.2 0.0
5245.5 0.0
5245.8 0.0
5246.1 0.0
5246.4 0.0
5246.7 0.0
5247.0 0.0
5247.3 0.0
5247.6 0.0
5247.9 0.0
5248.2 0.0
5248.5 0.0
5248.8 0.0
5249.1 0.0
5249.4 0.0
5249.7 0.0
5250.0 0.0
5250.3 0.0
5250.6 0.0
5250.9 0.0
5251.2 0.0
5251.5 0.0
5251.8 0.0
5252.1 0.0
5252.4 0.0
5252.7 0.0
5253.0 0.0
5253.3 0.0
5253.6 0.0
5253.9 0.0
5254.2 0.0
5254.5 0.0
5254.8 0.0
5255.1 0.0
5255.4 0.0
5255.7 0.0
5256.0 0.0
5256.3 0.0
5256.6 0.0
5256.9 0.0
5257.2 0.0
5257.5 0.0
5257.8 0.0
5258.1 0.0
5258.4 0.0
5258.7 0.0
5259.0 0.0
5259.3 0.0
5259.6 0.0
5259.9 0.0
5260.2 0.0
5260.5 0.0
5260.8 0.0
5261.1 0.0
5261.4 0.0
5261.7 0.0
5262.0 0.0
5262.3 0.0
5262.6 0.0
5262.9 0.0
5263.2 0.0
5263.5 0.0
5263.8 0.0
5264.1 0.0
5264.4 0.0
5264.7 0.0
5265.0 0.0
5265.3 0.0
5265.6 0.0
5265.9 0.0
5266.2 0.0
5266.5 0.0
5266.8 0.0
5267.1 0.0
5267.4 0.0
5267.7 0.0
5268.0 0.0
5268.3 0.0
5268.6 0.0
5268.9 0.0
5269.2 0.0
5269.5 0.0
5269.8 0.0
5270.1 0.0
5270.4 0.0
5270.7 0.0
5271.0 0.0
5271.3 0.0
5271.6 0.0
5271.9 0.0
5272.2 0.0
5272.5 0.0
5272.8 0.0
5273.1 0.0
5273.4 0.0
5273.7 0.0
5274.0 0.0
5274.3 0.0
5274.6 0.0
5274.9 0.0
5275.2 0.0
5275.5 0.0
5275.8 0.0
5276.1 0.0
5276.4 0.0
5276.7 0.0
5277.0 0.0
5277.3 0.0
5277.6 0.0
5277.9 0.0
5278.2 0.0
5278.5 0.0
5278.8 0.0
5279.1 0.0
5279.4 0.0
5279.7 0.0
5280.0 0.0
5280.3 0.0
5280.6 0.0
5280.9 0.0
5281.2 0.0
5281.5 0.0
5281.8 0.0
5282.1 0.0
5282.4 0.0
5282.7 0.0
5283.0 0.0
5283.3 0.0
5283.6 0.0
5283.9 0.0
5284.2 0.0
5284.5 0.0
5284.8 0.0
5285.1 0.0
5285.4 0.0
5285.7 0.0
5286.0 0.0
5286.3 0.0
5286.6 0.0
5286.9 0.0
5287.2 0.0
5287.5 0.0
5287.8 0.0
5288.1 0.0
5288.4 0.0
5288.7 0.0
5289.0 0.0
5289.3 0.0
5289.6 0.0
5289.9 0.0
5290.2 0.0
5290.5 0.0
5290.8 0.0
5291.1 0.0
5291.4 0.0
5291.7 0.0
5292.0 0.0
5292.3 0.0
5292.6 0.0
5292.9 0.0
5293.2 0.0
5293.5 0.0
5293.8 0.0
5294.1 0.0
5294.4 0.0
5294.7 0.0
5295.0 0.0
5295.3 0.0
5295.6 0.0
5295.9 0.0
5296.2 0.0
5296.5 0.0
5296.8 0.0
5297.1 0.0
5297.4 0.0
5297.7 0.0
5298.0 0.0
5298.3 0.0
5298.6 0.0
5298.9 0.0
5299.2 0.0
5299.5 0.0
5299.8 0.0
5300.1 0.0
5300.4 0.0
5300.7 0.0
5301.0 0.0
5301.3 0.0
5301.6 0.0
5301.9 0.0
5302.2 0.0
5302.5 0.0
5302.8 0.0
5303.1 0.0
5303.4 0.0
5303.7 0.0
5304.0 0.0
5304.3 0.0
5304.6 0.0
5304.9 0.0
5305.2 0.0
5305.5 0.0
5305.8 0.0
5306.1 0.0
5306.4 0.0
5306.7 0.0
5307.0 0.0
5307.3 0.0
5307.6 0.0
5307.9 0.0
5308.2 0.0
5308.5 0.0
5308.8 0.0
5309.1 0.0
5309.4 0.0
5309.7 0.0
5310.0 0.0
5310.3 0.0
5310.6 0.0
5310.9 0.0
5311.2 0.0
5311.5 0.0
5311.8 0.0
5312.1 0.0
5312.4 0.0
5312.7 0.0
5313.0 0.0
5313.3 0.0
5313.6 0.0
5313.9 0.0
5314.2 0.0
5314.5 0.0
5314.8 0.0
5315.1 0.0
5315.4 0.0
5315.7 0.0
5316.0 0.0
5316.3 0.0
5316.6 0.0
5316.9 0.0
5317.2 0.0
5317.5 0.0
5317.8 0.0
5318.1 0.0
5318.4 0.0
5318.7 0.0
5319.0 0.0
5319.3 0.0
5319.6 0.0
5319.9 0.0
5320.2 0.0
5320.5 0.0
5320.8 0.0
5321.1 0.0
5321.4 0.0
5321.7 0.0
5322.0 0.0
5322.3 0.0
5322.6 0.0
5322.9 0.0
5323.2 0.0
5323.5 0.0
5323.8 0.0
5324.1 0.0
5324.4 0.0
5324.7 0.0
5325.0 0.0
5325.3 0.0
5325.6 0.0
5325.9 0.0
5326.2 0.0
5326.5 0.0
5326.8 0.0
5327.1 0.0
5327.4 0.0
5327.7 0.0
5328.0 0.0
5328.3 0.0
5328.6 0.0
5328.9 0.0
5329.2 0.0
5329.5 0.0
5329.8 0.0
