6165.0 0.0
6165.3 0.0
6165.6 0.0
6165.9 0.0
6166.2 0.0
6166.5 0.0
6166.8 0.0
6167.1 0.0
6167.4 0.0
6167.7 0.0
6168.0 0.0
6168.3 0.0
6168.6 0.0
6168.9 0.0
6169.2 0.0
6169.5 0.0
6169.8 0.0
6170.1 0.0
6170.4 0.0
6170.7 0.0
6171.0 0.0
6171.3 0.0
6171.6 0.0
6171.9 0.0
6172.2 0.0
6172.5 0.0
6172.8 0.0
6173.1 0.0
6173.4 0.0
6173.7 0.0
6174.0 0.0
6174.3 0.0
6174.6 0.0
6174.9 0.0
6175.2 0.0
6175.5 0.0
6175.8 0.0
6176.1 0.0
6176.4 0.0
6176.7 0.0
6177.0 0.0
6177.3 0.0
6177.6 0.0
6177.9 0.0
6178.2 0.0
6178.5 0.0
6178.8 0.0
6179.1 0.0
6179.4 0.0
6179.7 0.0
6180.0 0.0
6180.3 0.0
6180.6 0.0
6180.9 0.0
6181.2 0.0
6181.5 0.0
6181.8 0.0
6182.1 0.0
6182.4 0.0
6182.7 0.0
6183.0 0.0
6183.3 0.0
6183.6 0.0
6183.9 0.0
6184.2 0.0
6184.5 0.0
6184.8 0.0
6185.1 0.0
6185.4 0.0
6185.7 0.0
6186.0 0.0
6186.3 0.0
6186.6 0.0
6186.9 0.0
6187.2 0.0
6187.5 0.0
6187.8 0.0
6188.1 0.0
6188.4 0.0
6188.7 0.0
6189.0 0.0
6189.3 0.0
6189.6 0.0
6189.9 0.0
6190.2 0.0
6190.5 0.0
6190.8 0.0
6191.1 0.0
6191.4 0.0
6191.7 0.0
6192.0 0.0
6192.3 0.0
6192.6 0.0
6192.9 0.0
6193.2 0.0
6193.5 0.0
6193.8 0.0
6194.1 0.0
6194.4 0.0
6194.7 0.0
6195.0 0.0
6195.3 0.0
6195.6 0.0
6195.9 0.0
6196.2 0.0
6196.5 0.0
6196.8 0.0
6197.1 0.0
6197.4 0.0
6197.7 0.0
6198.0 0.0
6198.3 0.0
6198.6 0.0
6198.9 0.0
6199.2 0.0
6199.5 0.0
6199.8 0.0
6200.1 0.0
6200.4 0.0
6200.7 0.0
6201.0 0.0
6201.3 0.0
6201.6 0.0
6201.9 0.0
6202.2 0.0
6202.5 0.0
6202.8 0.0
6203.1 0.0
6203.4 0.0
6203.7 0.0
6204.0 0.0
6204.3 0.0
6204.6 0.0
6204.9 0.0
6205.2 0.0
6205.5 0.0
6205.8 0.0
6206.1 0.0
6206.4 0.0
6206.7 0.0
6207.0 0.0
6207.3 0.0
6207.6 0.0
6207.9 0.0
6208.2 0.0
6208.5 0.0
6208.8 0.0
6209.1 0.0
6209.4 0.0
6209.7 0.0
6210.0 0.0
6210.3 0.0
6210.6 0.0
6210.9 0.0
6211.2 0.0
6211.5 0.0
6211.8 0.0
6212.1 0.0
6212.4 0.0
6212.7 0.0
6213.0 0.0
6213.3 0.0
6213.6 0.0
6213.9 0.0
6214.2 0.0
6214.5 0.0
6214.8 0.0
6215.1 0.0
6215.4 0.0
6215.7 0.0
6216.0 0.0
6216.3 0.0
6216.6 0.0
6216.9 0.0
6217.2 0.0
6217.5 0.0
6217.8 0.0
6218.1 0.0
6218.4 0.0
6218.7 0.0
6219.0 0.0
6219.3 0.0
6219.6 0.0
6219.9 0.0
6220.2 0.0
6220.5 0.0
6220.8 0.0
6221.1 0.0
6221.4 0.0
6221.7 0.0
6222.0 0.0
6222.3 0.0
6222.6 0.0
6222.9 0.0
6223.2 0.0
6223.5 0.0
6223.8 0.0
6224.1 0.0
6224.4 0.0
6224.7 0.0
6225.0 0.0
6225.3 0.0
6225.6 0.0
6225.9 0.0
6226.2 0.0
6226.5 0.0
6226.8 0.0
6227.1 0.0
6227.4 0.0
6227.7 0.0
6228.0 0.0
6228.3 0.0
6228.6 0.0
6228.9 0.0
6229.2 0.0
6229.5 0.0
6229.8 0.0
6230.1 0.0
6230.4 0.0
6230.7 0.0
6231.0 0.0
6231.3 0.0
6231.6 0.0
6231.9 0.0
6232.2 0.0
6232.5 0.0
6232.8 0.0
6233.1 0.0
6233.4 0.0
6233.7 0.0
6234.0 0.0
6234.3 0.0
6234.6 0.0
6234.9 0.0
6235.2 0.0
6235.5 0.0
6235.8 0.0
6236.1 0.0
6236.4 0.0
6236.7 0.0
6237.0 0.0
6237.3 0.0
6237.6 0.0
6237.9 0.0
6238.2 0.0
6238.5 0.0
6238.8 0.0
6239.1 0.0
6239.4 0.0
6239.7 0.0
6240.0 0.0
6240.3 0.0
6240.6 0.0
6240.9 0.0
6241.2 0.0
6241.5 0.0
6241.8 0.0
6242.1 0.0
6242.4 0.0
6242.7 0.0
6243.0 0.0
6243.3 0.0
6243.6 0.0
6243.9 0.0
6244.2 0.0
6244.5 0.0
6244.8 0.0
6245.1 0.0
6245.4 0.0
6245.7 0.0
6246.0 0.0
6246.3 0.0
6246.6 0.0
6246.9 0.0
6247.2 0.0
6247.5 0.0
6247.8 0.0
6248.1 0.0
6248.4 0.0
6248.7 0.0
6249.0 0.0
6249.3 0.0
6249.6 0.0
6249.9 0.0
6250.2 0.0
6250.5 0.0
6250.8 0.0
6251.1 0.0
6251.4 0.0
6251.7 0.0
6252.0 0.0
6252.3 0.0
6252.6 0.0
6252.9 0.0
6253.2 0.0
6253.5 0.0
6253.8 0.0
6254.1 0.0
6254.4 0.0
6254.7 0.0
6255.0 0.0
6255.3 0.0
6255.6 0.0
6255.9 0.0
6256.2 0.0
6256.5 0.0
6256.8 0.0
6257.1 0.0
6257.4 0.0
6257.7 0.0
6258.0 0.0
6258.3 0.0
6258.6 0.0
6258.9 0.0
6259.2 0.0
6259.5 0.0
6259.8 0.0
6260.1 0.0
6260.4 0.0
6260.7 0.0
6261.0 0.0
6261.3 0.0
6261.6 0.0
6261.9 0.0
6262.2 0.0
6262.5 0.0
6262.8 0.0
6263.1 0.0
6263.4 0.0
6263.7 0.0
6264.0 0.0
6264.3 0.0
6264.6 0.0
6264.9 0.0
6265.2 0.0
6265.5 0.0
6265.8 0.0
6266.1 0.0
6266.4 0.0
6266.7 0.0
6267.0 0.0
6267.3 0.0
6267.6 0.0
6267.9 0.0
6268.2 0.0
6268.5 0.0
6268.8 0.0
6269.1 0.0
6269.4 0.0
6269.7 0.0
6270.0 0.0
6270.3 0.0
6270.6 0.0
6270.9 0.0
6271.2 0.0
6271.5 0.0
6271.8 0.0
6272.1 0.0
6272.4 0.0
6272.7 0.0
6273.0 0.0
6273.3 0.0
6273.6 0.0
6273.9 0.0
6274.2 0.0
6274.5 0.0
6274.8 0.0
6275.1 0.0
6275.4 0.0
6275.7 0.0
6276.0 0.0
6276.3 0.0
6276.6 0.0
6276.9 0.0
6277.2 0.0
6277.5 0.0
6277.8 0.0
6278.1 0.0
6278.4 0.0
6278.7 0.0
6279.0 0.0
6279.3 0.0
6279.6 0.0
6279.9 0.0
6280.2 0.0
6280.5 0.0
6280.8 0.0
6281.1 0.0
6281.4 0.0
6281.7 0.0
6282.0 0.0
6282.3 0.0
6282.6 0.0
6282.9 0.0
6283.2 0.0
6283.5 0.0
6283.8 0.0
6284.1 0.0
6284.4 0.0
6284.7 0.0
6285.0 0.0
6285.3 0.0
6285.6 0.0
6285.9 0.0
6286.2 0.0
6286.5 0.0
6286.8 0.0
6287.1 0.0
6287.4 0.0
6287.7 0.0
6288.0 0.0
6288.3 0.0
6288.6 0.0
6288.9 0.0
6289.2 0.0
6289.5 0.0
6289.8 0.0
6290.1 0.0
6290.4 0.0
6290.7 0.0
6291.0 0.0
6291.3 0.0
6291.6 0.0
6291.9 0.0
6292.2 0.0
6292.5 0.0
6292.8 0.0
6293.1 0.0
6293.4 0.0
6293.7 0.0
6294.0 0.0
6294.3 0.0
6294.6 0.0
6294.9 0.0
6295.2 0.0
6295.5 0.0
6295.8 0.0
6296.1 0.0
6296.4 0.0
6296.7 0.0
6297.0 0.0
6297.3 0.0
6297.6 0.0
6297.9 0.0
6298.2 0.0
6298.5 0.0
6298.8 0.0
6299.1 0.0
6299.4 0.0
6299.7 0.0
6300.0 0.0
6300.3 0.0
6300.6 0.0
6300.9 0.0
6301.2 0.0
6301.5 0.0
6301.8 0.0
6302.1 0.0
6302.4 0.0
6302.7 0.0
6303.0 0.0
6303.3 0.0
6303.6 0.0
6303.9 0.0
6304.2 0.0
6304.5 0.0
6304.8 0.0
6305.1 0.0
6305.4 0.0
6305.7 0.0
6306.0 0.0
6306.3 0.0
6306.6 0.0
6306.9 0.0
6307.2 0.0
6307.5 0.0
6307.8 0.0
6308.1 0.0
6308.4 0.0
6308.7 0.0
6309.0 0.0
6309.3 0.0
6309.6 0.0
6309.9 0.0
6310.2 0.0
6310.5 0.0
6310.8 0.0
6311.1 0.0
6311.4 0.0
6311.7 0.0
6312.0 0.0
6312.3 0.0
6312.6 0.0
6312.9 0.0
6313.2 0.0
6313.5 0.0
6313.8 0.0
6314.1 0.0
6314.4 0.0
6314.7 0.0
6315.0 0.0
6315.3 0.0
6315.6 0.0
6315.9 0.0
6316.2 0.0
6316.5 0.0
6316.8 0.0
6317.1 0.0
6317.4 0.0
6317.7 0.0
6318.0 0.0
6318.3 0.0
6318.6 0.0
6318.9 0.0
6319.2 0.0
6319.5 0.0
6319.8 0.0
6320.1 0.0
6320.4 0.0
6320.7 0.0
6321.0 0.0
6321.3 0.0
6321.6 0.0
6321.9 0.0
6322.2 0.0
6322.5 0.0
6322.8 0.0
6323.1 0.0
6323.4 0.0
6323.7 0.0
6324.0 0.0
6324.3 0.0
6324.6 0.0
6324.9 0.0
6325.2 0.0
6325.5 0.0
6325.8 0.0
6326.1 0.0
6326.4 0.0
6326.7 0.0
6327.0 0.0
6327.3 0.0
6327.6 0.0
6327.9 0.0
6328.2 0.0
6328.5 0.0
6328.8 0.0
6329.1 0.0
6329.4 0.0
6329.7 0.0
6330.0 0.0
6330.3 0.0
6330.6 0.0
6330.9 0.0
6331.2 0.0
6331.5 0.0
6331.8 0.0
6332.1 0.0
6332.4 0.0
6332.7 0.0
6333.0 0.0
6333.3 0.0
6333.6 0.0
6333.9 0.0
6334.2 0.0
6334.5 0.0
6334.8 0.0
6335.1 0.0
6335.4 0.0
6335.7 0.0
6336.0 0.0
6336.3 0.0
6336.6 0.0
6336.9 0.0
6337.2 0.0
6337.5 0.0
6337.8 0.0
6338.1 0.0
6338.4 0.0
6338.7 0.0
6339.0 0.0
6339.3 0.0
6339.6 0.0
6339.9 0.0
6340.2 0.0
6340.5 0.0
6340.8 0.0
6341.1 0.0
6341.4 0.0
6341.7 0.0
6342.0 0.0
6342.3 0.0
6342.6 0.0
6342.9 0.0
6343.2 0.0
6343.5 0.0
6343.8 0.0
6344.1 0.0
6344.4 0.0
6344.7 0.0
6345.0 0.0
6345.3 0.0
6345.6 0.0
6345.9 0.0
6346.2 0.0
6346.5 0.0
6346.8 0.0
6347.1 0.0
6347.4 0.0
6347.7 0.0
6348.0 0.0
6348.3 0.0
6348.6 0.0
6348.9 0.0
6349.2 0.0
6349.5 0.0
6349.8 0.0
6350.1 0.0
6350.4 0.0
6350.7 0.0
6351.0 0.0
6351.3 0.0
6351.6 0.0
6351.9 0.0
6352.2 0.0
6352.5 0.0
6352.8 0.0
6353.1 0.0
6353.4 0.0
6353.7 0.0
6354.0 0.0
6354.3 0.0
6354.6 0.0
6354.9 0.0
6355.2 0.0
6355.5 0.0
6355.8 0.0
6356.1 0.0
6356.4 0.0
6356.7 0.0
6357.0 0.0
6357.3 0.0
6357.6 0.0
6357.9 0.0
6358.2 0.0
6358.5 0.0
6358.8 0.0
6359.1 0.0
6359.4 0.0
6359.7 0.0
6360.0 0.0
6360.3 0.0
6360.6 0.0
6360.9 0.0
6361.2 0.0
6361.5 0.0
6361.8 0.0
6362.1 3.833346282137691e-15
6362.4 0.0
6362.7 7.666692564275383e-15
6363.0 7.666692564275383e-15
6363.3 2.1083403916482592e-14
6363.6 4.0250134903654575e-14
6363.9 7.670525566370976e-14
6364.2 1.4951966789626556e-13
6364.5 2.8757764348421645e-13
6364.8 5.483409911547051e-13
6365.1 1.0353867802798751e-12
6365.4 1.9463048356350343e-12
6365.7 3.63014044127782e-12
6366.0 6.727829138896801e-12
6366.3 1.2363710395581272e-11
6366.6 2.257421063500773e-11
6366.9 4.0906826062896313e-11
6367.2 7.360211475388962e-11
6367.5 1.3147147017418924e-10
6367.8 2.3314748635891674e-10
6368.1 4.1048825569457537e-10
6368.4 7.175131287582861e-10
6368.7 1.2451556933350755e-9
6369.0 2.145284527726826e-9
6369.3 3.6695507347065726e-9
6369.6 6.231744841545865e-9
6369.9 1.0506947998890545e-8
6370.2 1.7587970231413248e-8
6370.5 2.9230039285256543e-8
6370.8 4.823039973206762e-8
6371.1 7.901228722759246e-8
6371.4 1.285159889742443e-7
6371.7 2.0754781169843658e-7
6372.0 3.328068475311933e-7
6372.3 5.299098445382566e-7
6372.6 8.378814206415494e-7
6372.9 1.3157973723295845e-6
6373.2 2.052616930607237e-6
6373.5 3.1818137789523454e-6
6373.8 4.903434564357053e-6
6374.1 7.518099906575517e-6
6374.4 1.1481079672609307e-5
6374.7 1.7491611627184404e-5
6375.0 2.6646085025566708e-5
6375.3 4.070886035402598e-5
6375.6 6.259964986263399e-5
6375.9 9.727335695444613e-5
6376.2 0.0001532916549450048
6376.5 0.0002455688583371418
6376.8 0.0004000219668191538
6377.1 0.0006611459296533648
6377.4 0.0011038098004770988
6377.7 0.0018507080914730674
6378.0 0.003096733015953542
6378.3 0.005140868299752856
6378.6 0.008424939818184408
6378.9 0.013576795189815388
6379.2 0.0214537537229532
6379.5 0.03318136258153172
6379.8 0.05018400760117697
6380.1 0.07420882625762852
6380.4 0.10735299675379287
6380.7 0.15211543971102517
6381.0 0.21150354209702565
6381.3 0.2892281107365147
6381.6 0.3900103873231099
6381.9 0.5199998132193427
6382.2 0.6872658685399373
6382.5 0.9022909396553003
6382.8 1.178371140950554
6383.1 1.5318461987115597
6383.4 1.982130399456971
6383.7 2.551591257067165
6384.0 3.2653855002087853
6384.3 4.151358476454932
6384.6 5.240003260495801
6384.9 6.5642520740802865
6385.2 8.158588669590614
6385.5 10.056750080010545
6385.8 12.287284555276756
6386.1 14.86658856730537
6386.4 17.78979480598491
6386.7 21.020895048329294
6387.0 24.4844772684919
6387.3 28.06201560360205
6387.6 31.595437464326096
6387.9 34.8994863426924
6388.2 37.782404689554824
6388.5 40.07208323062514
6388.8 41.64282091421774
6389.1 42.43688596863649
6389.4 42.475576333243225
6389.7 41.85653500824992
6390.0 40.737097904966504
6390.3 39.30671577362409
6390.6 37.75406724802906
6390.9 36.235692557018865
6391.2 34.852487924408706
6391.5 33.638479808357715
6391.8 32.56340605859333
6392.1 31.547580779823832
6392.4 30.485028026295574
6392.7 29.26946879327162
6393.0 27.817654009607157
6393.3 26.085670239797153
6393.6 24.07581728886823
6393.9 21.83390159971596
6394.2 19.43881988267812
6394.5 16.98760918948101
6394.8 14.57955723662245
6395.1 12.30252876724034
6395.4 10.223586913572625
6395.7 8.384697783867566
6396.0 6.803105764659277
6396.3 5.4751604710819315
6396.6 4.3820208008017385
6396.9 3.4957604264947726
6397.2 2.784767463484033
6397.5 2.2178236246098333
6397.8 1.766693695048731
6398.1 1.4073880199173778
6398.4 1.1204289649312997
6398.7 0.8904910093115865
6399.0 0.7057370138378558
6399.3 0.5570806270846151
6399.6 0.4375134887470267
6399.9 0.3415577152756433
6400.2 0.2648548035194299
6400.5 0.20387397126406548
6400.8 0.155712622945645
6401.1 0.11796172412665001
6401.4 0.08861374984880821
6401.7 0.06599703680532959
6402.0 0.04872587331677242
6402.3 0.035659851807335254
6402.6 0.025868963530965544
6402.9 0.018602602265073043
6403.2 0.01326170233908156
6403.5 0.009373696065995557
6403.8 0.006570264876363096
6404.1 0.004567813221374383
6404.4 0.00315063419227632
6404.7 0.0021566476049188097
6405.0 0.001465527790146137
6405.3 0.0009890018896697916
6405.6 0.0006630591055311597
6405.9 0.0004418031230096419
6406.2 0.0002926828839486086
6406.5 0.00019285229628888462
6406.8 0.0001264355618301489
6407.1 8.250391512017112e-5
6407.4 5.360012178371801e-5
6407.7 3.467725433710462e-5
6408.0 2.2345332885145285e-5
6408.3 1.4342974229643285e-5
6408.6 9.171075238008593e-6
6408.9 5.841444973127378e-6
6409.2 3.7059882940492938e-6
6409.5 2.3416067357385116e-6
6409.8 1.4732417517785623e-6
6410.1 9.227721405345202e-7
6410.4 5.75275880006047e-7
6410.7 3.568739565800468e-7
6411.0 2.202444629820222e-7
6411.3 1.3518948620669824e-7
6411.6 8.251431607212533e-8
6411.9 5.006926213679481e-8
6412.2 3.019833206695223e-8
6412.5 1.8100352941306076e-8
6412.8 1.0779898451399672e-8
6413.1 6.378302299687876e-9
6413.4 3.748912315998387e-9
6413.7 2.1886172405644055e-9
6414.0 1.2689986444471002e-9
6414.3 7.307114492476063e-10
6414.6 4.178226888822481e-10
6414.9 2.3724320403172017e-10
6415.2 1.3374981750933178e-10
6415.5 7.487684028307986e-11
6415.8 4.161560934520651e-11
6416.1 2.2967424237284447e-11
6416.4 1.2582453733640093e-11
6416.7 6.8449101973037756e-12
6417.0 3.695816364382274e-12
6417.3 1.981840039300131e-12
6417.6 1.0560868585890448e-12
6417.9 5.558352172627123e-13
6418.2 2.9133431236026686e-13
6418.5 1.5333384789737586e-13
6418.8 8.050026980730915e-14
6419.1 3.8333461974343966e-14
6419.4 2.1083403916482592e-14
6419.7 9.583365493585991e-15
6420.0 7.666692564275383e-15
6420.3 0.0
6420.6 3.833346282137691e-15
6420.9 0.0
6421.2 0.0
6421.5 0.0
6421.8 0.0
6422.1 0.0
6422.4 0.0
6422.7 0.0
6423.0 0.0
6423.3 0.0
6423.6 0.0
6423.9 0.0
6424.2 0.0
6424.5 0.0
6424.8 0.0
6425.1 0.0
6425.4 0.0
6425.7 0.0
6426.0 8.657183881916118e-16
6426.3 8.657183881916118e-16
6426.6 1.7314367763832236e-15
6426.9 2.597155058695717e-15
6427.2 6.060028611462164e-15
6427.5 1.1254338728853598e-14
6427.8 2.2508677457707196e-14
6428.1 4.328591792727293e-14
6428.4 8.310896187826294e-14
6428.7 1.5842646747428468e-13
6429.0 3.0040425984430297e-13
6429.3 5.635826549367506e-13
6429.6 1.0527135803697907e-12
6429.9 1.9478663473848634e-12
6430.2 3.5832083827846972e-12
6430.5 6.542233768613848e-12
6430.8 1.1862072955837188e-11
6431.1 2.1351212464715275e-11
6431.4 3.816273439137796e-11
6431.7 6.772296565823903e-11
6432.0 1.1932452155377423e-10
6432.3 2.0876496486077858e-10
6432.6 3.6264846643908237e-10
6432.9 6.255178962419252e-10
6433.2 1.0713406627224815e-9
6433.5 1.822089518111955e-9
6433.8 3.07747428755778e-9
6434.1 5.162336709149673e-9
6434.4 8.601802816907145e-9
6434.7 1.4240288011280189e-8
6435.0 2.342984477265997e-8
6435.3 3.83293305983301e-8
6435.6 6.23828887436062e-8
6435.9 1.0109342689391506e-7
6436.2 1.6329073459927662e-7
6436.5 2.632447173342468e-7
6436.8 4.242461932272245e-7
6437.1 6.847663304722107e-7
6437.4 1.1091723731623433e-6
6437.7 1.8064953962621294e-6
6438.0 2.9633380162424068e-6
6438.3 4.901348984016544e-6
6438.6 8.176735478715812e-6
6438.9 1.3750386578689916e-5
6439.2 2.3274101101847476e-5
6439.5 3.956320423765696e-5
6439.8 6.736078767986237e-5
6440.1 0.00011454564449214129
6440.4 0.00019399554574087746
6440.7 0.0003263889083080292
6441.0 0.0005443067505128919
6441.3 0.0008980766409867453
6441.6 0.0014638739808275696
6441.9 0.002354654564180133
6442.2 0.003734542192099061
6442.5 0.005837348107914371
6442.8 0.008990007691202095
6443.1 0.01364189654900501
6443.4 0.02040133636026661
6443.7 0.030080938477103008
6444.0 0.043753705027784556
6444.3 0.06282128194774303
6444.6 0.08909386043970555
6444.9 0.12487686242712746
6445.2 0.17305213340037845
6445.5 0.2371316309108926
6445.8 0.32125157601247034
6446.1 0.43007012131426825
6446.4 0.5685394353668194
6446.7 0.7415498602755757
6447.0 0.9534951049835061
6447.3 1.2078760473256134
6447.6 1.5071302669104152
6447.9 1.852911773064222
6448.2 2.2470147419576136
6448.5 2.6930002789118213
6448.8 3.1983452539847357
6449.1 3.776621223611148
6449.4 4.448913306730697
6449.7 5.243531282353082
6450.0 6.193167974049641
6450.3 7.329102072900032
6450.6 8.672802476708766
6450.9 10.22622122654447
6451.2 11.962897683938541
6451.5 13.82243047135925
6451.8 15.710654734823223
6452.1 17.50687949758918
6452.4 19.0779785110928
6452.7 20.297304679231235
6453.0 21.064913676081623
6453.3 21.324830422314236
6453.6 21.075456479751352
6453.9 20.370606261335013
6454.2 19.310747655909836
6454.5 18.02623129127005
6454.8 16.656033549530093
6455.1 15.32635222904355
6455.4 14.13316536988168
6455.7 13.131711044148688
6456.0 12.334176382166333
6456.3 11.715122912908555
6456.6 11.222741024979769
6456.9 10.79314860334307
6457.2 10.36474609913239
6457.5 9.890005049378033
6457.8 9.342891442443033
6458.1 8.721147763505996
6458.4 8.04370228564099
6458.7 7.344332889973977
6459.0 6.663246994944309
6459.3 6.038421352727061
6459.6 5.498342258620665
6459.9 5.057336145291126
6460.2 4.714050767643334
6460.5 4.453008067605643
6460.8 4.248597717567261
6461.1 4.070503328765362
6461.4 3.889401090282625
6461.7 3.6818468934480526
6462.0 3.4335396102057674
6462.3 3.1405540895079884
6462.6 2.808580383529118
6462.9 2.4505956950691044
6463.2 2.0836470845745527
6463.5 1.725497197376991
6463.8 1.3917811915444194
6464.1 1.0940981175958848
6464.4 0.8391816984079135
6464.7 0.6290435129969787
6465.0 0.46181505772824916
6465.3 0.33294717008096336
6465.6 0.2364537000333002
6465.9 0.16597347754146505
6466.2 0.11553302137991478
6466.5 0.07999021891342173
6466.8 0.05520586310809385
6467.1 0.03802231890598953
6467.4 0.026131721778096605
6467.7 0.01790109037302411
6468.0 0.012199675815118246
6468.3 0.008252608830163351
6468.6 0.0055287838783886515
6468.9 0.003661113683843333
6469.2 0.0023927604967082625
6469.5 0.0015420282245002706
6469.8 0.000979625750225738
6470.1 0.0006136722343710164
6470.4 0.000379418776227416
6470.7 0.00023188011716610015
6471.0 0.00014036986615893098
6471.3 8.438670376496917e-5
6471.6 5.0530867125456575e-5
6471.9 3.023409725061934e-5
6472.2 1.813128514300379e-5
6472.5 1.0926910477546689e-5
6472.8 6.630112842157712e-6
6473.1 4.054078721454229e-6
6473.4 2.4978011772053457e-6
6473.7 1.5490893755158336e-6
6474.0 9.654592807260216e-7
6474.3 6.035025669484969e-7
6474.6 3.776106685432425e-7
6474.9 2.3606449467375394e-7
6475.2 1.4721631270650508e-7
6475.5 9.14679365194891e-8
6475.8 5.656450699758883e-8
6476.1 3.4790790982501537e-8
6476.4 2.127161620774803e-8
6476.7 1.2923813627706683e-8
6477.0 7.800506535118239e-9
6477.3 4.676491961958049e-9
6477.6 2.784399487248978e-9
6477.9 1.6463495705813075e-9
6478.2 9.6664720919374e-10
6478.5 5.635794835115649e-10
6478.8 3.262659394820481e-10
6479.1 1.875467023134993e-10
6479.4 1.0704538509632309e-10
6479.7 6.066391834595948e-11
6480.0 3.4135723105567314e-11
6480.3 1.907279812118009e-11
6480.6 1.0580149398768967e-11
6480.9 5.8276093885510615e-12
6481.2 3.1868623580660423e-12
6481.5 1.7315897152228117e-12
6481.8 9.32378631766928e-13
6482.1 4.99519479599253e-13
6482.4 2.6577554718652807e-13
6482.7 1.3938065382846504e-13
6483.0 7.445177693755564e-14
6483.3 3.809160696284855e-14
6483.6 1.9045803481424275e-14
6483.9 1.0388620234782868e-14
6484.2 5.194310117391434e-15
6484.5 2.597155058695717e-15
6484.8 8.657183881916118e-16
6485.1 1.7314367763832236e-15
6485.4 0.0
6485.7 0.0
6486.0 0.0
6486.3 0.0
6486.6 0.0
6486.9 0.0
6487.2 0.0
6487.5 0.0
6487.8 0.0
6488.1 0.0
6488.4 0.0
6488.7 0.0
6489.0 0.0
6489.3 0.0
6489.6 0.0
6489.9 0.0
6490.2 0.0
6490.5 0.0
6490.8 0.0
6491.1 0.0
6491.4 0.0
6491.7 0.0
6492.0 0.0
6492.3 0.0
6492.6 0.0
6492.9 0.0
6493.2 0.0
6493.5 0.0
6493.8 0.0
6494.1 0.0
6494.4 0.0
6494.7 0.0
6495.0 0.0
6495.3 0.0
6495.6 0.0
6495.9 0.0
6496.2 0.0
6496.5 0.0
6496.8 0.0
6497.1 0.0
6497.4 0.0
6497.7 0.0
6498.0 0.0
6498.3 0.0
6498.6 0.0
6498.9 0.0
6499.2 0.0
6499.5 0.0
6499.8 0.0
6500.1 0.0
6500.4 0.0
6500.7 0.0
6501.0 0.0
6501.3 0.0
6501.6 0.0
6501.9 0.0
6502.2 0.0
6502.5 0.0
6502.8 0.0
6503.1 0.0
6503.4 0.0
6503.7 0.0
6504.0 0.0
6504.3 0.0
6504.6 0.0
6504.9 0.0
6505.2 0.0
6505.5 0.0
6505.8 0.0
6506.1 0.0
6506.4 0.0
6506.7 0.0
6507.0 0.0
6507.3 0.0
6507.6 0.0
6507.9 0.0
6508.2 0.0
6508.5 0.0
6508.8 0.0
6509.1 0.0
6509.4 0.0
6509.7 0.0
6510.0 0.0
6510.3 0.0
6510.6 0.0
6510.9 0.0
6511.2 0.0
6511.5 0.0
6511.8 0.0
6512.1 0.0
6512.4 0.0
6512.7 0.0
6513.0 0.0
6513.3 0.0
6513.6 0.0
6513.9 0.0
6514.2 0.0
6514.5 0.0
6514.8 0.0
6515.1 0.0
6515.4 0.0
6515.7 0.0
6516.0 0.0
6516.3 0.0
6516.6 0.0
6516.9 0.0
6517.2 0.0
6517.5 0.0
6517.8 0.0
6518.1 0.0
6518.4 0.0
6518.7 0.0
6519.0 0.0
6519.3 0.0
6519.6 0.0
6519.9 0.0
6520.2 0.0
6520.5 0.0
6520.8 0.0
6521.1 0.0
6521.4 0.0
6521.7 0.0
6522.0 0.0
6522.3 0.0
6522.6 0.0
6522.9 0.0
6523.2 0.0
6523.5 0.0
6523.8 0.0
6524.1 0.0
6524.4 0.0
6524.7 0.0
6525.0 0.0
6525.3 0.0
6525.6 0.0
6525.9 0.0
6526.2 0.0
6526.5 0.0
6526.8 0.0
6527.1 0.0
6527.4 0.0
6527.7 0.0
6528.0 0.0
6528.3 0.0
6528.6 0.0
6528.9 0.0
6529.2 0.0
6529.5 0.0
6529.8 0.0
6530.1 0.0
6530.4 0.0
6530.7 0.0
6531.0 0.0
6531.3 0.0
6531.6 0.0
6531.9 0.0
6532.2 0.0
6532.5 0.0
6532.8 0.0
6533.1 0.0
6533.4 0.0
6533.7 0.0
6534.0 0.0
6534.3 0.0
6534.6 0.0
6534.9 0.0
6535.2 0.0
6535.5 0.0
6535.8 0.0
6536.1 0.0
6536.4 0.0
6536.7 0.0
6537.0 0.0
6537.3 0.0
6537.6 0.0
6537.9 0.0
6538.2 0.0
6538.5 0.0
6538.8 0.0
6539.1 0.0
6539.4 0.0
6539.7 0.0
6540.0 0.0
6540.3 0.0
6540.6 0.0
6540.9 0.0
6541.2 0.0
6541.5 0.0
6541.8 0.0
6542.1 0.0
6542.4 0.0
6542.7 0.0
6543.0 0.0
6543.3 0.0
6543.6 0.0
6543.9 0.0
6544.2 0.0
6544.5 0.0
6544.8 0.0
6545.1 0.0
6545.4 0.0
6545.7 0.0
6546.0 0.0
6546.3 0.0
6546.6 0.0
6546.9 0.0
6547.2 0.0
6547.5 0.0
6547.8 0.0
6548.1 0.0
6548.4 0.0
6548.7 0.0
6549.0 0.0
6549.3 0.0
6549.6 0.0
6549.9 0.0
6550.2 0.0
6550.5 0.0
6550.8 0.0
6551.1 0.0
6551.4 0.0
6551.7 0.0
6552.0 0.0
6552.3 0.0
6552.6 0.0
6552.9 0.0
6553.2 0.0
6553.5 0.0
6553.8 0.0
6554.1 0.0
6554.4 0.0
6554.7 0.0
6555.0 0.0
6555.3 0.0
6555.6 0.0
6555.9 0.0
6556.2 0.0
6556.5 0.0
6556.8 0.0
6557.1 0.0
6557.4 0.0
6557.7 0.0
6558.0 0.0
6558.3 0.0
6558.6 0.0
6558.9 0.0
6559.2 0.0
6559.5 0.0
6559.8 0.0
6560.1 0.0
6560.4 0.0
6560.7 0.0
6561.0 0.0
6561.3 0.0
6561.6 0.0
6561.9 0.0
6562.2 0.0
6562.5 0.0
6562.8 0.0
6563.1 0.0
6563.4 0.0
6563.7 0.0
6564.0 0.0
6564.3 0.0
6564.6 0.0
6564.9 0.0
6565.2 0.0
6565.5 0.0
6565.8 0.0
6566.1 0.0
6566.4 0.0
6566.7 0.0
6567.0 0.0
6567.3 0.0
6567.6 0.0
6567.9 0.0
6568.2 0.0
6568.5 0.0
6568.8 0.0
6569.1 0.0
6569.4 0.0
6569.7 0.0
6570.0 0.0
6570.3 0.0
6570.6 0.0
6570.9 0.0
6571.2 0.0
6571.5 0.0
6571.8 0.0
6572.1 0.0
6572.4 0.0
6572.7 0.0
6573.0 0.0
6573.3 0.0
6573.6 0.0
6573.9 0.0
6574.2 0.0
6574.5 0.0
6574.8 0.0
6575.1 0.0
6575.4 0.0
6575.7 0.0
6576.0 0.0
6576.3 0.0
6576.6 0.0
6576.9 0.0
6577.2 0.0
6577.5 0.0
6577.8 0.0
6578.1 0.0
6578.4 0.0
6578.7 0.0
6579.0 0.0
6579.3 0.0
6579.6 0.0
6579.9 0.0
6580.2 0.0
6580.5 0.0
6580.8 0.0
6581.1 0.0
6581.4 0.0
6581.7 0.0
6582.0 0.0
6582.3 0.0
6582.6 0.0
6582.9 0.0
6583.2 0.0
6583.5 0.0
6583.8 0.0
6584.1 0.0
6584.4 0.0
6584.7 0.0
6585.0 0.0
6585.3 0.0
6585.6 0.0
6585.9 0.0
6586.2 0.0
6586.5 0.0
6586.8 0.0
6587.1 0.0
6587.4 0.0
6587.7 0.0
6588.0 0.0
6588.3 0.0
6588.6 0.0
6588.9 0.0
6589.2 0.0
6589.5 0.0
6589.8 0.0
6590.1 0.0
6590.4 0.0
6590.7 0.0
6591.0 0.0
6591.3 0.0
6591.6 0.0
6591.9 0.0
6592.2 0.0
6592.5 0.0
6592.8 0.0
6593.1 0.0
6593.4 0.0
6593.7 0.0
6594.0 0.0
6594.3 0.0
6594.6 0.0
6594.9 0.0
6595.2 0.0
6595.5 0.0
6595.8 0.0
6596.1 0.0
6596.4 0.0
6596.7 0.0
6597.0 0.0
6597.3 0.0
6597.6 0.0
6597.9 0.0
6598.2 0.0
6598.5 0.0
6598.8 0.0
6599.1 0.0
6599.4 0.0
6599.7 0.0
6600.0 0.0
6600.3 0.0
6600.6 0.0
6600.9 0.0
6601.2 0.0
6601.5 0.0
6601.8 0.0
6602.1 0.0
6602.4 0.0
6602.7 0.0
6603.0 0.0
6603.3 0.0
6603.6 0.0
6603.9 0.0
6604.2 0.0
6604.5 0.0
6604.8 0.0
6605.1 0.0
6605.4 0.0
6605.7 0.0
6606.0 0.0
6606.3 0.0
6606.6 0.0
6606.9 0.0
6607.2 0.0
6607.5 0.0
6607.8 0.0
6608.1 0.0
6608.4 0.0
6608.7 0.0
6609.0 0.0
6609.3 0.0
6609.6 0.0
6609.9 0.0
6610.2 0.0
6610.5 0.0
6610.8 0.0
6611.1 0.0
6611.4 0.0
6611.7 0.0
6612.0 0.0
6612.3 2.5967580120016915e-15
6612.6 2.5967580120016915e-15
6612.9 2.5967580120016915e-15
6613.2 7.790274671279785e-15
6613.5 1.558054934255957e-14
6613.8 3.116109868511914e-14
6614.1 5.712867922865253e-14
6614.4 1.1002724510789363e-13
6614.7 2.1226421300340863e-13
6615.0 3.9500068488256934e-13
6615.3 7.451865433920281e-13
6615.6 1.3832359872312586e-12
6615.9 2.549307780256053e-12
6616.2 4.6846846131595905e-12
6616.5 8.536690316229487e-12
6616.8 1.547390476386648e-11
6617.1 2.7859261718301415e-11
6617.4 4.984349077138267e-11
6617.7 8.862010452727331e-11
6618.0 1.5658795150179887e-10
6618.3 2.749842020289143e-10
6618.6 4.799676540696314e-10
6618.9 8.327027816981288e-10
6619.2 1.4360308114212106e-9
6619.5 2.4618213063397075e-9
6619.8 4.195557196547829e-9
6620.1 7.108576772818552e-9
6620.4 1.1974360480493211e-8
6620.7 2.0054618841932837e-8
6621.0 3.3394979305029924e-8
6621.3 5.529203550339415e-8
6621.6 9.102621838395168e-8
6621.9 1.490043066291333e-7
6622.2 2.425296773525763e-7
6622.5 3.925286266966195e-7
6622.8 6.317254962638332e-7
6623.1 1.011006179672865e-6
6623.4 1.6090795869654679e-6
6623.7 2.547111747180547e-6
6624.0 4.010884274042125e-6
6624.3 6.284411429742939e-6
6624.6 9.801193944909486e-6
6624.9 1.5222976644866002e-5
6625.2 2.3562109368616566e-5
6625.5 3.637422510889392e-5
6625.8 5.606626616479395e-5
6626.1 8.639677572645984e-5
6626.4 0.00013330105388105966
6626.7 0.0002062714725740584
6627.0 0.0003206958679541059
6627.3 0.0005018630815944057
6627.6 0.0007918934434580154
6627.9 0.001261839689432829
6628.2 0.0020329928015114483
6628.5 0.0033146470696165478
6628.8 0.0054713070211872585
6629.1 0.009142239313709225
6629.4 0.015452815595679854
6629.7 0.02638322316393818
6630.0 0.04539856795350712
6630.3 0.07849565225263828
6630.6 0.1358806050003474
6630.9 0.23454231122631636
6631.2 0.4019977058901982
6631.5 0.6814067796097303
6631.8 1.1380246802824867
6632.1 1.8665168106973533
6632.4 2.997989909453917
6632.7 4.70474867171255
6633.0 7.1999614958741445
6633.3 10.728934893436112
6633.6 15.548971355657036
6633.9 21.896210882289463
6634.2 29.94059093394061
6634.5 39.733849745915016
6634.8 51.15953067776705
6635.1 63.89696382223791
6635.4 77.41177751749991
6635.7 90.98252314285536
6636.0 103.76646198758309
6636.3 114.89842567300715
6636.6 123.60733520988292
6636.9 129.3283110946113
6637.2 131.78670845230437
6637.5 131.03520070695143
6637.8 127.43505773610939
6638.1 121.58587394311844
6638.4 114.21990325912292
6638.7 106.08494392086452
6639.0 97.84085476125442
6639.3 89.98949362715955
6639.6 82.84784918786715
6639.9 76.5626534725526
6640.2 71.15509825482118
6640.5 66.57866698892278
6640.8 62.7726899243432
6641.1 59.698217286752765
6641.4 57.349628203063205
6641.7 55.74283595660687
6642.0 54.88713708646165
6642.3 54.7513894945466
6642.6 55.23579880325593
6642.9 56.15843611538429
6643.2 57.26146350633576
6643.5 58.23699525324264
6643.8 58.767792004277
6644.1 58.574546941559674
6644.4 57.460228724179615
6644.7 55.34298932972524
6645.0 52.272370999507984
6645.3 48.42808737564519
6645.6 44.1054694718905
6645.9 39.69550795514215
6646.2 35.66923075808654
6646.5 32.575348743155814
6646.8 31.056538750004506
6647.1 31.883699619494507
6647.4 35.99988232208793
6647.7 44.5575900309714
6648.0 58.92656133390802
6648.3 80.64633006603073
6648.6 111.3013032330113
6648.9 152.30773784039846
6649.2 204.6222686931354
6649.5 268.4078605631302
6649.8 342.7195347076339
6650.1 425.29018042856643
6650.4 512.4973684502718
6650.7 599.5690096042117
6651.0 681.039642798966
6651.3 751.4084260812164
6651.6 805.8906172923992
6651.9 841.1152231957906
6652.2 855.6174617439488
6652.5 850.0124356716443
6652.8 826.8063232473486
6653.1 789.8876447624896
6653.4 743.8158782909021
6653.7 693.0690941362229
6654.0 641.4111360797712
6654.3 591.497522395936
6654.6 544.7694362273124
6654.9 501.6105675001282
6655.2 461.6824388639207
6655.5 424.3249738081201
6655.8 388.9137944523403
6656.1 355.0973351014865
6656.4 322.8824205074961
6656.7 292.5818307866942
6657.0 264.6691170615609
6657.3 239.60024115078468
6657.6 217.65720417211222
6657.9 198.8521017328461
6658.2 182.90720515062677
6658.5 169.30512695846784
6658.8 157.38747954037927
6659.1 146.47308519359578
6659.4 135.967405123158
6659.7 125.44177992579706
6660.0 114.67123450273237
6660.3 103.63030561418847
6660.6 92.45510123292546
6660.9 81.38516063298967
6661.2 70.6999829047595
6661.5 60.6630667006044
6661.8 51.48186251695035
6662.1 43.28692582466597
6662.4 36.12892797323084
6662.7 29.989055755252714
6663.0 24.79706057187603
6663.3 20.451468282049547
6663.6 16.837852655425205
6663.9 13.842815942659731
6664.2 11.362998000164241
6664.5 9.309609036413853
6664.8 7.6096502818289515
6665.1 6.205183660696127
6665.4 5.051903147038252
6665.7 4.118042017252447
6666.0 3.3844583505759607
6666.3 2.8466342574638244
6666.6 2.519329713479941
6666.9 2.4446639930809746
6667.2 2.704321526605895
6667.5 3.436215552450706
6667.8 4.855053620424538
6668.1 7.2746929646878415
6668.4 11.1279201073165
6668.7 16.976669575931375
6669.0 25.50339941498931
6669.3 37.473499221036256
6669.6 53.66051269161107
6669.9 74.73163766247215
6670.2 101.10056134042101
6670.5 132.76685913657207
6670.8 169.1729894645487
6671.1 209.11702735208937
6671.4 250.75782457397253
6671.7 291.73638326774073
6672.0 329.4140757188217
6672.3 361.19934667156946
6672.6 384.907788514358
6672.9 399.0843920516324
6673.2 403.2185038013147
6673.5 397.8020253492481
6673.8 384.21669457547563
6674.1 364.4760152549608
6674.4 340.8809550596355
6674.7 315.66617858042105
6675.0 290.7103458926692
6675.3 267.3623610778695
6675.6 246.40242887674728
6675.9 228.1222666577912
6676.2 212.4826683009386
6676.5 199.294308889553
6676.8 188.3709603164789
6677.1 179.61966459557914
6677.4 173.05446105762417
6677.7 168.74234545191348
6678.0 166.70699185136436
6678.3 166.82425635883283
6678.6 168.74296719496124
6678.9 171.85596224268556
6679.2 175.33280763357016
6679.5 178.21024109149812
6679.8 179.5224751655719
6680.1 178.44425308065797
6680.4 174.41671647944526
6680.7 167.23020893695676
6681.0 157.04811896970142
6681.3 144.3690004963308
6681.6 129.93739509686165
6681.9 114.62355457899895
6682.2 99.2967287966353
6682.5 84.71507308085711
6682.8 71.44886105387081
6683.1 59.844565544926354
6683.4 50.02838208034238
6683.7 41.940673137502614
6684.0 35.38907498263325
6684.3 30.107455534394123
6684.6 25.81001949648576
6684.9 22.23335459841907
6685.2 19.163109198382784
6685.5 16.44539015137366
6685.8 13.985425313751064
6686.1 11.737419807868065
6686.4 9.689867284775941
6686.7 7.850141812953581
6687.0 6.231218015208347
6687.3 4.8421635716149005
6687.6 3.6828914095933034
6687.9 2.742721835268077
6688.2 2.001745726924134
6688.5 1.4337714666591868
6688.8 1.0097454349269572
6689.1 0.7008276297492481
6689.4 0.48066218597087973
6689.7 0.3267077549668676
6690.0 0.2207232505295239
6690.3 0.1486273910268109
6690.6 0.09997987706644007
6690.9 0.0672992912761725
6691.2 0.045372159739560325
6691.5 0.03064306762033296
6691.8 0.020723685336821673
6692.1 0.014023505177746491
6692.4 0.009486202492046562
6692.7 0.006408732992676707
6693.0 0.004320680915438163
6693.3 0.002905177785483462
6693.6 0.0019474300436126634
6693.9 0.001301145607910112
6694.2 0.0008664264024152704
6694.5 0.0005750255155957668
6694.8 0.00038038446256072453
6695.1 0.00025082795474453833
6695.4 0.00016488399892436038
6695.7 0.00010805588987081014
6696.0 7.059670568275108e-5
6696.3 4.59794479269271e-5
6696.6 2.9849846751535237e-5
6696.9 1.9313260719879984e-5
6697.2 1.2451553376144272e-5
6697.5 7.997464255920562e-6
6697.8 5.11610357076893e-6
6698.1 3.2589438164027624e-6
6698.4 2.0665968062120465e-6
6698.7 1.3042727965558704e-6
6699.0 8.190518002469933e-7
6699.3 5.116664255704309e-7
6699.6 3.1791039381087974e-7
6699.9 1.9641859052782204e-7
6700.2 1.2065528110430264e-7
6700.5 7.367675348971367e-8
6700.8 4.471747810540314e-8
6701.1 2.6973489146479088e-8
6701.4 1.6168377623050232e-8
6701.7 9.630077219490406e-9
6702.0 5.6989646650342125e-9
6702.3 3.3507097410619965e-9
6702.6 1.9572034350742555e-9
6702.9 1.1357121378684081e-9
6703.2 6.546872640365853e-10
6703.5 3.7487763875120386e-10
6703.8 2.132290180062663e-10
6704.1 1.2048910027801125e-10
6704.4 6.762967737097923e-11
6704.7 3.769356124767192e-11
6705.0 2.087942088985933e-11
6705.3 1.1480879615055617e-11
6705.6 6.267378543228785e-12
6705.9 3.409134736662156e-12
6706.2 1.836301943836105e-12
6706.5 9.7403844972338e-13
6706.8 5.269388441211942e-13
6707.1 2.714533513335088e-13
6707.4 1.4371059138713893e-13
6707.7 7.983921819021758e-14
6708.0 3.991960909510879e-14
6708.3 2.3951765795878453e-14
6708.6 0.0
6708.9 1.5967843299230337e-14
6709.2 0.0
6709.5 0.0
6709.8 0.0
6710.1 0.0
6710.4 0.0
6710.7 0.0
6711.0 0.0
6711.3 0.0
6711.6 0.0
6711.9 0.0
6712.2 0.0
6712.5 0.0
6712.8 0.0
6713.1 0.0
6713.4 0.0
6713.7 0.0
6714.0 0.0
6714.3 0.0
6714.6 0.0
6714.9 0.0
6715.2 0.0
6715.5 0.0
6715.8 0.0
6716.1 0.0
6716.4 0.0
6716.7 0.0
6717.0 0.0
6717.3 0.0
6717.6 0.0
6717.9 0.0
6718.2 0.0
6718.5 0.0
6718.8 0.0
6719.1 0.0
6719.4 0.0
6719.7 0.0
6720.0 0.0
6720.3 0.0
6720.6 0.0
6720.9 0.0
6721.2 0.0
6721.5 0.0
6721.8 0.0
6722.1 0.0
6722.4 0.0
6722.7 0.0
6723.0 0.0
6723.3 0.0
6723.6 0.0
6723.9 0.0
6724.2 0.0
6724.5 0.0
6724.8 0.0
6725.1 0.0
6725.4 0.0
6725.7 0.0
6726.0 0.0
6726.3 0.0
6726.6 0.0
6726.9 0.0
6727.2 0.0
6727.5 0.0
6727.8 0.0
6728.1 0.0
6728.4 0.0
6728.7 0.0
6729.0 0.0
6729.3 0.0
6729.6 0.0
6729.9 0.0
6730.2 0.0
6730.5 0.0
6730.8 0.0
6731.1 0.0
6731.4 0.0
6731.7 0.0
6732.0 0.0
6732.3 0.0
6732.6 0.0
6732.9 0.0
6733.2 0.0
6733.5 0.0
6733.8 0.0
6734.1 0.0
6734.4 0.0
6734.7 0.0
6735.0 0.0
6735.3 0.0
6735.6 0.0
6735.9 0.0
6736.2 0.0
6736.5 0.0
6736.8 0.0
6737.1 0.0
6737.4 0.0
6737.7 0.0
6738.0 0.0
6738.3 0.0
6738.6 0.0
6738.9 0.0
6739.2 0.0
6739.5 0.0
6739.8 0.0
6740.1 0.0
6740.4 0.0
6740.7 0.0
6741.0 0.0
6741.3 0.0
6741.6 0.0
6741.9 0.0
6742.2 0.0
6742.5 0.0
6742.8 0.0
6743.1 0.0
6743.4 0.0
6743.7 0.0
6744.0 0.0
6744.3 0.0
6744.6 0.0
6744.9 0.0
6745.2 0.0
6745.5 0.0
6745.8 0.0
6746.1 0.0
6746.4 0.0
6746.7 0.0
6747.0 0.0
6747.3 0.0
6747.6 0.0
6747.9 0.0
6748.2 0.0
6748.5 0.0
6748.8 0.0
6749.1 0.0
6749.4 0.0
6749.7 0.0
6750.0 0.0
6750.3 0.0
6750.6 0.0
6750.9 0.0
6751.2 0.0
6751.5 0.0
6751.8 0.0
6752.1 0.0
6752.4 0.0
6752.7 0.0
6753.0 0.0
6753.3 0.0
6753.6 0.0
6753.9 0.0
6754.2 0.0
6754.5 0.0
6754.8 0.0
6755.1 0.0
6755.4 0.0
6755.7 0.0
6756.0 0.0
6756.3 0.0
6756.6 0.0
6756.9 0.0
6757.2 0.0
6757.5 0.0
6757.8 0.0
6758.1 0.0
6758.4 0.0
6758.7 0.0
6759.0 0.0
6759.3 0.0
6759.6 0.0
6759.9 0.0
6760.2 0.0
6760.5 0.0
6760.8 0.0
6761.1 0.0
6761.4 0.0
6761.7 0.0
6762.0 0.0
6762.3 0.0
6762.6 0.0
6762.9 0.0
6763.2 0.0
6763.5 0.0
6763.8 0.0
6764.1 0.0
6764.4 0.0
6764.7 3.4659884105508565e-16
6765.0 3.4659884105508565e-16
6765.3 3.4659884105508565e-16
6765.6 3.4659884105508565e-16
6765.9 1.9137339896814324e-15
6766.2 2.260332777796959e-15
6766.5 2.0795931522096323e-15
6766.8 4.867264449588563e-15
6767.1 7.293456284034603e-15
6767.4 1.1120924051639231e-14
6767.7 1.6500647351844026e-14
6768.0 2.6235176039262915e-14
6768.3 4.0656230450655546e-14
6768.6 6.395275612249354e-14
6768.9 9.662233239524608e-14
6769.2 1.4806776613726473e-13
6769.5 2.2559740669525832e-13
6769.8 3.4450622964175143e-13
6770.1 5.21656367191356e-13
6770.4 7.908018586754578e-13
6770.7 1.1929751891209817e-12
6771.0 1.7967243361519114e-12
6771.3 2.6949185071012405e-12
6771.6 4.033709455862622e-12
6771.9 6.0183793712531575e-12
6772.2 8.953060515182187e-12
6772.5 1.3280594506059895e-11
6772.8 1.964168584722703e-11
6773.1 2.8966002339758656e-11
6773.4 4.2588042467595066e-11
6773.7 6.243523927029759e-11
6774.0 9.125948607913159e-11
6774.3 1.3299358836427189e-10
6774.6 1.9323974365104135e-10
6774.9 2.7993977969043016e-10
6775.2 4.0432572567805636e-10
6775.5 5.822324289361802e-10
6775.8 8.358993774937318e-10
6776.1 1.1964691459809274e-9
6776.4 1.7073995550731524e-9
6776.7 2.4291363365236407e-9
6777.0 3.445465468487896e-9
6777.3 4.872140246803269e-9
6777.6 6.8685384047029174e-9
6777.9 9.653353227889738e-9
6778.2 1.3525641051614912e-8
6778.5 1.8892967190708987e-8
6778.8 2.630884843313197e-8
6779.1 3.652243130147781e-8
6779.4 5.0544102236926847e-8
6779.7 6.973184696335011e-8
6780.0 9.590442573426117e-8
6780.3 1.3148914490557218e-7
6780.6 1.7971402144212334e-7
6780.9 2.4485665761631026e-7
6781.2 3.3256526421610033e-7
6781.5 4.502711306031415e-7
6781.8 6.077162169049188e-7
6782.1 8.176253061265015e-7
6782.4 1.0965589183342672e-6
6782.7 1.4659908134435552e-6
6783.0 1.9536626683420634e-6
6783.3 2.5952820839738447e-6
6783.6 3.4366379763650237e-6
6783.9 4.536228468938015e-6
6784.2 5.968506574848808e-6
6784.5 7.827874690355714e-6
6784.8 1.0233573875167312e-5
6785.1 1.3335642839644099e-5
6785.4 1.7322147962303604e-5
6785.7 2.2427903290285663e-5
6786.0 2.8944952092019305e-5
6786.3 3.723509033591501e-5
6786.6 4.7744745327675184e-5
6786.9 6.10225739801815e-5
6787.2 7.774019680656276e-5
6787.5 9.871638361649291e-5
6787.8 0.00012494526080561967
6788.1 0.0001576288501992144
6788.4 0.00019821455691990757
6788.7 0.0002484379524120302
6789.0 0.0003103712694644129
6789.3 0.0003864781568828543
6789.6 0.0004796749683912421
6789.9 0.0005933988199535497
6790.2 0.0007316825961079054
6790.5 0.0008992370346667933
6790.8 0.001101539614520607
6791.1 0.001344930351021856
6791.4 0.0016367126678453984
6791.7 0.001985260552774124
6792.0 0.0024001291776684064
6792.3 0.0028921682265729376
6792.6 0.00347363580833169
6792.9 0.004158312905297028
6793.2 0.004961612638203138
6793.5 0.005900684538662352
6793.8 0.006994513817775265
6794.1 0.008264007308690112
6794.4 0.009732076036321577
6794.7 0.01142370772282185
6795.0 0.013366049995933608
6795.3 0.015588519773807359
6795.6 0.018122981771828417
6795.9 0.021004101790365538
6796.2 0.0242699969106987
6796.5 0.027963485630448127
6796.8 0.03213437445132944
6797.1 0.03684352872708736
6797.4 0.04216992280185624
6797.7 0.04822244696199718
6798.0 0.05515919540655673
6798.3 0.06321809022251945
6798.6 0.07276432748631685
6798.9 0.08436214989475499
6799.2 0.09888134426297544
6799.5 0.1176529786240926
6799.8 0.1426953129876536
6800.1 0.17704129629666443
6800.4 0.225216282276057
6800.7 0.29394123649587145
6801.0 0.39317438721911524
6801.3 0.5376504551653203
6801.6 0.7491188666598461
6801.9 1.0594957675558314
6802.2 1.5150846824801314
6802.5 2.181832764413646
6802.8 3.151219058237412
6803.1 4.545800816533804
6803.4 6.522723309822852
6803.7 9.272801669779888
6804.0 13.012394541994784
6804.3 17.965578916431127
6804.6 24.33544217485885
6804.9 32.265753740120815
6805.2 41.79759903085262
6805.5 52.82901330529544
6805.8 65.08808708668704
6806.1 78.13016229110902
6806.4 91.36666264135464
6806.7 104.12687526402974
6807.0 115.74557452009083
6807.3 125.66112612424902
6807.6 133.50322468220608
6807.9 139.14900524927754
6808.2 142.73196202407087
6808.5 144.59885115596418
6808.8 145.22301016756762
6809.1 145.0941556508654
6809.4 144.61156171799448
6809.7 144.00681028934832
6810.0 143.31460242384563
6810.3 142.3971446887545
6810.6 141.01344071769392
6810.9 138.9133932925317
6811.2 135.93098068929754
6811.5 132.05216333282206
6811.8 127.44096214569763
6812.1 122.41834750066322
6812.4 117.40069035076392
6812.7 112.81360033555521
6813.0 109.00203511261803
6813.3 106.15701685837844
6813.6 104.27459655302167
6813.9 103.15479139757612
6814.2 102.43949488054277
6814.5 101.68036964273122
6814.8 100.42218656730172
6815.1 98.28477951650409
6815.4 95.02811976514161
6815.7 90.58932577965881
6816.0 85.08692606943893
6816.3 78.794580780417
6816.6 72.09249192039748
6816.9 65.40837319020443
6817.2 59.16057735824999
6817.5 53.713785873615926
6817.8 49.3533513065003
6818.1 46.27901930327024
6818.4 44.613825456320534
6818.7 44.42045048665218
6819.0 45.71612688105263
6819.3 48.478555850621426
6819.6 52.63888255913648
6819.9 58.06285264105586
6820.2 64.52642118499415
6820.5 71.69585415980413
6820.8 79.12337107627582
6821.1 86.26688737170946
6821.4 92.53669124779799
6821.7 97.3643458212955
6822.0 100.28181063858574
6822.3 100.99439627117317
6822.6 99.43094628339895
6822.9 95.75954778614687
6823.2 90.36534591857344
6823.5 83.79664932377636
6823.8 76.6934158753138
6824.1 69.7160459398292
6824.4 63.491124792955816
6824.7 58.584866130608134
6825.0 55.50624033523491
6825.3 54.732531404530164
6825.6 56.742832867079414
6825.9 62.041337248680065
6826.2 71.15317061988753
6826.5 84.58084984779998
6826.8 102.71848595740448
6827.1 125.732165655063
6827.4 153.4266008938721
6827.7 185.12740546721034
6828.0 219.6127300884109
6828.3 255.12465796573088
6828.6 289.479080240475
6828.9 320.2733657879289
6829.2 345.16820277113584
6829.5 362.1987654184486
6829.8 370.05761751759565
6830.1 368.29185644811514
6830.4 357.37170383859575
6830.7 338.61352743318776
6831.0 313.9715139170429
6831.3 285.7396837022766
6831.6 256.22311373673995
6831.9 227.44005404742745
6832.2 200.90497438632548
6832.5 177.5212451298977
6832.8 157.58687670722531
6833.1 140.89439674621516
6833.4 126.89092356978551
6833.7 114.85912222046375
6834.0 104.08313394202601
6834.3 93.97356667594866
6834.6 84.13863723275094
6834.9 74.4013603047088
6835.2 64.77277657607948
6835.5 55.39707651746201
6835.8 46.485985606322004
6836.1 38.257471882149765
6836.4 30.88915250436334
6836.7 24.49116339908086
6837.0 19.098171934117417
6837.3 14.676572841844028
6837.6 11.141124048255982
6837.9 8.375183249081665
6838.2 6.249881758476494
6838.5 4.63929184942106
6838.8 3.4304140425464893
6839.1 2.5281871878296656
6839.4 1.8565610538772397
6839.7 1.3569791275489287
6840.0 0.9855428729986289
6840.3 0.7098263444852246
6840.6 0.5059504110993165
6840.9 0.35620624015859753
6841.2 0.24728558138319898
6841.5 0.1690442325395453
6841.8 0.11367087658909511
6842.1 0.07513238029924871
6842.4 0.04879179523847542
6842.7 0.031127474655308164
6843.0 0.019510692628851873
6843.3 0.012020057799453287
6843.6 0.0072835610816960805
6843.9 0.004345296608938225
6844.2 0.0025557690938350273
6844.5 0.0014846031642961977
6844.8 0.0008535614085407945
6845.1 0.00048701376719765237
6845.4 0.0002766069553685419
6845.7 0.00015692034741729687
6846.0 8.923428467560711e-5
6846.3 5.103881443777209e-5
6846.6 2.94476296640283e-5
6846.9 1.7174392188643915e-5
6847.2 1.013509497304613e-5
6847.5 6.051120900985227e-6
6847.8 3.6511310126364283e-6
6848.1 2.222415593421715e-6
6848.4 1.3617503468357e-6
6848.7 8.380791589584869e-7
6849.0 5.170014630613275e-7
6849.3 3.191051603908855e-7
6849.6 1.9676917355687572e-7
6849.9 1.2106882390407943e-7
6850.2 7.425759219485758e-8
6850.5 4.536864233362795e-8
6850.8 2.7594522265738048e-8
6851.1 1.670112756511216e-8
6851.4 1.0054752541985513e-8
6851.7 6.019812741434253e-9
6852.0 3.5833450772768214e-9
6852.3 2.1203824616185347e-9
6852.6 1.2470940994057036e-9
6852.9 7.289953664295114e-10
6853.2 4.234455501964476e-10
6853.5 2.444434602313063e-10
6853.8 1.402135288551635e-10
6854.1 7.990179830012053e-11
6854.4 4.5247503152043744e-11
6854.7 2.547209614567104e-11
6855.0 1.4226738710709785e-11
6855.3 7.896066267201501e-12
6855.6 4.363107097837826e-12
6855.9 2.389177397588149e-12
6856.2 1.3059231430620488e-12
6856.5 7.041152600209544e-13
6856.8 3.791389674000917e-13
6857.1 1.9859660519826877e-13
6857.4 1.0832541732109374e-13
6857.7 6.018078965936216e-14
6858.0 2.4072315524931685e-14
6858.3 2.4072315524931685e-14
6858.6 0.0
6858.9 1.2036157762465843e-14
6859.2 0.0
6859.5 0.0
6859.8 0.0
6860.1 0.0
6860.4 0.0
6860.7 0.0
6861.0 0.0
6861.3 0.0
6861.6 0.0
6861.9 0.0
6862.2 0.0
6862.5 0.0
6862.8 0.0
6863.1 0.0
6863.4 0.0
6863.7 0.0
6864.0 0.0
6864.3 0.0
6864.6 0.0
6864.9 0.0
6865.2 0.0
6865.5 0.0
6865.8 0.0
6866.1 0.0
6866.4 0.0
6866.7 0.0
6867.0 0.0
6867.3 0.0
6867.6 0.0
6867.9 0.0
6868.2 0.0
6868.5 0.0
6868.8 0.0
6869.1 0.0
6869.4 0.0
6869.7 0.0
