4662.0 0.0
4662.3 0.0
4662.6 0.0
4662.9 0.0
4663.2 0.0
4663.5 0.0
4663.8 0.0
4664.1 0.0
4664.4 0.0
4664.7 0.0
4665.0 0.0
4665.3 0.0
4665.6 0.0
4665.9 0.0
4666.2 0.0
4666.5 0.0
4666.8 0.0
4667.1 0.0
4667.4 0.0
4667.7 0.0
4668.0 0.0
4668.3 0.0
4668.6 0.0
4668.9 0.0
4669.2 0.0
4669.5 0.0
4669.8 0.0
4670.1 0.0
4670.4 0.0
4670.7 0.0
4671.0 0.0
4671.3 0.0
4671.6 0.0
4671.9 0.0
4672.2 0.0
4672.5 0.0
4672.8 0.0
4673.1 0.0
4673.4 0.0
4673.7 0.0
4674.0 0.0
4674.3 0.0
4674.6 0.0
4674.9 0.0
4675.2 0.0
4675.5 0.0
4675.8 0.0
4676.1 0.0
4676.4 0.0
4676.7 0.0
4677.0 0.0
4677.3 0.0
4677.6 0.0
4677.9 0.0
4678.2 0.0
4678.5 0.0
4678.8 0.0
4679.1 0.0
4679.4 0.0
4679.7 0.0
4680.0 0.0
4680.3 0.0
4680.6 0.0
4680.9 0.0
4681.2 0.0
4681.5 0.0
4681.8 0.0
4682.1 0.0
4682.4 0.0
4682.7 0.0
4683.0 0.0
4683.3 0.0
4683.6 0.0
4683.9 0.0
4684.2 0.0
4684.5 0.0
4684.8 0.0
4685.1 0.0
4685.4 0.0
4685.7 0.0
4686.0 0.0
4686.3 0.0
4686.6 0.0
4686.9 0.0
4687.2 0.0
4687.5 0.0
4687.8 0.0
4688.1 0.0
4688.4 0.0
4688.7 0.0
4689.0 0.0
4689.3 0.0
4689.6 0.0
4689.9 0.0
4690.2 0.0
4690.5 0.0
4690.8 0.0
4691.1 0.0
4691.4 0.0
4691.7 0.0
4692.0 0.0
4692.3 0.0
4692.6 0.0
4692.9 0.0
4693.2 0.0
4693.5 0.0
4693.8 0.0
4694.1 0.0
4694.4 0.0
4694.7 0.0
4695.0 0.0
4695.3 0.0
4695.6 0.0
4695.9 0.0
4696.2 0.0
4696.5 0.0
4696.8 0.0
4697.1 0.0
4697.4 0.0
4697.7 0.0
4698.0 0.0
4698.3 0.0
4698.6 0.0
4698.9 0.0
4699.2 0.0
4699.5 0.0
4699.8 0.0
4700.1 0.0
4700.4 0.0
4700.7 0.0
4701.0 0.0
4701.3 0.0
4701.6 0.0
4701.9 0.0
4702.2 0.0
4702.5 0.0
4702.8 0.0
4703.1 0.0
4703.4 0.0
4703.7 0.0
4704.0 0.0
4704.3 0.0
4704.6 0.0
4704.9 0.0
4705.2 0.0
4705.5 0.0
4705.8 0.0
4706.1 0.0
4706.4 0.0
4706.7 0.0
4707.0 0.0
4707.3 0.0
4707.6 0.0
4707.9 0.0
4708.2 0.0
4708.5 0.0
4708.8 0.0
4709.1 0.0
4709.4 0.0
4709.7 0.0
4710.0 0.0
4710.3 0.0
4710.6 0.0
4710.9 0.0
4711.2 0.0
4711.5 0.0
4711.8 0.0
4712.1 0.0
4712.4 0.0
4712.7 0.0
4713.0 0.0
4713.3 0.0
4713.6 0.0
4713.9 0.0
4714.2 0.0
4714.5 0.0
4714.8 0.0
4715.1 0.0
4715.4 0.0
4715.7 0.0
4716.0 0.0
4716.3 0.0
4716.6 0.0
4716.9 0.0
4717.2 0.0
4717.5 0.0
4717.8 0.0
4718.1 0.0
4718.4 0.0
4718.7 0.0
4719.0 0.0
4719.3 0.0
4719.6 0.0
4719.9 0.0
4720.2 0.0
4720.5 0.0
4720.8 0.0
4721.1 0.0
4721.4 0.0
4721.7 0.0
4722.0 0.0
4722.3 0.0
4722.6 0.0
4722.9 0.0
4723.2 0.0
4723.5 0.0
4723.8 0.0
4724.1 0.0
4724.4 0.0
4724.7 0.0
4725.0 0.0
4725.3 0.0
4725.6 0.0
4725.9 0.0
4726.2 0.0
4726.5 0.0
4726.8 0.0
4727.1 0.0
4727.4 0.0
4727.7 0.0
4728.0 0.0
4728.3 0.0
4728.6 0.0
4728.9 0.0
4729.2 0.0
4729.5 0.0
4729.8 0.0
4730.1 0.0
4730.4 0.0
4730.7 0.0
4731.0 0.0
4731.3 0.0
4731.6 0.0
4731.9 0.0
4732.2 0.0
4732.5 0.0
4732.8 0.0
4733.1 0.0
4733.4 0.0
4733.7 0.0
4734.0 0.0
4734.3 0.0
4734.6 0.0
4734.9 0.0
4735.2 0.0
4735.5 0.0
4735.8 0.0
4736.1 0.0
4736.4 0.0
4736.7 0.0
4737.0 0.0
4737.3 0.0
4737.6 0.0
4737.9 0.0
4738.2 0.0
4738.5 0.0
4738.8 0.0
4739.1 0.0
4739.4 0.0
4739.7 0.0
4740.0 0.0
4740.3 0.0
4740.6 0.0
4740.9 0.0
4741.2 0.0
4741.5 0.0
4741.8 0.0
4742.1 0.0
4742.4 0.0
4742.7 0.0
4743.0 0.0
4743.3 0.0
4743.6 0.0
4743.9 0.0
4744.2 0.0
4744.5 0.0
4744.8 0.0
4745.1 0.0
4745.4 0.0
4745.7 0.0
4746.0 0.0
4746.3 0.0
4746.6 0.0
4746.9 0.0
4747.2 0.0
4747.5 0.0
4747.8 0.0
4748.1 0.0
4748.4 0.0
4748.7 0.0
4749.0 0.0
4749.3 0.0
4749.6 0.0
4749.9 0.0
4750.2 0.0
4750.5 0.0
4750.8 0.0
4751.1 0.0
4751.4 0.0
4751.7 0.0
4752.0 0.0
4752.3 0.0
4752.6 0.0
4752.9 0.0
4753.2 0.0
4753.5 0.0
4753.8 0.0
4754.1 0.0
4754.4 0.0
4754.7 0.0
4755.0 0.0
4755.3 0.0
4755.6 0.0
4755.9 0.0
4756.2 0.0
4756.5 0.0
4756.8 0.0
4757.1 0.0
4757.4 0.0
4757.7 0.0
4758.0 0.0
4758.3 0.0
4758.6 0.0
4758.9 0.0
4759.2 0.0
4759.5 0.0
4759.8 0.0
4760.1 0.0
4760.4 0.0
4760.7 0.0
4761.0 0.0
4761.3 0.0
4761.6 0.0
4761.9 0.0
4762.2 0.0
4762.5 0.0
4762.8 0.0
4763.1 0.0
4763.4 0.0
4763.7 0.0
4764.0 0.0
4764.3 0.0
4764.6 0.0
4764.9 0.0
4765.2 0.0
4765.5 0.0
4765.8 0.0
4766.1 0.0
4766.4 0.0
4766.7 0.0
4767.0 0.0
4767.3 0.0
4767.6 0.0
4767.9 0.0
4768.2 0.0
4768.5 0.0
4768.8 0.0
4769.1 0.0
4769.4 0.0
4769.7 0.0
4770.0 0.0
4770.3 0.0
4770.6 0.0
4770.9 0.0
4771.2 0.0
4771.5 0.0
4771.8 0.0
4772.1 0.0
4772.4 0.0
4772.7 0.0
4773.0 0.0
4773.3 0.0
4773.6 0.0
4773.9 0.0
4774.2 0.0
4774.5 0.0
4774.8 0.0
4775.1 0.0
4775.4 0.0
4775.7 0.0
4776.0 0.0
4776.3 0.0
4776.6 0.0
4776.9 0.0
4777.2 0.0
4777.5 0.0
4777.8 0.0
4778.1 0.0
4778.4 0.0
4778.7 0.0
4779.0 0.0
4779.3 0.0
4779.6 0.0
4779.9 0.0
4780.2 0.0
4780.5 0.0
4780.8 0.0
4781.1 0.0
4781.4 0.0
4781.7 0.0
4782.0 0.0
4782.3 0.0
4782.6 0.0
4782.9 0.0
4783.2 0.0
4783.5 0.0
4783.8 0.0
4784.1 0.0
4784.4 0.0
4784.7 0.0
4785.0 0.0
4785.3 0.0
4785.6 0.0
4785.9 0.0
4786.2 0.0
4786.5 0.0
4786.8 0.0
4787.1 0.0
4787.4 0.0
4787.7 0.0
4788.0 0.0
4788.3 0.0
4788.6 0.0
4788.9 0.0
4789.2 0.0
4789.5 0.0
4789.8 0.0
4790.1 0.0
4790.4 0.0
4790.7 0.0
4791.0 0.0
4791.3 0.0
4791.6 0.0
4791.9 0.0
4792.2 0.0
4792.5 0.0
4792.8 0.0
4793.1 0.0
4793.4 0.0
4793.7 0.0
4794.0 0.0
4794.3 0.0
4794.6 0.0
4794.9 0.0
4795.2 0.0
4795.5 0.0
4795.8 0.0
4796.1 0.0
4796.4 0.0
4796.7 0.0
4797.0 0.0
4797.3 0.0
4797.6 0.0
4797.9 0.0
4798.2 0.0
4798.5 0.0
4798.8 0.0
4799.1 0.0
4799.4 0.0
4799.7 0.0
4800.0 0.0
4800.3 0.0
4800.6 0.0
4800.9 0.0
4801.2 0.0
4801.5 0.0
4801.8 0.0
4802.1 0.0
4802.4 0.0
4802.7 0.0
4803.0 0.0
4803.3 0.0
4803.6 0.0
4803.9 0.0
4804.2 0.0
4804.5 0.0
4804.8 0.0
4805.1 0.0
4805.4 0.0
4805.7 0.0
4806.0 0.0
4806.3 0.0
4806.6 0.0
4806.9 0.0
4807.2 0.0
4807.5 0.0
4807.8 0.0
4808.1 0.0
4808.4 0.0
4808.7 0.0
4809.0 0.0
4809.3 0.0
4809.6 0.0
4809.9 0.0
4810.2 0.0
4810.5 0.0
4810.8 0.0
4811.1 0.0
4811.4 0.0
4811.7 0.0
4812.0 0.0
4812.3 0.0
4812.6 0.0
4812.9 0.0
4813.2 0.0
4813.5 0.0
4813.8 0.0
4814.1 0.0
4814.4 0.0
4814.7 0.0
4815.0 0.0
4815.3 0.0
4815.6 0.0
4815.9 0.0
4816.2 0.0
4816.5 0.0
4816.8 0.0
4817.1 0.0
4817.4 0.0
4817.7 0.0
4818.0 0.0
4818.3 0.0
4818.6 0.0
4818.9 0.0
4819.2 0.0
4819.5 0.0
4819.8 0.0
4820.1 0.0
4820.4 0.0
4820.7 0.0
4821.0 0.0
4821.3 0.0
4821.6 0.0
4821.9 0.0
4822.2 0.0
4822.5 0.0
4822.8 0.0
4823.1 0.0
4823.4 0.0
4823.7 0.0
4824.0 0.0
4824.3 0.0
4824.6 0.0
4824.9 0.0
4825.2 0.0
4825.5 0.0
4825.8 0.0
4826.1 0.0
4826.4 0.0
4826.7 0.0
4827.0 0.0
4827.3 0.0
4827.6 0.0
4827.9 0.0
4828.2 0.0
4828.5 0.0
4828.8 0.0
4829.1 0.0
4829.4 0.0
4829.7 0.0
4830.0 0.0
4830.3 0.0
4830.6 0.0
4830.9 0.0
4831.2 0.0
4831.5 0.0
4831.8 0.0
4832.1 0.0
4832.4 0.0
4832.7 0.0
4833.0 0.0
4833.3 0.0
4833.6 0.0
4833.9 0.0
4834.2 0.0
4834.5 0.0
4834.8 0.0
4835.1 0.0
4835.4 0.0
4835.7 0.0
4836.0 0.0
4836.3 0.0
4836.6 0.0
4836.9 0.0
4837.2 0.0
4837.5 0.0
4837.8 0.0
4838.1 0.0
4838.4 0.0
4838.7 0.0
4839.0 0.0
4839.3 0.0
4839.6 0.0
4839.9 0.0
4840.2 0.0
4840.5 0.0
4840.8 0.0
4841.1 0.0
4841.4 0.0
4841.7 0.0
4842.0 0.0
4842.3 0.0
4842.6 0.0
4842.9 0.0
4843.2 0.0
4843.5 0.0
4843.8 0.0
4844.1 0.0
4844.4 0.0
4844.7 0.0
4845.0 0.0
4845.3 0.0
4845.6 0.0
4845.9 0.0
4846.2 0.0
4846.5 0.0
4846.8 0.0
4847.1 0.0
4847.4 0.0
4847.7 0.0
4848.0 0.0
4848.3 0.0
4848.6 0.0
4848.9 0.0
4849.2 0.0
4849.5 0.0
4849.8 0.0
4850.1 0.0
4850.4 0.0
4850.7 0.0
4851.0 0.0
4851.3 0.0
4851.6 0.0
4851.9 0.0
4852.2 0.0
4852.5 0.0
4852.8 0.0
4853.1 0.0
4853.4 0.0
4853.7 0.0
4854.0 0.0
4854.3 0.0
4854.6 0.0
4854.9 0.0
4855.2 0.0
4855.5 0.0
4855.8 0.0
4856.1 0.0
4856.4 0.0
4856.7 0.0
4857.0 0.0
4857.3 0.0
4857.6 0.0
4857.9 0.0
4858.2 0.0
4858.5 0.0
4858.8 0.0
4859.1 0.0
4859.4 0.0
4859.7 0.0
4860.0 0.0
4860.3 0.0
4860.6 0.0
4860.9 0.0
4861.2 0.0
4861.5 0.0
4861.8 0.0
4862.1 0.0
4862.4 0.0
4862.7 0.0
4863.0 0.0
4863.3 0.0
4863.6 0.0
4863.9 0.0
4864.2 0.0
4864.5 0.0
4864.8 0.0
4865.1 0.0
4865.4 0.0
4865.7 0.0
4866.0 0.0
4866.3 0.0
4866.6 0.0
4866.9 0.0
4867.2 0.0
4867.5 0.0
4867.8 0.0
4868.1 0.0
4868.4 0.0
4868.7 0.0
4869.0 0.0
4869.3 0.0
4869.6 0.0
4869.9 0.0
4870.2 0.0
4870.5 0.0
4870.8 0.0
4871.1 0.0
4871.4 0.0
4871.7 0.0
4872.0 0.0
4872.3 0.0
4872.6 0.0
4872.9 0.0
4873.2 0.0
4873.5 0.0
4873.8 0.0
4874.1 0.0
4874.4 0.0
4874.7 0.0
4875.0 0.0
4875.3 0.0
4875.6 0.0
4875.9 0.0
4876.2 0.0
4876.5 0.0
4876.8 0.0
4877.1 0.0
4877.4 0.0
4877.7 0.0
4878.0 0.0
4878.3 0.0
4878.6 0.0
4878.9 0.0
4879.2 0.0
4879.5 0.0
4879.8 0.0
4880.1 0.0
4880.4 0.0
4880.7 0.0
4881.0 0.0
4881.3 0.0
4881.6 0.0
4881.9 0.0
4882.2 0.0
4882.5 0.0
4882.8 0.0
4883.1 0.0
4883.4 0.0
4883.7 0.0
4884.0 0.0
4884.3 0.0
4884.6 0.0
4884.9 0.0
4885.2 0.0
4885.5 0.0
4885.8 0.0
4886.1 0.0
4886.4 0.0
4886.7 0.0
4887.0 0.0
4887.3 0.0
4887.6 0.0
4887.9 0.0
4888.2 0.0
4888.5 0.0
4888.8 0.0
4889.1 0.0
4889.4 0.0
4889.7 0.0
4890.0 0.0
4890.3 0.0
4890.6 0.0
4890.9 0.0
4891.2 0.0
4891.5 0.0
4891.8 0.0
4892.1 0.0
4892.4 0.0
4892.7 0.0
4893.0 0.0
4893.3 0.0
4893.6 0.0
4893.9 0.0
4894.2 0.0
4894.5 0.0
4894.8 0.0
4895.1 0.0
4895.4 0.0
4895.7 0.0
4896.0 0.0
4896.3 0.0
4896.6 0.0
4896.9 0.0
4897.2 0.0
4897.5 0.0
4897.8 0.0
4898.1 0.0
4898.4 0.0
4898.7 0.0
4899.0 0.0
4899.3 0.0
4899.6 0.0
4899.9 0.0
4900.2 0.0
4900.5 0.0
4900.8 0.0
4901.1 0.0
4901.4 0.0
4901.7 0.0
4902.0 0.0
4902.3 0.0
4902.6 0.0
4902.9 0.0
4903.2 0.0
4903.5 0.0
4903.8 0.0
4904.1 0.0
4904.4 0.0
4904.7 0.0
4905.0 0.0
4905.3 0.0
4905.6 0.0
4905.9 0.0
4906.2 0.0
4906.5 0.0
4906.8 0.0
4907.1 0.0
4907.4 0.0
4907.7 0.0
4908.0 0.0
4908.3 0.0
4908.6 5.264252168945063e-15
4908.9 5.264252168945063e-15
4909.2 1.579275650683519e-14
4909.5 4.4746141741967144e-14
4909.8 1.1054929215971454e-13
4910.1 2.763732168467592e-13
4910.4 6.843527480815403e-13
4910.7 1.665496781228342e-12
4911.0 3.9873952481886985e-12
4911.3 9.432725430265934e-12
4911.6 2.2003783111059383e-11
4911.9 5.0618099274401087e-11
4912.2 1.1488363129623024e-10
4912.5 2.5718807521710536e-10
4912.8 5.67996180424153e-10
4913.1 1.23762196361605e-9
4913.4 2.6608175491654976e-9
4913.7 5.645305492438449e-9
4914.0 1.1821351425113356e-8
4914.3 2.4435990302783105e-8
4914.6 4.9872586946535244e-8
4914.9 1.0052180592526066e-7
4915.2 2.0013939732572978e-7
4915.5 3.937289612659898e-7
4915.8 7.655660549670417e-7
4916.1 1.4717217715798948e-6
4916.4 2.798158736406546e-6
4916.7 5.2635328693753595e-6
4917.0 9.799538353831135e-6
4917.3 1.8064888454084057e-5
4917.6 3.2988484604835566e-5
4917.9 5.970458343363558e-5
4918.2 0.00010715826410638363
4918.5 0.00019085987678512485
4918.8 0.00033761863194652764
4919.1 0.0005937090255692698
4919.4 0.001039036212954316
4919.7 0.0018118550705753832
4920.0 0.0031521285719922137
4920.3 0.005477783918192444
4920.6 0.009518665341078566
4920.9 0.016550345214535144
4921.2 0.02879728964417236
4921.5 0.05011530770332595
4921.8 0.08711835298076676
4922.1 0.1509812765376228
4922.4 0.2602154807717658
4922.7 0.4447499229771754
4923.0 0.751607744122504
4923.3 1.2522804251663011
4923.6 2.051493794125406
4923.9 3.2963803364111186
4924.2 5.184138542240817
4924.5 7.96521286807274
4924.8 11.938166830544105
4925.1 17.432195549565222
4925.4 24.774138377641066
4925.7 34.2392676167583
4926.0 45.98905739362817
4926.3 60.003992160607595
4926.6 76.0240681390278
4926.9 93.51232673134655
4927.2 111.65604358701967
4927.5 129.41511201951653
4927.8 145.61822008155286
4928.1 159.09631333872676
4928.4 168.83253720216453
4928.7 174.10154997557402
4929.0 174.57094447687268
4929.3 170.34432086348534
4929.6 161.93743938207626
4929.9 150.19320657849312
4930.2 136.15359476208687
4930.5 120.91436801850796
4930.8 105.48961824178696
4931.1 90.70814990997314
4931.4 77.15458260476589
4931.7 65.1573248654604
4932.0 54.81630773097277
4932.3 46.05716910213232
4932.6 38.69646915048361
4932.9 32.50397337786853
4933.2 27.25207620859146
4933.5 22.747475997079164
4933.8 18.845002378802747
4934.1 15.447008122107945
4934.4 12.493548182945233
4934.7 9.948747071699472
4935.0 7.787719393832958
4935.3 5.9867514937213855
4935.6 4.517744315598975
4935.9 3.346578383976521
4936.2 2.4342870818072697
4936.5 1.7396934298296856
4936.8 1.2223421216892234
4937.1 0.8449447380557729
4937.4 0.5749700568518961
4937.7 0.3853447011679876
4938.0 0.2544293152331125
4938.3 0.16551518513939567
4938.6 0.10607616391176788
4938.9 0.06695666067050257
4939.2 0.04161048659223186
4939.5 0.0254480566935066
4939.8 0.01530924223153313
4940.1 0.009055620347108826
4940.4 0.005264961688958502
4940.7 0.0030079548147853136
4941.0 0.0016884171750545256
4941.3 0.0009311175818123033
4941.6 0.0005045244549882169
4941.9 0.0002686597656372036
4942.2 0.00014063982343094967
4942.5 7.240916129400614e-5
4942.8 3.668613609575585e-5
4943.1 1.8303064544058057e-5
4943.4 8.99892092775557e-6
4943.7 4.3638213524223366e-6
4944.0 2.0890168445070656e-6
4944.3 9.881289534094856e-7
4944.6 4.622461475143449e-7
4944.9 2.1403575221311081e-7
4945.2 9.816864123908413e-8
4945.5 4.4626119563772636e-8
4945.8 2.011473389050667e-8
4946.1 8.991679973972669e-9
4946.4 3.986336397317802e-9
4946.7 1.7524196461393987e-9
4947.0 7.636387835420504e-10
4947.3 3.2970073376508167e-10
4947.6 1.4096129066453587e-10
4947.9 5.964719576170711e-11
4948.2 2.4960175259708593e-11
4948.5 1.0329601426731648e-11
4948.8 4.222020993780283e-12
4949.1 1.7042918003494907e-12
4949.4 6.789317494084463e-13
4949.7 2.666012732582222e-13
4950.0 1.0579215448700501e-13
4950.3 3.8915704798990047e-14
4950.6 1.517005091829877e-14
4950.9 6.594445414807425e-15
4951.2 1.981159665167447e-15
4951.5 0.0
4951.8 0.0
4952.1 0.0
4952.4 0.0
4952.7 0.0
4953.0 0.0
4953.3 0.0
4953.6 0.0
4953.9 0.0
4954.2 0.0
4954.5 0.0
4954.8 0.0
4955.1 0.0
4955.4 0.0
4955.7 0.0
4956.0 0.0
4956.3 0.0
4956.6 0.0
4956.9 0.0
4957.2 0.0
4957.5 0.0
4957.8 0.0
4958.1 0.0
4958.4 0.0
4958.7 0.0
4959.0 0.0
4959.3 0.0
4959.6 0.0
4959.9 0.0
4960.2 0.0
4960.5 0.0
4960.8 0.0
4961.1 0.0
4961.4 0.0
4961.7 0.0
4962.0 0.0
4962.3 0.0
4962.6 0.0
4962.9 0.0
4963.2 0.0
4963.5 0.0
4963.8 0.0
4964.1 0.0
4964.4 0.0
4964.7 0.0
4965.0 0.0
4965.3 0.0
4965.6 0.0
4965.9 0.0
4966.2 0.0
4966.5 0.0
4966.8 0.0
4967.1 0.0
4967.4 0.0
4967.7 0.0
4968.0 0.0
4968.3 0.0
4968.6 0.0
4968.9 0.0
4969.2 0.0
4969.5 0.0
4969.8 0.0
4970.1 0.0
4970.4 0.0
4970.7 0.0
4971.0 0.0
4971.3 0.0
4971.6 0.0
4971.9 0.0
4972.2 0.0
4972.5 0.0
4972.8 0.0
4973.1 0.0
4973.4 0.0
4973.7 0.0
4974.0 0.0
4974.3 0.0
4974.6 0.0
4974.9 0.0
4975.2 0.0
4975.5 0.0
4975.8 0.0
4976.1 0.0
4976.4 0.0
4976.7 0.0
4977.0 0.0
4977.3 0.0
4977.6 0.0
4977.9 0.0
4978.2 0.0
4978.5 0.0
4978.8 0.0
4979.1 0.0
4979.4 0.0
4979.7 0.0
4980.0 0.0
4980.3 0.0
4980.6 0.0
4980.9 0.0
4981.2 0.0
4981.5 0.0
4981.8 0.0
4982.1 0.0
4982.4 0.0
4982.7 0.0
4983.0 0.0
4983.3 0.0
4983.6 0.0
4983.9 0.0
4984.2 0.0
4984.5 0.0
4984.8 0.0
4985.1 0.0
4985.4 0.0
4985.7 0.0
4986.0 0.0
4986.3 0.0
4986.6 0.0
4986.9 0.0
4987.2 0.0
4987.5 0.0
4987.8 0.0
4988.1 0.0
4988.4 0.0
4988.7 0.0
4989.0 0.0
4989.3 0.0
4989.6 0.0
4989.9 0.0
4990.2 0.0
4990.5 0.0
4990.8 0.0
4991.1 0.0
4991.4 0.0
4991.7 0.0
4992.0 0.0
4992.3 0.0
4992.6 0.0
4992.9 0.0
4993.2 0.0
4993.5 0.0
4993.8 0.0
4994.1 0.0
4994.4 0.0
4994.7 0.0
4995.0 0.0
4995.3 0.0
4995.6 0.0
4995.9 0.0
4996.2 0.0
4996.5 0.0
4996.8 0.0
4997.1 0.0
4997.4 0.0
4997.7 0.0
4998.0 0.0
4998.3 0.0
4998.6 0.0
4998.9 0.0
4999.2 0.0
4999.5 0.0
4999.8 0.0
5000.1 0.0
5000.4 0.0
5000.7 0.0
5001.0 0.0
5001.3 0.0
5001.6 0.0
5001.9 0.0
5002.2 0.0
5002.5 0.0
5002.8 0.0
5003.1 0.0
5003.4 0.0
5003.7 0.0
5004.0 0.0
5004.3 0.0
5004.6 0.0
5004.9 0.0
5005.2 0.0
5005.5 0.0
5005.8 0.0
5006.1 0.0
5006.4 0.0
5006.7 0.0
5007.0 0.0
5007.3 0.0
5007.6 0.0
5007.9 0.0
5008.2 0.0
5008.5 0.0
5008.8 0.0
5009.1 0.0
5009.4 1.5156512155428095e-15
5009.7 3.031302431085619e-15
5010.0 1.0609558614678785e-14
5010.3 3.33443261066671e-14
5010.6 1.0609558614678785e-13
5010.9 3.2738067356867517e-13
5011.2 1.0057080472742079e-12
5011.5 2.9912652475705634e-12
5011.8 8.733519971948026e-12
5012.1 2.4944204526360243e-11
5012.4 6.976778265640854e-11
5012.7 1.9109131469989533e-10
5013.0 5.125954747189131e-10
5013.3 1.3469853140940383e-9
5013.6 3.4680301544670703e-9
5013.9 8.750810103310685e-9
5014.2 2.164619587074259e-8
5014.5 5.250863692294196e-8
5014.8 1.2495777832764893e-7
5015.1 2.918562218267482e-7
5015.4 6.693593541045281e-7
5015.7 1.508226595659772e-6
5016.0 3.340722552205329e-6
5016.3 7.278511517674932e-6
5016.6 1.5607718527074528e-5
5016.9 3.296028639375462e-5
5017.2 6.858639536923636e-5
5017.5 0.00014069753558257307
5017.8 0.0002846372613839213
5018.1 0.0005679927457497018
5018.4 0.0011180198695199426
5018.7 0.00217037473464369
5019.0 0.004153666617156891
5019.3 0.007832288149547314
5019.6 0.014540519647497033
5019.9 0.026553451312144465
5020.2 0.04765266930766122
5020.5 0.083952454424497
5020.8 0.14504791322391225
5021.1 0.24551984547767672
5021.4 0.40677007832082973
5021.7 0.6590568345418388
5022.0 1.0434491499956287
5022.3 1.613237955087624
5022.6 2.434159957423445
5022.9 3.5826670828611746
5023.2 5.141480723527586
5023.5 7.191875536464515
5023.8 9.802593659003236
5024.1 13.015985421215873
5024.4 16.83283189330615
5024.7 21.198154381998165
5025.0 25.990938650722
5025.3 31.020841456200287
5025.6 36.03441074967668
5025.9 40.73207680604355
5026.2 44.79526575523414
5026.5 47.92079423677933
5026.8 49.857741311221616
5027.1 50.44072025416244
5027.4 49.61351471245871
5027.7 47.438355081074405
5028.0 44.08869436540408
5028.3 39.8265269563999
5028.6 34.96831828774884
5028.9 29.8457654081285
5029.2 24.768225886160508
5029.5 19.99279089597985
5029.8 15.705838517751545
5030.1 12.01718708081171
5030.4 8.965450775809586
5030.7 6.531372928293422
5031.0 4.655184892239049
5031.3 3.254272222518921
5031.6 2.2383860501577146
5031.9 1.520886579703074
5032.2 1.025678705831524
5032.5 0.6903578219935298
5032.8 0.46654003483854467
5033.1 0.3184469620719028
5033.4 0.22066935376642505
5033.7 0.15577235505224962
5034.0 0.11213440023402654
5034.3 0.08219188789757936
5034.6 0.061115370467177854
5034.9 0.045864774554218
5035.2 0.034542594951943784
5035.5 0.025964895833158863
5035.8 0.019383878184962455
5036.1 0.014312712608661293
5036.4 0.010417891099013143
5036.7 0.007455471597885233
5037.0 0.005235178101027652
5037.3 0.0036015119674835464
5037.6 0.00242459234271852
5037.9 0.0015959756664192006
5038.2 0.0010265505799738537
5038.5 0.0006449265108373933
5038.8 0.00039562482067369704
5039.1 0.0002369260330268472
5039.4 0.00013849858950148596
5039.7 7.902342701880244e-5
5040.0 4.400891131426052e-5
5040.3 2.392288031445314e-5
5040.6 1.2694123697871843e-5
5040.9 6.575805680796835e-6
5041.2 3.3258531515237147e-6
5041.5 1.642574786927491e-6
5041.8 7.922882268776452e-7
5042.1 3.7329493123418695e-7
5042.4 1.7183547275954045e-7
5042.7 7.729498802239535e-8
5043.0 3.3982679442316126e-8
5043.3 1.460576873780614e-8
5043.6 6.138273508480823e-9
5043.9 2.523001737929683e-9
5044.2 1.0144529691391889e-9
5044.5 3.99098057528824e-10
5044.8 1.536544987315218e-10
5045.1 5.790442045697285e-11
5045.4 2.1362477275590388e-11
5045.7 7.716567218569076e-12
5046.0 2.7293039362810483e-12
5046.3 9.454153768444912e-13
5046.6 3.207828290106504e-13
5046.9 1.0658755474101441e-13
5047.2 3.470761801197637e-14
5047.5 1.1055878485795442e-14
5047.8 3.416651705988609e-15
5048.1 1.0541267853855828e-15
5048.4 3.4713686579526974e-16
5048.7 8.125714117952591e-17
5049.0 2.3216324396931893e-17
5049.3 1.1608162198465946e-17
5049.6 0.0
5049.9 0.0
5050.2 0.0
5050.5 0.0
5050.8 0.0
5051.1 0.0
5051.4 0.0
5051.7 0.0
5052.0 0.0
5052.3 0.0
5052.6 0.0
5052.9 0.0
5053.2 0.0
5053.5 0.0
5053.8 0.0
5054.1 0.0
5054.4 0.0
5054.7 0.0
5055.0 0.0
5055.3 0.0
5055.6 0.0
5055.9 0.0
5056.2 0.0
5056.5 0.0
5056.8 0.0
5057.1 0.0
5057.4 0.0
5057.7 0.0
5058.0 4.4744265563988975e-15
5058.3 1.3423280092713166e-14
5058.6 4.02698402781395e-14
5058.9 1.2975837310018334e-13
5059.2 4.2059612086545184e-13
5059.5 1.280431111908455e-12
5059.8 3.863863045612691e-12
5060.1 1.1422979000820814e-11
5060.4 3.302455999163183e-11
5060.7 9.346827596761557e-11
5061.0 2.591482162162871e-10
5061.3 7.036038627545604e-10
5061.6 1.8713262800591574e-9
5061.9 4.876103862961607e-9
5062.2 1.2450732758097112e-8
5062.5 3.1161663350499606e-8
5062.8 7.64671680189045e-8
5063.1 1.8403674400756074e-7
5063.4 4.3458576339512616e-7
5063.7 1.0073421410203232e-6
5064.0 2.293085482944781e-6
5064.3 5.129053412493989e-6
5064.6 1.1279193923682205e-5
5064.9 2.440089179161678e-5
5065.2 5.196229473902983e-5
5065.5 0.0001089906000599706
5065.8 0.00022529555035359395
5066.1 0.00045918772582077567
5066.4 0.0009231310818756817
5066.7 0.0018309123579656333
5067.0 0.0035827748307738563
5067.3 0.006915891812152952
5067.6 0.013164124814461144
5067.9 0.024694643358294344
5068.2 0.04562009172188364
5068.5 0.08292149967332013
5068.8 0.14815241205750324
5069.1 0.2599150497136423
5069.4 0.44728270020172006
5069.7 0.7542578621658513
5070.0 1.2451705198792302
5070.3 2.0106073301207816
5070.6 3.1730198589235807
5070.9 4.890630369229546
5071.2 7.357737469969949
5071.5 10.799190033073078
5071.8 15.456850478768061
5072.1 21.56651374064768
5072.4 29.325113550883714
5072.7 38.850088235492535
5073.0 50.13527290154707
5073.3 63.01010469490757
5073.6 77.11066333696454
5073.9 91.87137064812305
5074.2 106.54453752026166
5074.5 120.2511668573643
5074.8 132.06087065435713
5075.1 141.09249027233454
5075.4 146.62123229779536
5075.7 148.17480148072354
5076.0 145.60096809081733
5076.3 139.09311176592018
5076.6 129.16774458554573
5076.9 116.59725994896144
5077.2 102.3099694061093
5077.5 87.27552978694439
5077.8 72.39572377875447
5078.1 58.417839606292546
5078.4 45.88167269714177
5078.7 35.10327888466418
5079.0 26.191238129511476
5079.3 19.0859818123281
5079.6 13.6106296624057
5079.9 9.522528872825205
5080.2 6.557502907235175
5080.5 4.462456862675026
5080.8 3.015407528320793
5081.1 2.034485613286961
5081.4 1.3787718805251643
5081.7 0.944091199664399
5082.0 0.6564528202616202
5082.3 0.46505910574160225
5082.6 0.3360133489177315
5082.9 0.24721871481915514
5083.2 0.18453600414386528
5083.5 0.13904317320123027
5083.8 0.10515854011057968
5084.1 0.07939384201361577
5084.4 0.05954536030107249
5084.7 0.04418059880800129
5085.0 0.03232083678126463
5085.3 0.023251754112574075
5085.6 0.016416040017377453
5085.9 0.0113566753558485
5086.2 0.007689587399605371
5086.5 0.005091592546420879
5086.8 0.0032948325605223795
5087.1 0.002082809500941616
5087.4 0.0012857858161185935
5087.7 0.0007750011597485548
5088.0 0.0004560343638502991
5088.3 0.00026195625509775784
5088.6 0.00014688998918338536
5088.9 8.040848936838427e-5
5089.2 4.297209033566837e-5
5089.5 2.2422645693014782e-5
5089.8 1.142495576276452e-5
5090.1 5.6852577923793655e-6
5090.4 2.7633913453091483e-6
5090.7 1.3122211446983545e-6
5091.0 6.088717115677719e-7
5091.3 2.761122427092676e-7
5091.6 1.2239892801287153e-7
5091.9 5.3051240581741924e-8
5092.2 2.2487174960830187e-8
5092.5 9.323767709167734e-9
5092.8 3.782333064168507e-9
5093.1 1.5015197277234975e-9
5093.4 5.834347056023592e-10
5093.7 2.219331679275198e-10
5094.0 8.26596045084045e-11
5094.3 3.0150624294088756e-11
5094.6 1.0770077582823464e-11
5094.9 3.768311590095906e-12
5095.2 1.2915607168831333e-12
5095.5 4.336628170280299e-13
5095.8 1.426369195282537e-13
5096.1 4.597855096329963e-14
5096.4 1.445440569841606e-14
5096.7 4.511549998773804e-15
5097.0 1.4010793024008165e-15
5097.3 3.768258470525658e-16
5097.6 1.0277067954393167e-16
5097.9 3.425689428421804e-17
5098.2 0.0
5098.5 0.0
5098.8 0.0
5099.1 0.0
5099.4 0.0
5099.7 0.0
5100.0 0.0
5100.3 0.0
5100.6 0.0
5100.9 0.0
5101.2 0.0
5101.5 0.0
5101.8 0.0
5102.1 0.0
5102.4 0.0
5102.7 0.0
5103.0 0.0
5103.3 0.0
5103.6 0.0
5103.9 0.0
5104.2 0.0
5104.5 0.0
5104.8 0.0
5105.1 0.0
5105.4 0.0
5105.7 0.0
5106.0 0.0
5106.3 0.0
5106.6 0.0
5106.9 0.0
5107.2 0.0
5107.5 0.0
5107.8 0.0
5108.1 0.0
5108.4 0.0
5108.7 0.0
5109.0 0.0
5109.3 0.0
5109.6 0.0
5109.9 0.0
5110.2 0.0
5110.5 0.0
5110.8 0.0
5111.1 0.0
5111.4 0.0
5111.7 0.0
5112.0 0.0
5112.3 0.0
5112.6 0.0
5112.9 0.0
5113.2 0.0
5113.5 0.0
5113.8 0.0
5114.1 0.0
5114.4 0.0
5114.7 0.0
5115.0 0.0
5115.3 0.0
5115.6 0.0
5115.9 0.0
5116.2 0.0
5116.5 0.0
5116.8 0.0
5117.1 0.0
5117.4 0.0
5117.7 0.0
5118.0 0.0
5118.3 0.0
5118.6 0.0
5118.9 0.0
5119.2 0.0
5119.5 0.0
5119.8 0.0
5120.1 0.0
5120.4 0.0
5120.7 0.0
5121.0 0.0
5121.3 0.0
5121.6 0.0
5121.9 0.0
5122.2 0.0
5122.5 0.0
5122.8 0.0
5123.1 0.0
5123.4 0.0
5123.7 0.0
5124.0 0.0
5124.3 0.0
5124.6 0.0
5124.9 0.0
5125.2 0.0
5125.5 0.0
5125.8 0.0
5126.1 0.0
5126.4 0.0
5126.7 0.0
5127.0 0.0
5127.3 0.0
5127.6 0.0
5127.9 0.0
5128.2 0.0
5128.5 0.0
5128.8 0.0
5129.1 0.0
5129.4 0.0
5129.7 0.0
5130.0 0.0
5130.3 0.0
5130.6 0.0
5130.9 0.0
5131.2 0.0
5131.5 0.0
5131.8 0.0
5132.1 0.0
5132.4 0.0
5132.7 0.0
5133.0 0.0
5133.3 0.0
5133.6 0.0
5133.9 0.0
5134.2 0.0
5134.5 0.0
5134.8 0.0
5135.1 0.0
5135.4 0.0
5135.7 0.0
5136.0 0.0
5136.3 0.0
5136.6 0.0
5136.9 0.0
5137.2 0.0
5137.5 0.0
5137.8 0.0
5138.1 0.0
5138.4 0.0
5138.7 0.0
5139.0 0.0
5139.3 0.0
5139.6 0.0
5139.9 0.0
5140.2 0.0
5140.5 0.0
5140.8 0.0
5141.1 0.0
5141.4 0.0
5141.7 0.0
5142.0 0.0
5142.3 0.0
5142.6 0.0
5142.9 0.0
5143.2 0.0
5143.5 0.0
5143.8 0.0
5144.1 0.0
5144.4 0.0
5144.7 0.0
5145.0 0.0
5145.3 0.0
5145.6 0.0
5145.9 0.0
5146.2 0.0
5146.5 0.0
5146.8 0.0
5147.1 0.0
5147.4 0.0
5147.7 0.0
5148.0 0.0
5148.3 0.0
5148.6 0.0
5148.9 0.0
5149.2 0.0
5149.5 0.0
5149.8 0.0
5150.1 0.0
5150.4 0.0
5150.7 0.0
5151.0 0.0
5151.3 0.0
5151.6 0.0
5151.9 0.0
5152.2 0.0
5152.5 0.0
5152.8 0.0
5153.1 0.0
5153.4 0.0
5153.7 0.0
5154.0 0.0
5154.3 0.0
5154.6 0.0
5154.9 0.0
5155.2 0.0
5155.5 0.0
5155.8 0.0
5156.1 0.0
5156.4 0.0
5156.7 0.0
5157.0 0.0
5157.3 0.0
5157.6 0.0
5157.9 0.0
5158.2 0.0
5158.5 0.0
5158.8 0.0
5159.1 0.0
5159.4 0.0
5159.7 0.0
5160.0 0.0
5160.3 0.0
5160.6 0.0
5160.9 0.0
5161.2 0.0
5161.5 0.0
5161.8 0.0
5162.1 0.0
5162.4 0.0
5162.7 0.0
5163.0 0.0
5163.3 0.0
5163.6 0.0
5163.9 0.0
5164.2 0.0
5164.5 0.0
5164.8 0.0
5165.1 0.0
5165.4 0.0
5165.7 0.0
5166.0 0.0
5166.3 0.0
5166.6 0.0
5166.9 0.0
5167.2 0.0
5167.5 0.0
5167.8 0.0
5168.1 0.0
5168.4 0.0
5168.7 0.0
5169.0 0.0
5169.3 0.0
5169.6 0.0
5169.9 0.0
5170.2 0.0
5170.5 0.0
5170.8 0.0
5171.1 0.0
5171.4 0.0
5171.7 0.0
5172.0 0.0
5172.3 0.0
5172.6 0.0
5172.9 0.0
5173.2 0.0
5173.5 0.0
5173.8 0.0
5174.1 0.0
5174.4 0.0
5174.7 0.0
5175.0 0.0
5175.3 0.0
5175.6 0.0
5175.9 0.0
5176.2 0.0
5176.5 0.0
5176.8 0.0
5177.1 0.0
5177.4 0.0
5177.7 0.0
5178.0 0.0
5178.3 0.0
5178.6 0.0
5178.9 0.0
5179.2 0.0
5179.5 0.0
5179.8 0.0
5180.1 0.0
5180.4 0.0
5180.7 0.0
5181.0 0.0
5181.3 0.0
5181.6 0.0
5181.9 0.0
5182.2 0.0
5182.5 0.0
5182.8 0.0
5183.1 0.0
5183.4 0.0
5183.7 0.0
5184.0 0.0
5184.3 0.0
5184.6 0.0
5184.9 0.0
5185.2 0.0
5185.5 0.0
5185.8 0.0
5186.1 0.0
5186.4 0.0
5186.7 0.0
5187.0 0.0
5187.3 0.0
5187.6 0.0
5187.9 0.0
5188.2 0.0
5188.5 0.0
5188.8 0.0
5189.1 0.0
5189.4 0.0
5189.7 0.0
5190.0 0.0
5190.3 0.0
5190.6 0.0
5190.9 0.0
5191.2 0.0
5191.5 0.0
5191.8 0.0
5192.1 0.0
5192.4 0.0
5192.7 0.0
5193.0 0.0
5193.3 0.0
5193.6 0.0
5193.9 0.0
5194.2 0.0
5194.5 0.0
5194.8 0.0
5195.1 0.0
5195.4 0.0
5195.7 0.0
5196.0 0.0
5196.3 0.0
5196.6 0.0
5196.9 0.0
5197.2 0.0
5197.5 0.0
5197.8 0.0
5198.1 0.0
5198.4 0.0
5198.7 0.0
5199.0 0.0
5199.3 0.0
5199.6 0.0
5199.9 0.0
5200.2 0.0
5200.5 0.0
5200.8 0.0
5201.1 0.0
5201.4 0.0
5201.7 0.0
5202.0 0.0
5202.3 0.0
5202.6 0.0
5202.9 0.0
5203.2 0.0
5203.5 0.0
5203.8 0.0
5204.1 0.0
5204.4 0.0
5204.7 0.0
5205.0 0.0
5205.3 0.0
5205.6 0.0
5205.9 0.0
5206.2 0.0
5206.5 0.0
5206.8 0.0
5207.1 0.0
5207.4 0.0
5207.7 0.0
5208.0 0.0
5208.3 0.0
5208.6 0.0
5208.9 0.0
5209.2 0.0
5209.5 0.0
5209.8 0.0
5210.1 0.0
5210.4 0.0
5210.7 0.0
5211.0 0.0
5211.3 0.0
5211.6 0.0
5211.9 0.0
5212.2 0.0
5212.5 0.0
5212.8 0.0
5213.1 0.0
5213.4 0.0
5213.7 0.0
5214.0 0.0
5214.3 0.0
5214.6 0.0
5214.9 0.0
5215.2 0.0
5215.5 0.0
5215.8 0.0
5216.1 0.0
5216.4 0.0
5216.7 0.0
5217.0 0.0
5217.3 0.0
5217.6 0.0
5217.9 0.0
5218.2 0.0
5218.5 0.0
5218.8 0.0
5219.1 0.0
5219.4 0.0
5219.7 0.0
5220.0 0.0
5220.3 0.0
5220.6 0.0
5220.9 0.0
5221.2 0.0
5221.5 0.0
5221.8 0.0
5222.1 0.0
5222.4 0.0
5222.7 0.0
5223.0 0.0
5223.3 0.0
5223.6 0.0
5223.9 0.0
5224.2 0.0
5224.5 0.0
5224.8 0.0
5225.1 0.0
5225.4 0.0
5225.7 0.0
5226.0 0.0
5226.3 0.0
5226.6 0.0
5226.9 0.0
5227.2 0.0
5227.5 0.0
5227.8 0.0
5228.1 0.0
5228.4 0.0
5228.7 0.0
5229.0 0.0
5229.3 0.0
5229.6 0.0
5229.9 0.0
5230.2 0.0
5230.5 0.0
5230.8 0.0
5231.1 0.0
5231.4 0.0
5231.7 0.0
5232.0 0.0
5232.3 0.0
5232.6 0.0
5232.9 0.0
5233.2 0.0
5233.5 0.0
5233.8 0.0
5234.1 0.0
5234.4 0.0
5234.7 0.0
5235.0 0.0
5235.3 0.0
5235.6 0.0
5235.9 0.0
5236.2 0.0
5236.5 0.0
5236.8 0.0
5237.1 0.0
5237.4 0.0
5237.7 0.0
5238.0 0.0
5238.3 0.0
5238.6 0.0
5238.9 0.0
5239.2 0.0
5239.5 0.0
5239.8 0.0
5240.1 0.0
5240.4 0.0
5240.7 0.0
5241.0 0.0
5241.3 0.0
5241.6 0.0
5241.9 0.0
5242.2 0.0
5242.5 0.0
5242.8 0.0
5243.1 0.0
5243.4 0.0
5243.7 0.0
5244.0 0.0
5244.3 0.0
5244.6 0.0
5244.9 0.0
5245.2 0.0
5245.5 0.0
5245.8 0.0
5246.1 0.0
5246.4 0.0
5246.7 0.0
5247.0 0.0
5247.3 0.0
5247.6 0.0
5247.9 0.0
5248.2 0.0
5248.5 0.0
5248.8 0.0
5249.1 0.0
5249.4 0.0
5249.7 0.0
5250.0 0.0
5250.3 0.0
5250.6 0.0
5250.9 0.0
5251.2 0.0
5251.5 0.0
5251.8 0.0
5252.1 0.0
5252.4 0.0
5252.7 0.0
5253.0 0.0
5253.3 0.0
5253.6 0.0
5253.9 0.0
5254.2 0.0
5254.5 0.0
5254.8 0.0
5255.1 0.0
5255.4 0.0
5255.7 0.0
5256.0 0.0
5256.3 0.0
5256.6 0.0
5256.9 0.0
5257.2 0.0
5257.5 0.0
5257.8 0.0
5258.1 0.0
5258.4 0.0
5258.7 0.0
5259.0 0.0
5259.3 0.0
5259.6 0.0
5259.9 0.0
5260.2 0.0
5260.5 0.0
5260.8 0.0
5261.1 0.0
5261.4 0.0
5261.7 0.0
5262.0 0.0
5262.3 0.0
5262.6 0.0
5262.9 0.0
5263.2 0.0
5263.5 0.0
5263.8 0.0
5264.1 0.0
5264.4 0.0
5264.7 0.0
5265.0 0.0
5265.3 0.0
5265.6 0.0
5265.9 0.0
5266.2 0.0
5266.5 0.0
5266.8 0.0
5267.1 0.0
5267.4 0.0
5267.7 0.0
5268.0 0.0
5268.3 0.0
5268.6 0.0
5268.9 0.0
5269.2 0.0
5269.5 0.0
5269.8 0.0
5270.1 0.0
5270.4 0.0
5270.7 0.0
5271.0 0.0
5271.3 0.0
5271.6 0.0
5271.9 0.0
5272.2 0.0
5272.5 0.0
5272.8 0.0
5273.1 0.0
5273.4 0.0
5273.7 0.0
5274.0 0.0
5274.3 0.0
5274.6 0.0
5274.9 0.0
5275.2 0.0
5275.5 0.0
5275.8 0.0
5276.1 0.0
5276.4 0.0
5276.7 0.0
5277.0 0.0
5277.3 0.0
5277.6 0.0
5277.9 0.0
5278.2 0.0
5278.5 0.0
5278.8 0.0
5279.1 0.0
5279.4 0.0
5279.7 0.0
5280.0 0.0
5280.3 0.0
5280.6 0.0
5280.9 0.0
5281.2 0.0
5281.5 0.0
5281.8 0.0
5282.1 0.0
5282.4 0.0
5282.7 0.0
5283.0 0.0
5283.3 0.0
5283.6 0.0
5283.9 0.0
5284.2 0.0
5284.5 0.0
5284.8 0.0
5285.1 0.0
5285.4 0.0
5285.7 0.0
5286.0 0.0
5286.3 0.0
5286.6 0.0
5286.9 0.0
5287.2 0.0
5287.5 0.0
5287.8 0.0
5288.1 0.0
5288.4 0.0
5288.7 0.0
5289.0 0.0
5289.3 0.0
5289.6 0.0
5289.9 0.0
5290.2 0.0
5290.5 0.0
5290.8 0.0
5291.1 0.0
5291.4 0.0
5291.7 0.0
5292.0 0.0
5292.3 0.0
5292.6 0.0
5292.9 0.0
5293.2 0.0
5293.5 0.0
5293.8 0.0
5294.1 0.0
5294.4 0.0
5294.7 0.0
5295.0 0.0
5295.3 0.0
5295.6 0.0
5295.9 0.0
5296.2 0.0
5296.5 0.0
5296.8 0.0
5297.1 0.0
5297.4 0.0
5297.7 0.0
5298.0 0.0
5298.3 0.0
5298.6 0.0
5298.9 0.0
5299.2 0.0
5299.5 0.0
5299.8 0.0
5300.1 0.0
5300.4 0.0
5300.7 0.0
5301.0 0.0
5301.3 0.0
5301.6 0.0
5301.9 0.0
5302.2 0.0
5302.5 0.0
5302.8 0.0
5303.1 0.0
5303.4 0.0
5303.7 0.0
5304.0 0.0
5304.3 0.0
5304.6 0.0
5304.9 0.0
5305.2 0.0
5305.5 0.0
5305.8 0.0
5306.1 0.0
5306.4 0.0
5306.7 0.0
5307.0 0.0
5307.3 0.0
5307.6 0.0
5307.9 0.0
5308.2 0.0
5308.5 0.0
5308.8 0.0
5309.1 0.0
5309.4 0.0
5309.7 0.0
5310.0 0.0
5310.3 0.0
5310.6 0.0
5310.9 0.0
5311.2 0.0
5311.5 0.0
5311.8 0.0
5312.1 0.0
5312.4 0.0
5312.7 0.0
5313.0 0.0
5313.3 0.0
5313.6 0.0
5313.9 0.0
5314.2 0.0
5314.5 0.0
5314.8 0.0
5315.1 0.0
5315.4 0.0
5315.7 0.0
5316.0 0.0
5316.3 0.0
5316.6 0.0
5316.9 0.0
5317.2 0.0
5317.5 0.0
5317.8 0.0
5318.1 0.0
5318.4 0.0
5318.7 0.0
5319.0 0.0
5319.3 0.0
5319.6 0.0
5319.9 0.0
5320.2 0.0
5320.5 0.0
5320.8 0.0
5321.1 0.0
5321.4 0.0
5321.7 0.0
5322.0 0.0
5322.3 0.0
5322.6 0.0
5322.9 0.0
5323.2 0.0
5323.5 0.0
5323.8 0.0
5324.1 0.0
5324.4 0.0
5324.7 0.0
5325.0 0.0
5325.3 0.0
5325.6 0.0
5325.9 0.0
5326.2 0.0
5326.5 0.0
5326.8 0.0
5327.1 0.0
5327.4 0.0
5327.7 0.0
5328.0 0.0
5328.3 0.0
5328.6 0.0
5328.9 0.0
5329.2 0.0
5329.5 0.0
5329.8 0.0
