4662.0 0.0
4662.3 0.0
4662.6 0.0
4662.9 0.0
4663.2 0.0
4663.5 0.0
4663.8 0.0
4664.1 0.0
4664.4 0.0
4664.7 0.0
4665.0 0.0
4665.3 0.0
4665.6 0.0
4665.9 0.0
4666.2 0.0
4666.5 0.0
4666.8 0.0
4667.1 0.0
4667.4 0.0
4667.7 0.0
4668.0 0.0
4668.3 0.0
4668.6 0.0
4668.9 0.0
4669.2 0.0
4669.5 0.0
4669.8 0.0
4670.1 0.0
4670.4 0.0
4670.7 0.0
4671.0 0.0
4671.3 0.0
4671.6 0.0
4671.9 0.0
4672.2 0.0
4672.5 0.0
4672.8 0.0
4673.1 0.0
4673.4 0.0
4673.7 0.0
4674.0 0.0
4674.3 0.0
4674.6 0.0
4674.9 0.0
4675.2 0.0
4675.5 0.0
4675.8 0.0
4676.1 0.0
4676.4 0.0
4676.7 0.0
4677.0 0.0
4677.3 0.0
4677.6 0.0
4677.9 0.0
4678.2 0.0
4678.5 0.0
4678.8 0.0
4679.1 0.0
4679.4 0.0
4679.7 0.0
4680.0 0.0
4680.3 0.0
4680.6 0.0
4680.9 0.0
4681.2 0.0
4681.5 0.0
4681.8 0.0
4682.1 0.0
4682.4 0.0
4682.7 0.0
4683.0 0.0
4683.3 0.0
4683.6 0.0
4683.9 0.0
4684.2 0.0
4684.5 0.0
4684.8 0.0
4685.1 0.0
4685.4 0.0
4685.7 0.0
4686.0 0.0
4686.3 0.0
4686.6 0.0
4686.9 0.0
4687.2 0.0
4687.5 0.0
4687.8 0.0
4688.1 0.0
4688.4 0.0
4688.7 0.0
4689.0 0.0
4689.3 0.0
4689.6 0.0
4689.9 0.0
4690.2 0.0
4690.5 0.0
4690.8 0.0
4691.1 0.0
4691.4 0.0
4691.7 0.0
4692.0 0.0
4692.3 0.0
4692.6 0.0
4692.9 0.0
4693.2 0.0
4693.5 0.0
4693.8 0.0
4694.1 0.0
4694.4 0.0
4694.7 0.0
4695.0 0.0
4695.3 0.0
4695.6 0.0
4695.9 0.0
4696.2 0.0
4696.5 0.0
4696.8 0.0
4697.1 0.0
4697.4 0.0
4697.7 0.0
4698.0 0.0
4698.3 0.0
4698.6 0.0
4698.9 0.0
4699.2 0.0
4699.5 0.0
4699.8 0.0
4700.1 0.0
4700.4 0.0
4700.7 0.0
4701.0 0.0
4701.3 0.0
4701.6 0.0
4701.9 0.0
4702.2 0.0
4702.5 0.0
4702.8 0.0
4703.1 0.0
4703.4 0.0
4703.7 0.0
4704.0 0.0
4704.3 0.0
4704.6 0.0
4704.9 0.0
4705.2 0.0
4705.5 0.0
4705.8 0.0
4706.1 0.0
4706.4 0.0
4706.7 0.0
4707.0 0.0
4707.3 0.0
4707.6 0.0
4707.9 0.0
4708.2 0.0
4708.5 0.0
4708.8 0.0
4709.1 0.0
4709.4 0.0
4709.7 0.0
4710.0 0.0
4710.3 0.0
4710.6 0.0
4710.9 0.0
4711.2 0.0
4711.5 0.0
4711.8 0.0
4712.1 0.0
4712.4 0.0
4712.7 0.0
4713.0 0.0
4713.3 0.0
4713.6 0.0
4713.9 0.0
4714.2 0.0
4714.5 0.0
4714.8 0.0
4715.1 0.0
4715.4 0.0
4715.7 0.0
4716.0 0.0
4716.3 0.0
4716.6 0.0
4716.9 0.0
4717.2 0.0
4717.5 0.0
4717.8 0.0
4718.1 0.0
4718.4 0.0
4718.7 0.0
4719.0 0.0
4719.3 0.0
4719.6 0.0
4719.9 0.0
4720.2 0.0
4720.5 0.0
4720.8 0.0
4721.1 0.0
4721.4 0.0
4721.7 0.0
4722.0 0.0
4722.3 0.0
4722.6 0.0
4722.9 0.0
4723.2 0.0
4723.5 0.0
4723.8 0.0
4724.1 0.0
4724.4 0.0
4724.7 0.0
4725.0 0.0
4725.3 0.0
4725.6 0.0
4725.9 0.0
4726.2 0.0
4726.5 0.0
4726.8 0.0
4727.1 0.0
4727.4 0.0
4727.7 0.0
4728.0 0.0
4728.3 0.0
4728.6 0.0
4728.9 0.0
4729.2 0.0
4729.5 0.0
4729.8 0.0
4730.1 0.0
4730.4 0.0
4730.7 0.0
4731.0 0.0
4731.3 0.0
4731.6 0.0
4731.9 0.0
4732.2 0.0
4732.5 0.0
4732.8 0.0
4733.1 0.0
4733.4 0.0
4733.7 0.0
4734.0 0.0
4734.3 0.0
4734.6 0.0
4734.9 0.0
4735.2 0.0
4735.5 0.0
4735.8 0.0
4736.1 0.0
4736.4 0.0
4736.7 0.0
4737.0 0.0
4737.3 0.0
4737.6 0.0
4737.9 0.0
4738.2 0.0
4738.5 0.0
4738.8 0.0
4739.1 0.0
4739.4 0.0
4739.7 0.0
4740.0 0.0
4740.3 0.0
4740.6 0.0
4740.9 0.0
4741.2 0.0
4741.5 0.0
4741.8 0.0
4742.1 0.0
4742.4 0.0
4742.7 0.0
4743.0 0.0
4743.3 0.0
4743.6 0.0
4743.9 0.0
4744.2 0.0
4744.5 0.0
4744.8 0.0
4745.1 0.0
4745.4 0.0
4745.7 0.0
4746.0 0.0
4746.3 0.0
4746.6 0.0
4746.9 0.0
4747.2 0.0
4747.5 0.0
4747.8 0.0
4748.1 0.0
4748.4 0.0
4748.7 0.0
4749.0 0.0
4749.3 0.0
4749.6 0.0
4749.9 0.0
4750.2 0.0
4750.5 0.0
4750.8 0.0
4751.1 0.0
4751.4 0.0
4751.7 0.0
4752.0 0.0
4752.3 0.0
4752.6 0.0
4752.9 0.0
4753.2 0.0
4753.5 0.0
4753.8 0.0
4754.1 0.0
4754.4 0.0
4754.7 0.0
4755.0 0.0
4755.3 0.0
4755.6 0.0
4755.9 0.0
4756.2 0.0
4756.5 0.0
4756.8 0.0
4757.1 0.0
4757.4 0.0
4757.7 0.0
4758.0 0.0
4758.3 0.0
4758.6 0.0
4758.9 0.0
4759.2 0.0
4759.5 0.0
4759.8 0.0
4760.1 0.0
4760.4 0.0
4760.7 0.0
4761.0 0.0
4761.3 0.0
4761.6 0.0
4761.9 0.0
4762.2 0.0
4762.5 0.0
4762.8 0.0
4763.1 0.0
4763.4 0.0
4763.7 0.0
4764.0 0.0
4764.3 0.0
4764.6 0.0
4764.9 0.0
4765.2 0.0
4765.5 0.0
4765.8 0.0
4766.1 0.0
4766.4 0.0
4766.7 0.0
4767.0 0.0
4767.3 0.0
4767.6 0.0
4767.9 0.0
4768.2 0.0
4768.5 0.0
4768.8 0.0
4769.1 0.0
4769.4 0.0
4769.7 0.0
4770.0 0.0
4770.3 0.0
4770.6 0.0
4770.9 0.0
4771.2 0.0
4771.5 0.0
4771.8 0.0
4772.1 0.0
4772.4 0.0
4772.7 0.0
4773.0 0.0
4773.3 0.0
4773.6 0.0
4773.9 0.0
4774.2 0.0
4774.5 0.0
4774.8 0.0
4775.1 0.0
4775.4 0.0
4775.7 0.0
4776.0 0.0
4776.3 0.0
4776.6 0.0
4776.9 0.0
4777.2 0.0
4777.5 0.0
4777.8 0.0
4778.1 0.0
4778.4 0.0
4778.7 0.0
4779.0 0.0
4779.3 0.0
4779.6 0.0
4779.9 0.0
4780.2 0.0
4780.5 0.0
4780.8 0.0
4781.1 0.0
4781.4 0.0
4781.7 0.0
4782.0 0.0
4782.3 0.0
4782.6 0.0
4782.9 0.0
4783.2 0.0
4783.5 0.0
4783.8 0.0
4784.1 0.0
4784.4 0.0
4784.7 0.0
4785.0 0.0
4785.3 0.0
4785.6 0.0
4785.9 0.0
4786.2 0.0
4786.5 0.0
4786.8 0.0
4787.1 0.0
4787.4 0.0
4787.7 0.0
4788.0 0.0
4788.3 0.0
4788.6 0.0
4788.9 0.0
4789.2 0.0
4789.5 0.0
4789.8 0.0
4790.1 0.0
4790.4 0.0
4790.7 0.0
4791.0 0.0
4791.3 0.0
4791.6 0.0
4791.9 0.0
4792.2 0.0
4792.5 0.0
4792.8 0.0
4793.1 0.0
4793.4 0.0
4793.7 0.0
4794.0 0.0
4794.3 0.0
4794.6 0.0
4794.9 0.0
4795.2 0.0
4795.5 0.0
4795.8 0.0
4796.1 0.0
4796.4 0.0
4796.7 0.0
4797.0 0.0
4797.3 0.0
4797.6 0.0
4797.9 0.0
4798.2 0.0
4798.5 0.0
4798.8 0.0
4799.1 0.0
4799.4 0.0
4799.7 0.0
4800.0 0.0
4800.3 0.0
4800.6 0.0
4800.9 0.0
4801.2 0.0
4801.5 0.0
4801.8 0.0
4802.1 0.0
4802.4 0.0
4802.7 0.0
4803.0 0.0
4803.3 0.0
4803.6 0.0
4803.9 0.0
4804.2 0.0
4804.5 0.0
4804.8 0.0
4805.1 0.0
4805.4 0.0
4805.7 0.0
4806.0 0.0
4806.3 0.0
4806.6 0.0
4806.9 0.0
4807.2 0.0
4807.5 0.0
4807.8 0.0
4808.1 0.0
4808.4 0.0
4808.7 0.0
4809.0 0.0
4809.3 0.0
4809.6 0.0
4809.9 0.0
4810.2 0.0
4810.5 0.0
4810.8 0.0
4811.1 0.0
4811.4 0.0
4811.7 0.0
4812.0 0.0
4812.3 0.0
4812.6 0.0
4812.9 0.0
4813.2 0.0
4813.5 0.0
4813.8 0.0
4814.1 0.0
4814.4 0.0
4814.7 0.0
4815.0 0.0
4815.3 0.0
4815.6 0.0
4815.9 0.0
4816.2 0.0
4816.5 0.0
4816.8 0.0
4817.1 0.0
4817.4 0.0
4817.7 0.0
4818.0 0.0
4818.3 0.0
4818.6 0.0
4818.9 0.0
4819.2 0.0
4819.5 0.0
4819.8 0.0
4820.1 0.0
4820.4 0.0
4820.7 0.0
4821.0 0.0
4821.3 0.0
4821.6 0.0
4821.9 0.0
4822.2 0.0
4822.5 0.0
4822.8 0.0
4823.1 0.0
4823.4 0.0
4823.7 0.0
4824.0 0.0
4824.3 0.0
4824.6 0.0
4824.9 0.0
4825.2 0.0
4825.5 0.0
4825.8 0.0
4826.1 0.0
4826.4 0.0
4826.7 0.0
4827.0 0.0
4827.3 0.0
4827.6 0.0
4827.9 0.0
4828.2 0.0
4828.5 0.0
4828.8 0.0
4829.1 0.0
4829.4 0.0
4829.7 0.0
4830.0 0.0
4830.3 0.0
4830.6 0.0
4830.9 0.0
4831.2 0.0
4831.5 0.0
4831.8 0.0
4832.1 0.0
4832.4 0.0
4832.7 0.0
4833.0 0.0
4833.3 0.0
4833.6 0.0
4833.9 0.0
4834.2 0.0
4834.5 0.0
4834.8 0.0
4835.1 0.0
4835.4 0.0
4835.7 0.0
4836.0 0.0
4836.3 0.0
4836.6 0.0
4836.9 0.0
4837.2 0.0
4837.5 0.0
4837.8 0.0
4838.1 0.0
4838.4 0.0
4838.7 0.0
4839.0 0.0
4839.3 0.0
4839.6 0.0
4839.9 0.0
4840.2 0.0
4840.5 0.0
4840.8 0.0
4841.1 0.0
4841.4 0.0
4841.7 0.0
4842.0 0.0
4842.3 0.0
4842.6 0.0
4842.9 0.0
4843.2 0.0
4843.5 0.0
4843.8 0.0
4844.1 0.0
4844.4 0.0
4844.7 0.0
4845.0 0.0
4845.3 0.0
4845.6 0.0
4845.9 0.0
4846.2 0.0
4846.5 0.0
4846.8 0.0
4847.1 0.0
4847.4 0.0
4847.7 0.0
4848.0 0.0
4848.3 0.0
4848.6 0.0
4848.9 0.0
4849.2 0.0
4849.5 0.0
4849.8 0.0
4850.1 0.0
4850.4 0.0
4850.7 0.0
4851.0 0.0
4851.3 0.0
4851.6 0.0
4851.9 0.0
4852.2 0.0
4852.5 0.0
4852.8 0.0
4853.1 0.0
4853.4 0.0
4853.7 0.0
4854.0 0.0
4854.3 0.0
4854.6 0.0
4854.9 0.0
4855.2 0.0
4855.5 0.0
4855.8 0.0
4856.1 0.0
4856.4 0.0
4856.7 0.0
4857.0 0.0
4857.3 0.0
4857.6 0.0
4857.9 0.0
4858.2 0.0
4858.5 0.0
4858.8 0.0
4859.1 0.0
4859.4 0.0
4859.7 0.0
4860.0 0.0
4860.3 0.0
4860.6 0.0
4860.9 0.0
4861.2 0.0
4861.5 0.0
4861.8 0.0
4862.1 0.0
4862.4 0.0
4862.7 0.0
4863.0 0.0
4863.3 0.0
4863.6 0.0
4863.9 0.0
4864.2 0.0
4864.5 0.0
4864.8 0.0
4865.1 0.0
4865.4 0.0
4865.7 0.0
4866.0 0.0
4866.3 0.0
4866.6 0.0
4866.9 0.0
4867.2 0.0
4867.5 0.0
4867.8 0.0
4868.1 0.0
4868.4 0.0
4868.7 0.0
4869.0 0.0
4869.3 0.0
4869.6 0.0
4869.9 0.0
4870.2 0.0
4870.5 0.0
4870.8 0.0
4871.1 0.0
4871.4 0.0
4871.7 0.0
4872.0 0.0
4872.3 0.0
4872.6 0.0
4872.9 0.0
4873.2 0.0
4873.5 0.0
4873.8 0.0
4874.1 0.0
4874.4 0.0
4874.7 0.0
4875.0 0.0
4875.3 0.0
4875.6 0.0
4875.9 0.0
4876.2 0.0
4876.5 0.0
4876.8 0.0
4877.1 0.0
4877.4 0.0
4877.7 0.0
4878.0 0.0
4878.3 0.0
4878.6 0.0
4878.9 0.0
4879.2 0.0
4879.5 0.0
4879.8 0.0
4880.1 0.0
4880.4 0.0
4880.7 0.0
4881.0 0.0
4881.3 0.0
4881.6 0.0
4881.9 0.0
4882.2 0.0
4882.5 0.0
4882.8 0.0
4883.1 0.0
4883.4 0.0
4883.7 0.0
4884.0 0.0
4884.3 0.0
4884.6 0.0
4884.9 0.0
4885.2 0.0
4885.5 0.0
4885.8 0.0
4886.1 0.0
4886.4 0.0
4886.7 0.0
4887.0 0.0
4887.3 0.0
4887.6 0.0
4887.9 0.0
4888.2 0.0
4888.5 0.0
4888.8 0.0
4889.1 0.0
4889.4 0.0
4889.7 0.0
4890.0 0.0
4890.3 0.0
4890.6 0.0
4890.9 0.0
4891.2 0.0
4891.5 0.0
4891.8 0.0
4892.1 0.0
4892.4 0.0
4892.7 0.0
4893.0 0.0
4893.3 0.0
4893.6 0.0
4893.9 0.0
4894.2 0.0
4894.5 0.0
4894.8 0.0
4895.1 0.0
4895.4 0.0
4895.7 0.0
4896.0 0.0
4896.3 0.0
4896.6 0.0
4896.9 0.0
4897.2 0.0
4897.5 0.0
4897.8 0.0
4898.1 0.0
4898.4 0.0
4898.7 0.0
4899.0 0.0
4899.3 0.0
4899.6 0.0
4899.9 0.0
4900.2 0.0
4900.5 0.0
4900.8 0.0
4901.1 0.0
4901.4 0.0
4901.7 0.0
4902.0 0.0
4902.3 0.0
4902.6 0.0
4902.9 0.0
4903.2 0.0
4903.5 0.0
4903.8 0.0
4904.1 0.0
4904.4 0.0
4904.7 0.0
4905.0 0.0
4905.3 1.115342068241888e-15
4905.6 1.3923151451398049e-15
4905.9 2.5076572133816928e-15
4906.2 7.799944717042995e-15
4906.5 1.8384518930272212e-14
4906.8 4.623089838367092e-14
4907.1 9.87925971554415e-14
4907.4 2.2602537931657675e-13
4907.7 5.089532237636679e-13
4908.0 1.136847580545602e-12
4908.3 2.512424240693457e-12
4908.6 5.5210167500927714e-12
4908.9 1.2051064688528308e-11
4909.2 2.6111445828547685e-11
4909.5 5.61541725492803e-11
4909.8 1.1990932390303448e-10
4910.1 2.541935869615679e-10
4910.4 5.348937922699909e-10
4910.7 1.1170929554953256e-9
4911.0 2.3149124566957233e-9
4911.3 4.758722426344419e-9
4911.6 9.701312267923386e-9
4911.9 1.960759991902855e-8
4912.2 3.9277669017466646e-8
4912.5 7.796252150185257e-8
4912.8 1.5331049534651926e-7
4913.1 2.9866747907151867e-7
4913.4 5.765061473707264e-7
4913.7 1.1030840032606352e-6
4914.0 2.0938493340408564e-6
4914.3 3.947712695744937e-6
4914.6 7.405341921971815e-6
4914.9 1.3850652468142111e-5
4915.2 2.5892173020084607e-5
4915.5 4.849236975478606e-5
4915.8 9.116075014050493e-5
4916.1 0.00017217420470759276
4916.4 0.00032655412364073405
4916.7 0.0006207581946322042
4917.0 0.001178857363796092
4917.3 0.0022273696975305705
4917.6 0.004168621125325862
4917.9 0.007694684068747546
4918.2 0.013954045914828435
4918.5 0.02477881558816197
4918.8 0.04296864199419051
4919.1 0.07260627474590965
4919.4 0.11934863430993549
4919.7 0.1906004771077606
4920.0 0.2954451730931685
4920.3 0.4441944898175974
4920.6 0.6474449003604215
4920.9 0.9146066953826321
4921.2 1.2520041053039606
4921.5 1.6608124061713907
4921.8 2.1352542596090003
4922.1 2.661571913378742
4922.4 3.21825754742739
4922.7 3.777849218651984
4923.0 4.3103000103760465
4923.3 4.787577288691853
4923.6 5.188894324006935
4923.9 5.505896800733929
4924.2 5.747333610250339
4924.5 5.943179824405035
4924.8 6.148737950294439
4925.1 6.449673091499313
4925.4 6.9690138325617745
4925.7 7.8766143001949205
4926.0 9.400378720557354
4926.3 11.83677641840182
4926.6 15.556214721624114
4926.9 20.997261462518765
4927.2 28.643283323209467
4927.5 38.97650735209565
4927.8 52.40825391296411
4928.1 69.18996011272282
4928.4 89.31672034843001
4928.7 112.44155322904271
4929.0 137.82242277901105
4929.3 164.322843529254
4929.6 190.4798251977918
4929.9 214.64032148217666
4930.2 235.15166798206337
4930.5 250.57674471047358
4930.8 259.8950204588473
4931.1 262.6495974524878
4931.4 259.0092175989412
4931.7 249.73094259947538
4932.0 236.03014364955015
4932.3 219.38385959761217
4932.6 201.30676219426095
4932.9 183.14270606916398
4933.2 165.9086854122579
4933.5 150.21424289792776
4933.8 136.26185749471188
4934.1 123.9169609323144
4934.4 112.82392769679427
4934.7 102.53854839503765
4935.0 92.64880767464638
4935.3 82.8627521134913
4935.6 73.052505671978
4935.9 63.25447836518288
4936.2 53.63468656130135
4936.5 44.433632761007175
4936.8 35.906380636035465
4937.1 28.27111317947856
4937.4 21.674657024705084
4937.7 16.17791283513361
4938.0 11.759263250165532
4938.3 8.330812208383577
4938.6 5.761117401563752
4938.9 3.8985721492297216
4939.2 2.5912299569928336
4939.5 1.7008707501825597
4939.8 1.1109228703637015
4940.1 0.7291144110539616
4940.4 0.48635638882139887
4940.7 0.33344381588679095
4941.0 0.23690320176733282
4941.3 0.17490571348342426
4941.6 0.13375892883093193
4941.9 0.10516971946052371
4942.2 0.0842633617984578
4942.5 0.06823753115115742
4942.8 0.05549712518702786
4943.1 0.0451251516835632
4943.4 0.036573922662532614
4943.7 0.029492410268418187
4944.0 0.023633767738277342
4944.3 0.018807782978419164
4944.6 0.014857452101304498
4944.9 0.011647860832464463
4945.2 0.009061064349089555
4945.5 0.006993665176026907
4945.8 0.005355490279626904
4946.1 0.004068622700247086
4946.4 0.0030664772598550834
4946.7 0.0022928189218142953
4947.0 0.0017007205923877966
4947.3 0.0012514867814310926
4947.6 0.0009135816007771947
4947.9 0.0006615984477655949
4948.2 0.00047529837368802364
4948.5 0.00033873639288020256
4948.8 0.0002394860562936097
4949.1 0.0001679657548551212
4949.4 0.0001168645823405853
4949.7 8.066149198224686e-5
4950.0 5.52294051099236e-5
4950.3 3.751413690040453e-5
4950.6 2.527783107131617e-5
4950.9 1.6896808285290227e-5
4951.2 1.1204419781095111e-5
4951.5 7.370446271548286e-6
4951.8 4.809697329606497e-6
4952.1 3.1135884439689043e-6
4952.4 1.999512287112292e-6
4952.7 1.2738145684127387e-6
4953.0 8.05021811247535e-7
4953.3 5.046941600807948e-7
4953.6 3.1388319669081996e-7
4953.9 1.9365424732845449e-7
4954.2 1.1852366761238004e-7
4954.5 7.196183869322549e-8
4954.8 4.3342950676510204e-8
4955.1 2.5897256390287622e-8
4955.4 1.5349989982427407e-8
4955.7 9.025711816576211e-9
4956.0 5.2647025220334385e-9
4956.3 3.0463876361465594e-9
4956.6 1.7487017637236292e-9
4956.9 9.957846481824884e-10
4957.2 5.625137989291224e-10
4957.5 3.1522510940361797e-10
4957.8 1.7523779649586402e-10
4958.1 9.663974481766147e-11
4958.4 5.286805368487357e-11
4958.7 2.8691535258751344e-11
4959.0 1.544695274469099e-11
4959.3 8.250095051565154e-12
4959.6 4.371175730405463e-12
4959.9 2.2966652451356095e-12
4960.2 1.1986771167663002e-12
4960.5 6.185173900830065e-13
4960.8 3.1804899968020106e-13
4961.1 1.61421847026319e-13
4961.4 8.230915948814754e-14
4961.7 4.075502075032676e-14
4962.0 2.077706936891039e-14
4962.3 9.589416696961176e-15
4962.6 4.794708348480588e-15
4962.9 3.19647237349255e-15
4963.2 0.0
4963.5 1.598236186746275e-15
4963.8 0.0
4964.1 0.0
4964.4 0.0
4964.7 0.0
4965.0 0.0
4965.3 0.0
4965.6 0.0
4965.9 0.0
4966.2 0.0
4966.5 0.0
4966.8 0.0
4967.1 0.0
4967.4 0.0
4967.7 0.0
4968.0 0.0
4968.3 0.0
4968.6 0.0
4968.9 0.0
4969.2 0.0
4969.5 0.0
4969.8 0.0
4970.1 0.0
4970.4 0.0
4970.7 0.0
4971.0 0.0
4971.3 0.0
4971.6 0.0
4971.9 0.0
4972.2 0.0
4972.5 0.0
4972.8 0.0
4973.1 0.0
4973.4 0.0
4973.7 0.0
4974.0 0.0
4974.3 0.0
4974.6 0.0
4974.9 0.0
4975.2 0.0
4975.5 0.0
4975.8 0.0
4976.1 0.0
4976.4 0.0
4976.7 0.0
4977.0 0.0
4977.3 0.0
4977.6 0.0
4977.9 0.0
4978.2 0.0
4978.5 0.0
4978.8 0.0
4979.1 0.0
4979.4 0.0
4979.7 0.0
4980.0 0.0
4980.3 0.0
4980.6 0.0
4980.9 0.0
4981.2 0.0
4981.5 0.0
4981.8 0.0
4982.1 0.0
4982.4 0.0
4982.7 0.0
4983.0 0.0
4983.3 0.0
4983.6 0.0
4983.9 0.0
4984.2 0.0
4984.5 0.0
4984.8 0.0
4985.1 0.0
4985.4 0.0
4985.7 0.0
4986.0 0.0
4986.3 0.0
4986.6 0.0
4986.9 0.0
4987.2 0.0
4987.5 0.0
4987.8 0.0
4988.1 0.0
4988.4 0.0
4988.7 0.0
4989.0 0.0
4989.3 0.0
4989.6 0.0
4989.9 0.0
4990.2 0.0
4990.5 0.0
4990.8 0.0
4991.1 0.0
4991.4 0.0
4991.7 0.0
4992.0 0.0
4992.3 0.0
4992.6 0.0
4992.9 0.0
4993.2 0.0
4993.5 0.0
4993.8 0.0
4994.1 0.0
4994.4 0.0
4994.7 0.0
4995.0 0.0
4995.3 0.0
4995.6 0.0
4995.9 0.0
4996.2 0.0
4996.5 0.0
4996.8 0.0
4997.1 0.0
4997.4 0.0
4997.7 0.0
4998.0 0.0
4998.3 0.0
4998.6 0.0
4998.9 0.0
4999.2 0.0
4999.5 0.0
4999.8 0.0
5000.1 0.0
5000.4 0.0
5000.7 0.0
5001.0 0.0
5001.3 1.7094768648905046e-16
5001.6 1.7094768648905046e-16
5001.9 5.12843085936931e-16
5002.2 1.1966338318931328e-15
5002.5 2.9061107497231967e-15
5002.8 6.581486234230908e-15
5003.1 1.649923015984415e-14
5003.4 3.581631965954914e-14
5003.7 7.975265629344764e-14
5004.0 1.8054031640549705e-13
5004.3 3.8979417410260565e-13
5004.6 8.454117626156723e-13
5004.9 1.802455054447107e-12
5005.2 3.806554243769014e-12
5005.5 7.946347870844789e-12
5005.8 1.6394247893156807e-11
5006.1 3.344059208679572e-11
5006.4 6.74405015145012e-11
5006.7 1.3443801809515863e-10
5007.0 2.6495774387922245e-10
5007.3 5.162290283858075e-10
5007.6 9.943117702512953e-10
5007.9 1.8933570573509867e-9
5008.2 3.5642621246925826e-9
5008.5 6.633477323770202e-9
5008.8 1.2205424711865109e-8
5009.1 2.220305582267918e-8
5009.4 3.993277756475472e-8
5009.7 7.100905065194009e-8
5010.0 1.2484670131295925e-7
5010.3 2.1703682295312377e-7
5010.6 3.7307697096152133e-7
5010.9 6.341473711336078e-7
5011.2 1.0659317748490846e-6
5011.5 1.7719038227202597e-6
5011.8 2.913067488244075e-6
5012.1 4.736899657377083e-6
5012.4 7.619244147547734e-6
5012.7 1.212424825480302e-5
5013.0 1.9089263644917363e-5
5013.3 2.9744266382196637e-5
5013.6 4.587941329444404e-5
5013.9 7.008110119286208e-5
5014.2 0.00010606872245843257
5014.5 0.0001591854961859697
5014.8 0.00023713450966580808
5015.1 0.00035111648683256027
5015.4 0.0005176326528954864
5015.7 0.0007613811911008285
5016.0 0.001119906870959621
5016.3 0.0016509524192522647
5016.6 0.0024437569516665564
5016.9 0.0036357400377450694
5017.2 0.005435920903240828
5017.5 0.008155811582737735
5017.8 0.012247194467987072
5018.1 0.018344096917148917
5018.4 0.027303779785442718
5018.7 0.04023959049193814
5019.0 0.05853855629443623
5019.3 0.08386056166375061
5019.6 0.11812526007794683
5019.9 0.16350729341318074
5020.2 0.22247728969212643
5020.5 0.29793878617562014
5020.8 0.3935101533464623
5021.1 0.5139765282793242
5021.4 0.665882188218378
5021.7 0.8581537061159792
5022.0 1.1025540539602552
5022.3 1.413700182524337
5022.6 1.808372249653191
5022.9 2.303939688435708
5023.2 2.915943493826744
5023.5 3.6551875012778847
5023.8 4.525027108469225
5024.1 5.519795733048937
5024.4 6.62534227041113
5024.7 7.822369197553373
5025.0 9.092628979348236
5025.3 10.427162452617576
5025.6 11.834831727059802
5025.9 13.348732358427444
5026.2 15.027913053791028
5026.5 16.952430050530477
5026.8 19.211053227509314
5027.1 21.882777629924103
5027.4 25.015189705077695
5027.7 28.604216910158986
5028.0 32.580309946882096
5028.3 36.80541734441323
5028.6 41.08315765932542
5028.9 45.18176537472584
5029.2 48.86631260525655
5029.5 51.934185128764966
5029.8 54.24652972254353
5030.1 55.7488182231682
5030.4 56.47578836349203
5030.7 56.53936538984999
5031.0 56.10193555723163
5031.3 55.34062207372153
5031.6 54.41021045663274
5031.9 53.412606434336794
5032.2 52.379167291106796
5032.5 51.26931175672473
5032.8 49.98516793514597
5033.1 48.3985513360724
5033.4 46.38401192635347
5033.7 43.85063494907233
5034.0 40.76592195336064
5034.3 37.167173375513556
5034.6 33.15882081731666
5034.9 28.897286255811522
5035.2 24.567481612094184
5035.5 20.356366306565242
5035.8 16.428924957261927
5036.1 12.910654443556972
5036.4 9.878660638489599
5036.7 7.3613559467307885
5037.0 5.345059333286892
5037.3 3.784842909621402
5037.6 2.6168131892326887
5037.9 1.769492337144633
5038.2 1.1727990267639687
5038.5 0.7640176751533856
5038.8 0.49087593802503054
5039.1 0.312306079991296
5039.4 0.19764710486174447
5039.7 0.1250102454374162
5040.0 0.07937400952865079
5040.3 0.0507782859717874
5040.6 0.03280838102150342
5040.9 0.02142791637379969
5041.2 0.014138844808054623
5041.5 0.00940924090231742
5041.8 0.006300767798295427
5042.1 0.004234879164460808
5042.4 0.00285014732736192
5042.7 0.0019168060914546178
5043.0 0.001285995920149518
5043.3 0.000859546802296181
5043.6 0.000571761944633495
5043.9 0.00037820476433031273
5044.2 0.00024861878458669106
5044.5 0.0001623397710888482
5044.8 0.00010525280558237811
5045.1 6.773731972743134e-5
5045.4 4.3261541651351414e-5
5045.7 2.741386098186901e-5
5046.0 1.7233108758430795e-5
5046.3 1.074549537096762e-5
5046.6 6.645283609419791e-6
5046.9 4.075573297066081e-6
5047.2 2.478695733645456e-6
5047.5 1.4948389031050455e-6
5047.8 8.938914540208338e-7
5048.1 5.300067046691113e-7
5048.4 3.115838097428297e-7
5048.7 1.8161814228840116e-7
5049.0 1.0496176058366133e-7
5049.3 6.014361439997922e-8
5049.6 3.4169274924107765e-8
5049.9 1.9247418772364155e-8
5050.2 1.0749900147639823e-8
5050.5 5.953015850561794e-9
5050.8 3.268723488276009e-9
5051.1 1.7796595306796284e-9
5051.4 9.60789692099643e-10
5051.7 5.143944447633955e-10
5052.0 2.7318070170447007e-10
5052.3 1.4408799455660175e-10
5052.6 7.583895888769927e-11
5052.9 4.059717972915573e-11
5053.2 2.370588496765133e-11
5053.5 1.811216540526192e-11
5053.8 2.1758811723473e-11
5054.1 3.690876724355475e-11
5054.4 7.136479503687489e-11
5054.7 1.4210152800428548e-10
5055.0 2.826634841311291e-10
5055.3 5.573020377157897e-10
5055.6 1.0870957218314875e-9
5055.9 2.0969583309869406e-9
5056.2 3.99960332649438e-9
5056.5 7.542867538835878e-9
5056.8 1.4065407922234208e-8
5057.1 2.5933850754572245e-8
5057.4 4.728119761463981e-8
5057.7 8.523624578018248e-8
5058.0 1.5194400001818932e-7
5058.3 2.6784094443668665e-7
5058.6 4.668922900207266e-7
5058.9 8.048534186457804e-7
5059.2 1.3721239844053158e-6
5059.5 2.3134749654830617e-6
5059.8 3.857912266779661e-6
5060.1 6.36327283803463e-6
5060.4 1.0381931556071705e-5
5060.7 1.6756350083645033e-5
5061.0 2.675630228197304e-5
5061.3 4.2273734328922485e-5
5061.6 6.60968700267567e-5
5061.9 0.00010229342896617606
5062.2 0.00015674568969959753
5062.5 0.00023790183452491992
5062.8 0.0003578464071066028
5063.1 0.0005338618928477467
5063.4 0.000790776083999405
5063.7 0.0011646000098976886
5064.0 0.0017083042625307676
5064.3 0.002501096965584918
5064.6 0.0036632832855949976
5064.9 0.005379644891092964
5065.2 0.007935120960266568
5065.5 0.01176701414644089
5065.8 0.017537429700878095
5066.1 0.026227476986936955
5066.4 0.039250328874289135
5066.7 0.05857367450112154
5067.0 0.08683459433201764
5067.3 0.1274245502802894
5067.6 0.1845238406116505
5067.9 0.26307873614734095
5068.2 0.3687448820723345
5068.5 0.5078655999064942
5068.8 0.6876037337201374
5069.1 0.9163804568673966
5069.4 1.2047643822882887
5069.7 1.5668725489730484
5070.0 2.022173953559434
5070.3 2.5973411809962226
5070.6 3.327531960561557
5070.9 4.25629346176329
5071.2 5.433295525264025
5071.5 6.909412794087736
5071.8 8.729339786566046
5072.1 10.922857628935123
5072.4 13.496856440059766
5072.7 16.430929460855573
5073.0 19.679385276590715
5073.3 23.181645951485947
5073.6 26.88108144388607
5073.9 30.749738432189922
5074.2 34.81373700123104
5074.5 39.17216099176213
5074.8 44.00194277958437
5075.1 49.54300079391142
5075.4 56.06174294063247
5075.7 63.79639308424814
5076.0 72.89310615648259
5076.3 83.34609207392872
5076.6 94.95653297515986
5076.9 107.32298502745539
5077.2 119.87042914560004
5077.5 131.91687698848887
5077.8 142.767566311451
5078.1 151.81934879782966
5078.4 158.65413878838444
5078.7 163.10125705834434
5079.0 165.25453020128043
5079.3 165.43950131142628
5079.6 164.13701080021565
5079.9 161.87908486235392
5080.2 159.13906011682047
5080.5 156.23902384667053
5080.8 153.2935521774425
5081.1 150.2005303612625
5081.4 146.6795345920533
5081.7 142.3479998641807
5082.0 136.81766361373394
5082.3 129.7901822058218
5082.6 121.13193829841782
5082.9 110.91367140525941
5083.2 99.40900395176683
5083.5 87.05512898815655
5083.8 74.38669829680052
5084.1 61.95835825013024
5084.4 50.27191308845438
5084.7 39.7208642675007
5085.0 30.55956650914575
5085.3 22.897984160557666
5085.6 16.71784534660879
5085.9 11.902738390611141
5086.2 8.273866895330679
5086.5 5.624274989291056
5086.8 3.7466698116654573
5087.1 2.4525913098301713
5087.4 1.582933848258322
5087.7 1.0113143508639277
5088.0 0.6424526695835214
5088.3 0.40772921105649906
5088.6 0.25967647180907105
5088.9 0.16659344209397778
5089.2 0.10793204956296806
5089.5 0.0706903062766055
5089.8 0.0467839920258551
5090.1 0.03123729703053742
5090.4 0.02099435086096339
5090.7 0.014167719092282541
5091.0 0.009577005484447614
5091.3 0.0064712155153026606
5091.6 0.004363358139501927
5091.9 0.0029318397212192973
5092.2 0.001961013053590678
5092.5 0.0013046169111765333
5092.8 0.0008627200050857496
5093.1 0.0005667926294486147
5093.4 0.00036980688986989617
5093.7 0.00023954451536983783
5094.0 0.00015400991589177647
5094.3 9.825941809856733e-5
5094.6 6.220013613670474e-5
5094.9 3.906089691520401e-5
5095.2 2.4332123235210804e-5
5095.5 1.5033736210112916e-5
5095.8 9.212399978331635e-6
5096.1 5.59852667743582e-6
5096.4 3.3740480612727035e-6
5096.7 2.0164678167981907e-6
5097.0 1.1950434528374882e-6
5097.3 7.022982260170284e-7
5097.6 4.092614709766601e-7
5097.9 2.3649390932929148e-7
5098.2 1.3551249029136028e-7
5098.5 7.699832027790601e-8
5098.8 4.338400925628278e-8
5099.1 2.4239850782862203e-8
5099.4 1.3430371633047547e-8
5099.7 7.37925823809425e-9
5100.0 4.020775176361535e-9
5100.3 2.172654135714866e-9
5100.6 1.1643052340333944e-9
5100.9 6.187888149689508e-10
5101.2 3.261603897645901e-10
5101.5 1.7050984399726157e-10
5101.8 8.841038242425725e-11
5102.1 4.5461875212518565e-11
5102.4 2.319290898139794e-11
5102.7 1.173294668869719e-11
5103.0 5.885954495024579e-12
5103.3 2.9380017407223713e-12
5103.6 1.4456044597054712e-12
5103.9 7.120790637910393e-13
5104.2 3.432863327911158e-13
5104.5 1.6526658039588311e-13
5104.8 7.42266830140205e-14
5105.1 4.117336693484387e-14
5105.4 1.652665803958831e-14
5105.7 8.406605913371641e-15
5106.0 8.120051702700196e-15
5106.3 0.0
5106.6 0.0
5106.9 0.0
5107.2 0.0
5107.5 0.0
5107.8 0.0
5108.1 0.0
5108.4 0.0
5108.7 0.0
5109.0 0.0
5109.3 0.0
5109.6 0.0
5109.9 0.0
5110.2 0.0
5110.5 0.0
5110.8 0.0
5111.1 0.0
5111.4 0.0
5111.7 0.0
5112.0 0.0
5112.3 0.0
5112.6 0.0
5112.9 0.0
5113.2 0.0
5113.5 0.0
5113.8 0.0
5114.1 0.0
5114.4 0.0
5114.7 0.0
5115.0 0.0
5115.3 0.0
5115.6 0.0
5115.9 0.0
5116.2 0.0
5116.5 0.0
5116.8 0.0
5117.1 0.0
5117.4 0.0
5117.7 0.0
5118.0 0.0
5118.3 0.0
5118.6 0.0
5118.9 0.0
5119.2 0.0
5119.5 0.0
5119.8 0.0
5120.1 0.0
5120.4 0.0
5120.7 0.0
5121.0 0.0
5121.3 0.0
5121.6 0.0
5121.9 0.0
5122.2 0.0
5122.5 0.0
5122.8 0.0
5123.1 0.0
5123.4 0.0
5123.7 0.0
5124.0 0.0
5124.3 0.0
5124.6 0.0
5124.9 0.0
5125.2 0.0
5125.5 0.0
5125.8 0.0
5126.1 0.0
5126.4 0.0
5126.7 0.0
5127.0 0.0
5127.3 0.0
5127.6 0.0
5127.9 0.0
5128.2 0.0
5128.5 0.0
5128.8 0.0
5129.1 0.0
5129.4 0.0
5129.7 0.0
5130.0 0.0
5130.3 0.0
5130.6 0.0
5130.9 0.0
5131.2 0.0
5131.5 0.0
5131.8 0.0
5132.1 0.0
5132.4 0.0
5132.7 0.0
5133.0 0.0
5133.3 0.0
5133.6 0.0
5133.9 0.0
5134.2 0.0
5134.5 0.0
5134.8 0.0
5135.1 0.0
5135.4 0.0
5135.7 0.0
5136.0 0.0
5136.3 0.0
5136.6 0.0
5136.9 0.0
5137.2 0.0
5137.5 0.0
5137.8 0.0
5138.1 0.0
5138.4 0.0
5138.7 0.0
5139.0 0.0
5139.3 0.0
5139.6 0.0
5139.9 0.0
5140.2 0.0
5140.5 0.0
5140.8 0.0
5141.1 0.0
5141.4 0.0
5141.7 0.0
5142.0 0.0
5142.3 0.0
5142.6 0.0
5142.9 0.0
5143.2 0.0
5143.5 0.0
5143.8 0.0
5144.1 0.0
5144.4 0.0
5144.7 0.0
5145.0 0.0
5145.3 0.0
5145.6 0.0
5145.9 0.0
5146.2 0.0
5146.5 0.0
5146.8 0.0
5147.1 0.0
5147.4 0.0
5147.7 0.0
5148.0 0.0
5148.3 0.0
5148.6 0.0
5148.9 0.0
5149.2 0.0
5149.5 0.0
5149.8 0.0
5150.1 0.0
5150.4 0.0
5150.7 0.0
5151.0 0.0
5151.3 0.0
5151.6 0.0
5151.9 0.0
5152.2 0.0
5152.5 0.0
5152.8 0.0
5153.1 0.0
5153.4 0.0
5153.7 0.0
5154.0 0.0
5154.3 0.0
5154.6 0.0
5154.9 0.0
5155.2 0.0
5155.5 0.0
5155.8 0.0
5156.1 0.0
5156.4 0.0
5156.7 0.0
5157.0 0.0
5157.3 0.0
5157.6 0.0
5157.9 0.0
5158.2 0.0
5158.5 0.0
5158.8 0.0
5159.1 0.0
5159.4 0.0
5159.7 0.0
5160.0 0.0
5160.3 0.0
5160.6 0.0
5160.9 0.0
5161.2 0.0
5161.5 0.0
5161.8 0.0
5162.1 0.0
5162.4 0.0
5162.7 0.0
5163.0 0.0
5163.3 0.0
5163.6 0.0
5163.9 0.0
5164.2 0.0
5164.5 0.0
5164.8 0.0
5165.1 0.0
5165.4 0.0
5165.7 0.0
5166.0 0.0
5166.3 0.0
5166.6 0.0
5166.9 0.0
5167.2 0.0
5167.5 0.0
5167.8 0.0
5168.1 0.0
5168.4 0.0
5168.7 0.0
5169.0 0.0
5169.3 0.0
5169.6 0.0
5169.9 0.0
5170.2 0.0
5170.5 0.0
5170.8 0.0
5171.1 0.0
5171.4 0.0
5171.7 0.0
5172.0 0.0
5172.3 0.0
5172.6 0.0
5172.9 0.0
5173.2 0.0
5173.5 0.0
5173.8 0.0
5174.1 0.0
5174.4 0.0
5174.7 0.0
5175.0 0.0
5175.3 0.0
5175.6 0.0
5175.9 0.0
5176.2 0.0
5176.5 0.0
5176.8 0.0
5177.1 0.0
5177.4 0.0
5177.7 0.0
5178.0 0.0
5178.3 0.0
5178.6 0.0
5178.9 0.0
5179.2 0.0
5179.5 0.0
5179.8 0.0
5180.1 0.0
5180.4 0.0
5180.7 0.0
5181.0 0.0
5181.3 0.0
5181.6 0.0
5181.9 0.0
5182.2 0.0
5182.5 0.0
5182.8 0.0
5183.1 0.0
5183.4 0.0
5183.7 0.0
5184.0 0.0
5184.3 0.0
5184.6 0.0
5184.9 0.0
5185.2 0.0
5185.5 0.0
5185.8 0.0
5186.1 0.0
5186.4 0.0
5186.7 0.0
5187.0 0.0
5187.3 0.0
5187.6 0.0
5187.9 0.0
5188.2 0.0
5188.5 0.0
5188.8 0.0
5189.1 0.0
5189.4 0.0
5189.7 0.0
5190.0 0.0
5190.3 0.0
5190.6 0.0
5190.9 0.0
5191.2 0.0
5191.5 0.0
5191.8 0.0
5192.1 0.0
5192.4 0.0
5192.7 0.0
5193.0 0.0
5193.3 0.0
5193.6 0.0
5193.9 0.0
5194.2 0.0
5194.5 0.0
5194.8 0.0
5195.1 0.0
5195.4 0.0
5195.7 0.0
5196.0 0.0
5196.3 0.0
5196.6 0.0
5196.9 0.0
5197.2 0.0
5197.5 0.0
5197.8 0.0
5198.1 0.0
5198.4 0.0
5198.7 0.0
5199.0 0.0
5199.3 0.0
5199.6 0.0
5199.9 0.0
5200.2 0.0
5200.5 0.0
5200.8 0.0
5201.1 0.0
5201.4 0.0
5201.7 0.0
5202.0 0.0
5202.3 0.0
5202.6 0.0
5202.9 0.0
5203.2 0.0
5203.5 0.0
5203.8 0.0
5204.1 0.0
5204.4 0.0
5204.7 0.0
5205.0 0.0
5205.3 0.0
5205.6 0.0
5205.9 0.0
5206.2 0.0
5206.5 0.0
5206.8 0.0
5207.1 0.0
5207.4 0.0
5207.7 0.0
5208.0 0.0
5208.3 0.0
5208.6 0.0
5208.9 0.0
5209.2 0.0
5209.5 0.0
5209.8 0.0
5210.1 0.0
5210.4 0.0
5210.7 0.0
5211.0 0.0
5211.3 0.0
5211.6 0.0
5211.9 0.0
5212.2 0.0
5212.5 0.0
5212.8 0.0
5213.1 0.0
5213.4 0.0
5213.7 0.0
5214.0 0.0
5214.3 0.0
5214.6 0.0
5214.9 0.0
5215.2 0.0
5215.5 0.0
5215.8 0.0
5216.1 0.0
5216.4 0.0
5216.7 0.0
5217.0 0.0
5217.3 0.0
5217.6 0.0
5217.9 0.0
5218.2 0.0
5218.5 0.0
5218.8 0.0
5219.1 0.0
5219.4 0.0
5219.7 0.0
5220.0 0.0
5220.3 0.0
5220.6 0.0
5220.9 0.0
5221.2 0.0
5221.5 0.0
5221.8 0.0
5222.1 0.0
5222.4 0.0
5222.7 0.0
5223.0 0.0
5223.3 0.0
5223.6 0.0
5223.9 0.0
5224.2 0.0
5224.5 0.0
5224.8 0.0
5225.1 0.0
5225.4 0.0
5225.7 0.0
5226.0 0.0
5226.3 0.0
5226.6 0.0
5226.9 0.0
5227.2 0.0
5227.5 0.0
5227.8 0.0
5228.1 0.0
5228.4 0.0
5228.7 0.0
5229.0 0.0
5229.3 0.0
5229.6 0.0
5229.9 0.0
5230.2 0.0
5230.5 0.0
5230.8 0.0
5231.1 0.0
5231.4 0.0
5231.7 0.0
5232.0 0.0
5232.3 0.0
5232.6 0.0
5232.9 0.0
5233.2 0.0
5233.5 0.0
5233.8 0.0
5234.1 0.0
5234.4 0.0
5234.7 0.0
5235.0 0.0
5235.3 0.0
5235.6 0.0
5235.9 0.0
5236.2 0.0
5236.5 0.0
5236.8 0.0
5237.1 0.0
5237.4 0.0
5237.7 0.0
5238.0 0.0
5238.3 0.0
5238.6 0.0
5238.9 0.0
5239.2 0.0
5239.5 0.0
5239.8 0.0
5240.1 0.0
5240.4 0.0
5240.7 0.0
5241.0 0.0
5241.3 0.0
5241.6 0.0
5241.9 0.0
5242.2 0.0
5242.5 0.0
5242.8 0.0
5243.1 0.0
5243.4 0.0
5243.7 0.0
5244.0 0.0
5244.3 0.0
5244.6 0.0
5244.9 0.0
5245.2 0.0
5245.5 0.0
5245.8 0.0
5246.1 0.0
5246.4 0.0
5246.7 0.0
5247.0 0.0
5247.3 0.0
5247.6 0.0
5247.9 0.0
5248.2 0.0
5248.5 0.0
5248.8 0.0
5249.1 0.0
5249.4 0.0
5249.7 0.0
5250.0 0.0
5250.3 0.0
5250.6 0.0
5250.9 0.0
5251.2 0.0
5251.5 0.0
5251.8 0.0
5252.1 0.0
5252.4 0.0
5252.7 0.0
5253.0 0.0
5253.3 0.0
5253.6 0.0
5253.9 0.0
5254.2 0.0
5254.5 0.0
5254.8 0.0
5255.1 0.0
5255.4 0.0
5255.7 0.0
5256.0 0.0
5256.3 0.0
5256.6 0.0
5256.9 0.0
5257.2 0.0
5257.5 0.0
5257.8 0.0
5258.1 0.0
5258.4 0.0
5258.7 0.0
5259.0 0.0
5259.3 0.0
5259.6 0.0
5259.9 0.0
5260.2 0.0
5260.5 0.0
5260.8 0.0
5261.1 0.0
5261.4 0.0
5261.7 0.0
5262.0 0.0
5262.3 0.0
5262.6 0.0
5262.9 0.0
5263.2 0.0
5263.5 0.0
5263.8 0.0
5264.1 0.0
5264.4 0.0
5264.7 0.0
5265.0 0.0
5265.3 0.0
5265.6 0.0
5265.9 0.0
5266.2 0.0
5266.5 0.0
5266.8 0.0
5267.1 0.0
5267.4 0.0
5267.7 0.0
5268.0 0.0
5268.3 0.0
5268.6 0.0
5268.9 0.0
5269.2 0.0
5269.5 0.0
5269.8 0.0
5270.1 0.0
5270.4 0.0
5270.7 0.0
5271.0 0.0
5271.3 0.0
5271.6 0.0
5271.9 0.0
5272.2 0.0
5272.5 0.0
5272.8 0.0
5273.1 0.0
5273.4 0.0
5273.7 0.0
5274.0 0.0
5274.3 0.0
5274.6 0.0
5274.9 0.0
5275.2 0.0
5275.5 0.0
5275.8 0.0
5276.1 0.0
5276.4 0.0
5276.7 0.0
5277.0 0.0
5277.3 0.0
5277.6 0.0
5277.9 0.0
5278.2 0.0
5278.5 0.0
5278.8 0.0
5279.1 0.0
5279.4 0.0
5279.7 0.0
5280.0 0.0
5280.3 0.0
5280.6 0.0
5280.9 0.0
5281.2 0.0
5281.5 0.0
5281.8 0.0
5282.1 0.0
5282.4 0.0
5282.7 0.0
5283.0 0.0
5283.3 0.0
5283.6 0.0
5283.9 0.0
5284.2 0.0
5284.5 0.0
5284.8 0.0
5285.1 0.0
5285.4 0.0
5285.7 0.0
5286.0 0.0
5286.3 0.0
5286.6 0.0
5286.9 0.0
5287.2 0.0
5287.5 0.0
5287.8 0.0
5288.1 0.0
5288.4 0.0
5288.7 0.0
5289.0 0.0
5289.3 0.0
5289.6 0.0
5289.9 0.0
5290.2 0.0
5290.5 0.0
5290.8 0.0
5291.1 0.0
5291.4 0.0
5291.7 0.0
5292.0 0.0
5292.3 0.0
5292.6 0.0
5292.9 0.0
5293.2 0.0
5293.5 0.0
5293.8 0.0
5294.1 0.0
5294.4 0.0
5294.7 0.0
5295.0 0.0
5295.3 0.0
5295.6 0.0
5295.9 0.0
5296.2 0.0
5296.5 0.0
5296.8 0.0
5297.1 0.0
5297.4 0.0
5297.7 0.0
5298.0 0.0
5298.3 0.0
5298.6 0.0
5298.9 0.0
5299.2 0.0
5299.5 0.0
5299.8 0.0
5300.1 0.0
5300.4 0.0
5300.7 0.0
5301.0 0.0
5301.3 0.0
5301.6 0.0
5301.9 0.0
5302.2 0.0
5302.5 0.0
5302.8 0.0
5303.1 0.0
5303.4 0.0
5303.7 0.0
5304.0 0.0
5304.3 0.0
5304.6 0.0
5304.9 0.0
5305.2 0.0
5305.5 0.0
5305.8 0.0
5306.1 0.0
5306.4 0.0
5306.7 0.0
5307.0 0.0
5307.3 0.0
5307.6 0.0
5307.9 0.0
5308.2 0.0
5308.5 0.0
5308.8 0.0
5309.1 0.0
5309.4 0.0
5309.7 0.0
5310.0 0.0
5310.3 0.0
5310.6 0.0
5310.9 0.0
5311.2 0.0
5311.5 0.0
5311.8 0.0
5312.1 0.0
5312.4 0.0
5312.7 0.0
5313.0 0.0
5313.3 0.0
5313.6 0.0
5313.9 0.0
5314.2 0.0
5314.5 0.0
5314.8 0.0
5315.1 0.0
5315.4 0.0
5315.7 0.0
5316.0 0.0
5316.3 0.0
5316.6 0.0
5316.9 0.0
5317.2 0.0
5317.5 0.0
5317.8 0.0
5318.1 0.0
5318.4 0.0
5318.7 0.0
5319.0 0.0
5319.3 0.0
5319.6 0.0
5319.9 0.0
5320.2 0.0
5320.5 0.0
5320.8 0.0
5321.1 0.0
5321.4 0.0
5321.7 0.0
5322.0 0.0
5322.3 0.0
5322.6 0.0
5322.9 0.0
5323.2 0.0
5323.5 0.0
5323.8 0.0
5324.1 0.0
5324.4 0.0
5324.7 0.0
5325.0 0.0
5325.3 0.0
5325.6 0.0
5325.9 0.0
5326.2 0.0
5326.5 0.0
5326.8 0.0
5327.1 0.0
5327.4 0.0
5327.7 0.0
5328.0 0.0
5328.3 0.0
5328.6 0.0
5328.9 0.0
5329.2 0.0
5329.5 0.0
5329.8 0.0
