4662.0 0.0
4662.3 0.0
4662.6 0.0
4662.9 0.0
4663.2 0.0
4663.5 0.0
4663.8 0.0
4664.1 0.0
4664.4 0.0
4664.7 0.0
4665.0 0.0
4665.3 0.0
4665.6 0.0
4665.9 0.0
4666.2 0.0
4666.5 0.0
4666.8 0.0
4667.1 0.0
4667.4 0.0
4667.7 0.0
4668.0 0.0
4668.3 0.0
4668.6 0.0
4668.9 0.0
4669.2 0.0
4669.5 0.0
4669.8 0.0
4670.1 0.0
4670.4 0.0
4670.7 0.0
4671.0 0.0
4671.3 0.0
4671.6 0.0
4671.9 0.0
4672.2 0.0
4672.5 0.0
4672.8 0.0
4673.1 0.0
4673.4 0.0
4673.7 0.0
4674.0 0.0
4674.3 0.0
4674.6 0.0
4674.9 0.0
4675.2 0.0
4675.5 0.0
4675.8 0.0
4676.1 0.0
4676.4 0.0
4676.7 0.0
4677.0 0.0
4677.3 0.0
4677.6 0.0
4677.9 0.0
4678.2 0.0
4678.5 0.0
4678.8 0.0
4679.1 0.0
4679.4 0.0
4679.7 0.0
4680.0 0.0
4680.3 0.0
4680.6 0.0
4680.9 0.0
4681.2 0.0
4681.5 0.0
4681.8 0.0
4682.1 0.0
4682.4 0.0
4682.7 0.0
4683.0 0.0
4683.3 0.0
4683.6 0.0
4683.9 0.0
4684.2 0.0
4684.5 0.0
4684.8 0.0
4685.1 0.0
4685.4 0.0
4685.7 0.0
4686.0 0.0
4686.3 0.0
4686.6 0.0
4686.9 0.0
4687.2 0.0
4687.5 0.0
4687.8 0.0
4688.1 0.0
4688.4 0.0
4688.7 0.0
4689.0 0.0
4689.3 0.0
4689.6 0.0
4689.9 0.0
4690.2 0.0
4690.5 0.0
4690.8 0.0
4691.1 0.0
4691.4 0.0
4691.7 0.0
4692.0 0.0
4692.3 0.0
4692.6 0.0
4692.9 0.0
4693.2 0.0
4693.5 0.0
4693.8 0.0
4694.1 0.0
4694.4 0.0
4694.7 0.0
4695.0 0.0
4695.3 0.0
4695.6 0.0
4695.9 0.0
4696.2 0.0
4696.5 0.0
4696.8 0.0
4697.1 0.0
4697.4 0.0
4697.7 0.0
4698.0 0.0
4698.3 0.0
4698.6 0.0
4698.9 0.0
4699.2 0.0
4699.5 0.0
4699.8 0.0
4700.1 0.0
4700.4 0.0
4700.7 0.0
4701.0 0.0
4701.3 0.0
4701.6 0.0
4701.9 0.0
4702.2 0.0
4702.5 0.0
4702.8 0.0
4703.1 0.0
4703.4 0.0
4703.7 0.0
4704.0 0.0
4704.3 0.0
4704.6 0.0
4704.9 0.0
4705.2 0.0
4705.5 0.0
4705.8 0.0
4706.1 0.0
4706.4 0.0
4706.7 0.0
4707.0 0.0
4707.3 0.0
4707.6 0.0
4707.9 0.0
4708.2 0.0
4708.5 0.0
4708.8 0.0
4709.1 0.0
4709.4 0.0
4709.7 0.0
4710.0 0.0
4710.3 0.0
4710.6 0.0
4710.9 0.0
4711.2 0.0
4711.5 0.0
4711.8 0.0
4712.1 0.0
4712.4 0.0
4712.7 0.0
4713.0 0.0
4713.3 0.0
4713.6 0.0
4713.9 0.0
4714.2 0.0
4714.5 0.0
4714.8 0.0
4715.1 0.0
4715.4 0.0
4715.7 0.0
4716.0 0.0
4716.3 0.0
4716.6 0.0
4716.9 0.0
4717.2 0.0
4717.5 0.0
4717.8 0.0
4718.1 0.0
4718.4 0.0
4718.7 0.0
4719.0 0.0
4719.3 0.0
4719.6 0.0
4719.9 0.0
4720.2 0.0
4720.5 0.0
4720.8 0.0
4721.1 0.0
4721.4 0.0
4721.7 0.0
4722.0 0.0
4722.3 0.0
4722.6 0.0
4722.9 0.0
4723.2 0.0
4723.5 0.0
4723.8 0.0
4724.1 0.0
4724.4 0.0
4724.7 0.0
4725.0 0.0
4725.3 0.0
4725.6 0.0
4725.9 0.0
4726.2 0.0
4726.5 0.0
4726.8 0.0
4727.1 0.0
4727.4 0.0
4727.7 0.0
4728.0 0.0
4728.3 0.0
4728.6 0.0
4728.9 0.0
4729.2 0.0
4729.5 0.0
4729.8 0.0
4730.1 0.0
4730.4 0.0
4730.7 0.0
4731.0 0.0
4731.3 0.0
4731.6 0.0
4731.9 0.0
4732.2 0.0
4732.5 0.0
4732.8 0.0
4733.1 0.0
4733.4 0.0
4733.7 0.0
4734.0 0.0
4734.3 0.0
4734.6 0.0
4734.9 0.0
4735.2 0.0
4735.5 0.0
4735.8 0.0
4736.1 0.0
4736.4 0.0
4736.7 0.0
4737.0 0.0
4737.3 0.0
4737.6 0.0
4737.9 0.0
4738.2 0.0
4738.5 0.0
4738.8 0.0
4739.1 0.0
4739.4 0.0
4739.7 0.0
4740.0 0.0
4740.3 0.0
4740.6 0.0
4740.9 0.0
4741.2 0.0
4741.5 0.0
4741.8 0.0
4742.1 0.0
4742.4 0.0
4742.7 0.0
4743.0 0.0
4743.3 0.0
4743.6 0.0
4743.9 0.0
4744.2 0.0
4744.5 0.0
4744.8 0.0
4745.1 0.0
4745.4 0.0
4745.7 0.0
4746.0 0.0
4746.3 0.0
4746.6 0.0
4746.9 0.0
4747.2 0.0
4747.5 0.0
4747.8 0.0
4748.1 0.0
4748.4 0.0
4748.7 0.0
4749.0 0.0
4749.3 0.0
4749.6 0.0
4749.9 0.0
4750.2 0.0
4750.5 0.0
4750.8 0.0
4751.1 0.0
4751.4 0.0
4751.7 0.0
4752.0 0.0
4752.3 0.0
4752.6 0.0
4752.9 0.0
4753.2 0.0
4753.5 0.0
4753.8 0.0
4754.1 0.0
4754.4 0.0
4754.7 0.0
4755.0 0.0
4755.3 0.0
4755.6 0.0
4755.9 0.0
4756.2 0.0
4756.5 0.0
4756.8 0.0
4757.1 0.0
4757.4 0.0
4757.7 0.0
4758.0 0.0
4758.3 0.0
4758.6 0.0
4758.9 0.0
4759.2 0.0
4759.5 0.0
4759.8 0.0
4760.1 0.0
4760.4 0.0
4760.7 0.0
4761.0 0.0
4761.3 0.0
4761.6 0.0
4761.9 0.0
4762.2 0.0
4762.5 0.0
4762.8 0.0
4763.1 0.0
4763.4 0.0
4763.7 0.0
4764.0 0.0
4764.3 0.0
4764.6 0.0
4764.9 0.0
4765.2 0.0
4765.5 0.0
4765.8 0.0
4766.1 0.0
4766.4 0.0
4766.7 0.0
4767.0 0.0
4767.3 0.0
4767.6 0.0
4767.9 0.0
4768.2 0.0
4768.5 0.0
4768.8 0.0
4769.1 0.0
4769.4 0.0
4769.7 0.0
4770.0 0.0
4770.3 0.0
4770.6 0.0
4770.9 0.0
4771.2 0.0
4771.5 0.0
4771.8 0.0
4772.1 0.0
4772.4 0.0
4772.7 0.0
4773.0 0.0
4773.3 0.0
4773.6 0.0
4773.9 0.0
4774.2 0.0
4774.5 0.0
4774.8 0.0
4775.1 0.0
4775.4 0.0
4775.7 0.0
4776.0 0.0
4776.3 0.0
4776.6 0.0
4776.9 0.0
4777.2 0.0
4777.5 0.0
4777.8 0.0
4778.1 0.0
4778.4 0.0
4778.7 0.0
4779.0 0.0
4779.3 0.0
4779.6 0.0
4779.9 0.0
4780.2 0.0
4780.5 0.0
4780.8 0.0
4781.1 0.0
4781.4 0.0
4781.7 0.0
4782.0 0.0
4782.3 0.0
4782.6 0.0
4782.9 0.0
4783.2 0.0
4783.5 0.0
4783.8 0.0
4784.1 0.0
4784.4 0.0
4784.7 0.0
4785.0 0.0
4785.3 0.0
4785.6 0.0
4785.9 0.0
4786.2 0.0
4786.5 0.0
4786.8 0.0
4787.1 0.0
4787.4 0.0
4787.7 0.0
4788.0 0.0
4788.3 0.0
4788.6 0.0
4788.9 0.0
4789.2 0.0
4789.5 0.0
4789.8 0.0
4790.1 0.0
4790.4 0.0
4790.7 0.0
4791.0 0.0
4791.3 0.0
4791.6 0.0
4791.9 0.0
4792.2 0.0
4792.5 0.0
4792.8 0.0
4793.1 0.0
4793.4 0.0
4793.7 0.0
4794.0 0.0
4794.3 0.0
4794.6 0.0
4794.9 0.0
4795.2 0.0
4795.5 0.0
4795.8 0.0
4796.1 0.0
4796.4 0.0
4796.7 0.0
4797.0 0.0
4797.3 0.0
4797.6 0.0
4797.9 0.0
4798.2 0.0
4798.5 0.0
4798.8 0.0
4799.1 0.0
4799.4 0.0
4799.7 0.0
4800.0 0.0
4800.3 0.0
4800.6 0.0
4800.9 0.0
4801.2 0.0
4801.5 0.0
4801.8 0.0
4802.1 0.0
4802.4 0.0
4802.7 0.0
4803.0 0.0
4803.3 0.0
4803.6 0.0
4803.9 0.0
4804.2 0.0
4804.5 0.0
4804.8 0.0
4805.1 0.0
4805.4 0.0
4805.7 0.0
4806.0 0.0
4806.3 0.0
4806.6 0.0
4806.9 0.0
4807.2 0.0
4807.5 0.0
4807.8 0.0
4808.1 0.0
4808.4 0.0
4808.7 0.0
4809.0 0.0
4809.3 0.0
4809.6 0.0
4809.9 0.0
4810.2 0.0
4810.5 0.0
4810.8 0.0
4811.1 0.0
4811.4 0.0
4811.7 0.0
4812.0 0.0
4812.3 0.0
4812.6 0.0
4812.9 0.0
4813.2 0.0
4813.5 0.0
4813.8 0.0
4814.1 0.0
4814.4 0.0
4814.7 0.0
4815.0 0.0
4815.3 0.0
4815.6 0.0
4815.9 0.0
4816.2 0.0
4816.5 0.0
4816.8 0.0
4817.1 0.0
4817.4 0.0
4817.7 0.0
4818.0 0.0
4818.3 0.0
4818.6 0.0
4818.9 0.0
4819.2 0.0
4819.5 0.0
4819.8 0.0
4820.1 0.0
4820.4 0.0
4820.7 0.0
4821.0 0.0
4821.3 0.0
4821.6 0.0
4821.9 0.0
4822.2 0.0
4822.5 0.0
4822.8 0.0
4823.1 0.0
4823.4 0.0
4823.7 0.0
4824.0 0.0
4824.3 0.0
4824.6 0.0
4824.9 0.0
4825.2 0.0
4825.5 0.0
4825.8 0.0
4826.1 0.0
4826.4 0.0
4826.7 0.0
4827.0 0.0
4827.3 0.0
4827.6 0.0
4827.9 0.0
4828.2 0.0
4828.5 0.0
4828.8 0.0
4829.1 0.0
4829.4 0.0
4829.7 0.0
4830.0 0.0
4830.3 0.0
4830.6 0.0
4830.9 0.0
4831.2 0.0
4831.5 0.0
4831.8 0.0
4832.1 0.0
4832.4 0.0
4832.7 0.0
4833.0 0.0
4833.3 0.0
4833.6 0.0
4833.9 0.0
4834.2 0.0
4834.5 0.0
4834.8 0.0
4835.1 0.0
4835.4 0.0
4835.7 0.0
4836.0 0.0
4836.3 0.0
4836.6 0.0
4836.9 0.0
4837.2 0.0
4837.5 0.0
4837.8 0.0
4838.1 0.0
4838.4 0.0
4838.7 0.0
4839.0 0.0
4839.3 0.0
4839.6 0.0
4839.9 0.0
4840.2 0.0
4840.5 0.0
4840.8 0.0
4841.1 0.0
4841.4 0.0
4841.7 0.0
4842.0 0.0
4842.3 0.0
4842.6 0.0
4842.9 0.0
4843.2 0.0
4843.5 0.0
4843.8 0.0
4844.1 0.0
4844.4 0.0
4844.7 0.0
4845.0 0.0
4845.3 0.0
4845.6 0.0
4845.9 0.0
4846.2 0.0
4846.5 0.0
4846.8 0.0
4847.1 0.0
4847.4 0.0
4847.7 0.0
4848.0 0.0
4848.3 0.0
4848.6 0.0
4848.9 0.0
4849.2 0.0
4849.5 0.0
4849.8 0.0
4850.1 0.0
4850.4 0.0
4850.7 0.0
4851.0 0.0
4851.3 0.0
4851.6 0.0
4851.9 0.0
4852.2 0.0
4852.5 0.0
4852.8 0.0
4853.1 0.0
4853.4 0.0
4853.7 0.0
4854.0 0.0
4854.3 0.0
4854.6 0.0
4854.9 0.0
4855.2 0.0
4855.5 0.0
4855.8 0.0
4856.1 0.0
4856.4 0.0
4856.7 0.0
4857.0 0.0
4857.3 0.0
4857.6 0.0
4857.9 0.0
4858.2 0.0
4858.5 0.0
4858.8 0.0
4859.1 0.0
4859.4 0.0
4859.7 0.0
4860.0 0.0
4860.3 0.0
4860.6 0.0
4860.9 0.0
4861.2 0.0
4861.5 0.0
4861.8 0.0
4862.1 0.0
4862.4 0.0
4862.7 0.0
4863.0 0.0
4863.3 0.0
4863.6 0.0
4863.9 0.0
4864.2 0.0
4864.5 0.0
4864.8 0.0
4865.1 0.0
4865.4 0.0
4865.7 0.0
4866.0 0.0
4866.3 0.0
4866.6 0.0
4866.9 0.0
4867.2 0.0
4867.5 0.0
4867.8 0.0
4868.1 0.0
4868.4 0.0
4868.7 0.0
4869.0 0.0
4869.3 0.0
4869.6 0.0
4869.9 0.0
4870.2 0.0
4870.5 0.0
4870.8 0.0
4871.1 0.0
4871.4 0.0
4871.7 0.0
4872.0 0.0
4872.3 0.0
4872.6 0.0
4872.9 0.0
4873.2 0.0
4873.5 0.0
4873.8 0.0
4874.1 0.0
4874.4 0.0
4874.7 0.0
4875.0 0.0
4875.3 0.0
4875.6 0.0
4875.9 0.0
4876.2 0.0
4876.5 0.0
4876.8 0.0
4877.1 0.0
4877.4 0.0
4877.7 0.0
4878.0 0.0
4878.3 0.0
4878.6 0.0
4878.9 0.0
4879.2 0.0
4879.5 0.0
4879.8 0.0
4880.1 0.0
4880.4 0.0
4880.7 0.0
4881.0 0.0
4881.3 0.0
4881.6 0.0
4881.9 0.0
4882.2 0.0
4882.5 0.0
4882.8 0.0
4883.1 0.0
4883.4 0.0
4883.7 0.0
4884.0 0.0
4884.3 0.0
4884.6 0.0
4884.9 0.0
4885.2 0.0
4885.5 0.0
4885.8 0.0
4886.1 0.0
4886.4 0.0
4886.7 0.0
4887.0 0.0
4887.3 0.0
4887.6 0.0
4887.9 0.0
4888.2 0.0
4888.5 0.0
4888.8 0.0
4889.1 0.0
4889.4 0.0
4889.7 0.0
4890.0 0.0
4890.3 0.0
4890.6 0.0
4890.9 0.0
4891.2 0.0
4891.5 0.0
4891.8 0.0
4892.1 0.0
4892.4 0.0
4892.7 0.0
4893.0 0.0
4893.3 0.0
4893.6 0.0
4893.9 0.0
4894.2 0.0
4894.5 0.0
4894.8 0.0
4895.1 0.0
4895.4 0.0
4895.7 0.0
4896.0 0.0
4896.3 0.0
4896.6 0.0
4896.9 0.0
4897.2 0.0
4897.5 0.0
4897.8 0.0
4898.1 0.0
4898.4 0.0
4898.7 0.0
4899.0 0.0
4899.3 0.0
4899.6 0.0
4899.9 0.0
4900.2 0.0
4900.5 0.0
4900.8 0.0
4901.1 0.0
4901.4 0.0
4901.7 0.0
4902.0 0.0
4902.3 0.0
4902.6 0.0
4902.9 0.0
4903.2 0.0
4903.5 0.0
4903.8 0.0
4904.1 0.0
4904.4 0.0
4904.7 0.0
4905.0 0.0
4905.3 0.0
4905.6 0.0
4905.9 0.0
4906.2 0.0
4906.5 0.0
4906.8 0.0
4907.1 0.0
4907.4 0.0
4907.7 0.0
4908.0 0.0
4908.3 0.0
4908.6 0.0
4908.9 0.0
4909.2 0.0
4909.5 0.0
4909.8 0.0
4910.1 0.0
4910.4 0.0
4910.7 0.0
4911.0 0.0
4911.3 0.0
4911.6 0.0
4911.9 0.0
4912.2 0.0
4912.5 0.0
4912.8 0.0
4913.1 0.0
4913.4 0.0
4913.7 0.0
4914.0 2.494211671780818e-14
4914.3 3.620010700569739e-14
4914.6 1.8059787335305416e-13
4914.9 6.248200741520993e-13
4915.2 2.0441743970988767e-12
4915.5 6.49441026554198e-12
4915.8 2.039956830954392e-11
4916.1 6.287481154792948e-11
4916.4 1.9016384230169854e-10
4916.7 5.638833011735792e-10
4917.0 1.6408514487288031e-9
4917.3 4.6853430084341374e-9
4917.6 1.3127362752672496e-8
4917.9 3.6093201650417296e-8
4918.2 9.738885917306539e-8
4918.5 2.579084116839143e-7
4918.8 6.703979638206537e-7
4919.1 1.7106169292283996e-6
4919.4 4.2851632613081545e-6
4919.7 1.0539350518167824e-5
4920.0 2.5451871985896172e-5
4920.3 6.0352589836423784e-5
4920.6 0.00014051711891348268
4920.9 0.00032119964096996817
4921.2 0.0007206934716551226
4921.5 0.0015868288356883876
4921.8 0.0034272235491205746
4922.1 0.007257243105749011
4922.4 0.015057766510651369
4922.7 0.03059263221711718
4923.0 0.060816510145932694
4923.3 0.11820565899390166
4923.6 0.22445200325130465
4923.9 0.4160402702336812
4924.2 0.7522155818330739
4924.5 1.3256529473870788
4924.8 2.2756520365318362
4925.1 3.8028107113401273
4925.4 6.1828663363392735
4925.7 9.775876029701323
4926.0 15.02549308424966
4926.3 22.44236954022722
4926.6 32.566399782262124
4926.9 45.90523880330966
4927.2 62.85152568138801
4927.5 83.5880054324225
4927.8 107.99686797015602
4928.1 135.59493460244266
4928.4 165.51741761213634
4928.7 196.56803885265253
4929.0 227.34201795468107
4929.3 256.4125617425889
4929.6 282.554468549788
4929.9 304.9652204141021
4930.2 323.43836868181825
4930.5 338.4486248791218
4930.8 351.1224018931389
4931.1 363.08835873007774
4931.4 376.22516149282455
4931.7 392.3430374264717
4932.0 412.84835320711136
4932.3 438.4445436000824
4932.6 468.9185885190964
4932.9 503.05112624168396
4933.2 538.672053694725
4933.5 572.863144159317
4933.8 602.2874414920807
4934.1 623.603878736496
4934.4 633.9079800844193
4934.7 631.1310378313065
4935.0 614.3320962786674
4935.3 583.8337343335152
4935.6 541.1785499751568
4935.9 488.9165850877762
4936.2 430.2645555511117
4936.5 368.699536010623
4936.8 307.55744551867247
4937.1 249.6990343928337
4937.4 197.28619179315865
4937.7 151.68550477549434
4938.0 113.49038868676871
4938.3 82.63428170816042
4938.6 58.557447954081
4938.9 40.3899649271043
4939.2 27.120383821602445
4939.5 17.730567846578197
4939.8 11.288560935099667
4940.1 7.000663697543132
4940.4 4.2299073482054155
4940.7 2.49075288078393
4941.0 1.4297718715978363
4941.3 0.8003476791771789
4941.6 0.43703642288691924
4941.9 0.23288776944099254
4942.2 0.12115493179060977
4942.5 0.06155852366782533
4942.8 0.030562368850947208
4943.1 0.014833634644094984
4943.4 0.007041895623066369
4943.7 0.003271451975154195
4944.0 0.0014881042031917365
4944.3 0.0006631366262134031
4944.6 0.00028965634510207816
4944.9 0.00012407979387855917
4945.2 5.2152400570694614e-5
4945.5 2.1518146949626566e-5
4945.8 8.719173095108102e-6
4946.1 3.470919470650333e-6
4946.4 1.3578280885108792e-6
4946.7 5.221307045703963e-7
4947.0 1.9738836534807468e-7
4947.3 7.336944935432112e-8
4947.6 2.6814730963754265e-8
4947.9 9.635892213839873e-9
4948.2 3.4043693435592207e-9
4948.5 1.1823839058846144e-9
4948.8 4.035724699337376e-10
4949.1 1.3537501514865948e-10
4949.4 4.461126541792273e-11
4949.7 1.446633554083815e-11
4950.0 4.5980291211548e-12
4950.3 1.4550484645623114e-12
4950.6 4.3378199456370857e-13
4950.9 1.1092736700978739e-13
4951.2 4.9986633789708777e-14
4951.5 0.0
4951.8 0.0
4952.1 0.0
4952.4 0.0
4952.7 0.0
4953.0 0.0
4953.3 0.0
4953.6 0.0
4953.9 0.0
4954.2 0.0
4954.5 0.0
4954.8 0.0
4955.1 0.0
4955.4 0.0
4955.7 0.0
4956.0 0.0
4956.3 0.0
4956.6 0.0
4956.9 0.0
4957.2 0.0
4957.5 0.0
4957.8 0.0
4958.1 0.0
4958.4 0.0
4958.7 0.0
4959.0 0.0
4959.3 0.0
4959.6 0.0
4959.9 0.0
4960.2 0.0
4960.5 0.0
4960.8 0.0
4961.1 0.0
4961.4 0.0
4961.7 0.0
4962.0 0.0
4962.3 0.0
4962.6 0.0
4962.9 0.0
4963.2 0.0
4963.5 0.0
4963.8 0.0
4964.1 0.0
4964.4 0.0
4964.7 0.0
4965.0 0.0
4965.3 0.0
4965.6 0.0
4965.9 0.0
4966.2 0.0
4966.5 0.0
4966.8 0.0
4967.1 0.0
4967.4 0.0
4967.7 0.0
4968.0 0.0
4968.3 0.0
4968.6 0.0
4968.9 0.0
4969.2 0.0
4969.5 0.0
4969.8 0.0
4970.1 0.0
4970.4 0.0
4970.7 0.0
4971.0 0.0
4971.3 0.0
4971.6 0.0
4971.9 0.0
4972.2 0.0
4972.5 0.0
4972.8 0.0
4973.1 0.0
4973.4 0.0
4973.7 0.0
4974.0 0.0
4974.3 0.0
4974.6 0.0
4974.9 0.0
4975.2 0.0
4975.5 0.0
4975.8 0.0
4976.1 0.0
4976.4 0.0
4976.7 0.0
4977.0 0.0
4977.3 0.0
4977.6 0.0
4977.9 0.0
4978.2 0.0
4978.5 0.0
4978.8 0.0
4979.1 0.0
4979.4 0.0
4979.7 0.0
4980.0 0.0
4980.3 0.0
4980.6 0.0
4980.9 0.0
4981.2 0.0
4981.5 0.0
4981.8 0.0
4982.1 0.0
4982.4 0.0
4982.7 0.0
4983.0 0.0
4983.3 0.0
4983.6 0.0
4983.9 0.0
4984.2 0.0
4984.5 0.0
4984.8 0.0
4985.1 0.0
4985.4 0.0
4985.7 0.0
4986.0 0.0
4986.3 0.0
4986.6 0.0
4986.9 0.0
4987.2 0.0
4987.5 0.0
4987.8 0.0
4988.1 0.0
4988.4 0.0
4988.7 0.0
4989.0 0.0
4989.3 0.0
4989.6 0.0
4989.9 0.0
4990.2 0.0
4990.5 0.0
4990.8 0.0
4991.1 0.0
4991.4 0.0
4991.7 0.0
4992.0 0.0
4992.3 0.0
4992.6 0.0
4992.9 0.0
4993.2 0.0
4993.5 0.0
4993.8 0.0
4994.1 0.0
4994.4 0.0
4994.7 0.0
4995.0 0.0
4995.3 0.0
4995.6 0.0
4995.9 0.0
4996.2 0.0
4996.5 0.0
4996.8 0.0
4997.1 0.0
4997.4 0.0
4997.7 0.0
4998.0 0.0
4998.3 0.0
4998.6 0.0
4998.9 0.0
4999.2 0.0
4999.5 0.0
4999.8 0.0
5000.1 0.0
5000.4 0.0
5000.7 0.0
5001.0 0.0
5001.3 0.0
5001.6 0.0
5001.9 0.0
5002.2 0.0
5002.5 0.0
5002.8 0.0
5003.1 0.0
5003.4 0.0
5003.7 0.0
5004.0 0.0
5004.3 0.0
5004.6 0.0
5004.9 0.0
5005.2 0.0
5005.5 0.0
5005.8 0.0
5006.1 0.0
5006.4 0.0
5006.7 0.0
5007.0 0.0
5007.3 0.0
5007.6 0.0
5007.9 0.0
5008.2 0.0
5008.5 0.0
5008.8 0.0
5009.1 0.0
5009.4 0.0
5009.7 0.0
5010.0 0.0
5010.3 0.0
5010.6 0.0
5010.9 0.0
5011.2 0.0
5011.5 0.0
5011.8 0.0
5012.1 0.0
5012.4 0.0
5012.7 0.0
5013.0 9.231035362911987e-15
5013.3 4.9250843016141253e-14
5013.6 1.3446406545921778e-13
5013.9 5.040901391040367e-13
5014.2 1.606632219994399e-12
5014.5 5.116048797571034e-12
5014.8 1.599142394561366e-11
5015.1 4.921725403335574e-11
5015.4 1.4859870645481425e-10
5015.7 4.404873122052294e-10
5016.0 1.28210000785855e-9
5016.3 3.6642776696822057e-9
5016.6 1.0284115442366194e-8
5016.9 2.8345319074532466e-8
5017.2 7.67294712503154e-8
5017.5 2.040037185460074e-7
5017.8 5.327581749965295e-7
5018.1 1.366626658837342e-6
5018.4 3.4434425861884352e-6
5018.7 8.52183238365892e-6
5019.0 2.0711757215959137e-5
5019.3 4.942639096392344e-5
5019.6 0.00011578086611254345
5019.9 0.00026612780225267066
5020.2 0.0005999578799098168
5020.5 0.0013258489521861191
5020.8 0.002870413815567567
5021.1 0.00608389070212409
5021.4 0.012615255945018538
5021.7 0.025572290599711285
5022.0 0.05063848282468223
5022.3 0.09788410553467217
5022.6 0.18456844818973356
5022.9 0.3392541788731558
5023.2 0.6074955221674797
5023.5 1.059157013049332
5023.8 1.7970062436149807
5024.1 2.965565659290342
5024.4 4.758341003290864
5024.7 7.420609269274578
5025.0 11.244237125224174
5025.3 16.55090676138559
5025.6 23.66108326397375
5025.9 32.84835854459334
5026.2 44.28239955312529
5026.5 57.96809310806566
5026.8 73.6925040015849
5027.1 90.99360976699973
5027.4 109.16402835052577
5027.7 127.29842410353012
5028.0 144.38523126218934
5028.3 159.43336933501996
5028.6 171.61505742184818
5028.9 180.39954866468906
5029.2 185.65157966688275
5029.5 187.67327691055834
5029.8 187.17816395685077
5030.1 185.19852463155985
5030.4 182.93948236480355
5030.7 181.60238416865468
5031.0 182.20464076660573
5031.3 185.42295871302485
5031.6 191.48265811800957
5031.9 200.10871270298958
5032.2 210.54579600319266
5032.5 221.64543903851882
5032.8 232.00957812811248
5033.1 240.1716034071287
5033.4 244.7899189030868
5033.7 244.825854752562
5034.0 239.67917826185294
5034.3 229.26059279512992
5034.6 213.99101680578497
5034.9 194.7302159979845
5035.2 172.64972513929206
5035.5 149.0740275491546
5035.8 125.31792495992318
5036.1 102.54578166058829
5036.4 81.67133438093677
5036.7 63.30679974324861
5037.0 47.75995227690777
5037.3 35.06974965136873
5037.6 25.06657080156073
5037.9 17.442259363787336
5038.2 11.817368018167345
5038.5 7.79696069868854
5038.8 5.010765259594205
5039.1 3.1372957490919213
5039.4 1.9142080214663482
5039.7 1.138481163304887
5040.0 0.6602340765590449
5040.3 0.3734647353280801
5040.6 0.20612819128617826
5040.9 0.11105304150801035
5041.2 0.058426617169429096
5041.5 0.03003121407158872
5041.8 0.015087726232730012
5042.1 0.007412790080822112
5042.4 0.0035634833592464304
5042.7 0.0016770222568866797
5043.0 0.0007730630850188864
5043.3 0.00034925737246737883
5043.6 0.00015472867182579866
5043.9 6.725484555818666e-5
5044.2 2.8696237440880072e-5
5044.5 1.2024837697126545e-5
5044.8 4.95072988090462e-6
5045.1 2.0033298909695094e-6
5045.4 7.969992730829775e-7
5045.7 3.1180580678379454e-7
5046.0 1.1997723438948514e-7
5046.3 4.540866701672468e-8
5046.6 1.6904889037751887e-8
5046.9 6.190165112741721e-9
5047.2 2.2292573061261697e-9
5047.5 7.895067930261303e-10
5047.8 2.7491130391628396e-10
5048.1 9.406626294600143e-11
5048.4 3.169042454839501e-11
5048.7 1.04535896342329e-11
5049.0 3.423793840471891e-12
5049.3 1.0642403194417067e-12
5049.6 3.3579811038646424e-13
5049.9 1.0332431033677333e-13
5050.2 3.1357619222728084e-14
5050.5 6.590759762695685e-15
5050.8 0.0
5051.1 0.0
5051.4 0.0
5051.7 0.0
5052.0 0.0
5052.3 0.0
5052.6 0.0
5052.9 0.0
5053.2 0.0
5053.5 0.0
5053.8 0.0
5054.1 0.0
5054.4 0.0
5054.7 0.0
5055.0 0.0
5055.3 0.0
5055.6 0.0
5055.9 0.0
5056.2 0.0
5056.5 0.0
5056.8 0.0
5057.1 0.0
5057.4 0.0
5057.7 0.0
5058.0 0.0
5058.3 0.0
5058.6 0.0
5058.9 0.0
5059.2 0.0
5059.5 0.0
5059.8 0.0
5060.1 0.0
5060.4 0.0
5060.7 0.0
5061.0 0.0
5061.3 1.3627154993886646e-14
5061.6 2.725430998777329e-14
5061.9 1.8218046616475363e-13
5062.2 5.05964576958894e-13
5062.5 1.6750911858905712e-12
5062.8 5.534103400604581e-12
5063.1 1.733301346113663e-11
5063.4 5.392025191261056e-11
5063.7 1.647325691640891e-10
5064.0 4.93603438750593e-10
5064.3 1.4530825734066294e-9
5064.6 4.200116452189302e-9
5064.9 1.1923411207135047e-8
5065.2 3.3243564952353245e-8
5065.5 9.103724830030719e-8
5065.8 2.4488580157579376e-7
5066.1 6.470991496849916e-7
5066.4 1.679826716457992e-6
5066.7 4.284102517696243e-6
5067.0 1.0733897794660105e-5
5067.3 2.6420276864215684e-5
5067.6 6.38782876834804e-5
5067.9 0.00015167953521131607
5068.2 0.0003536260153334616
5068.5 0.0008091925204165833
5068.8 0.0018165934720980985
5069.1 0.0039988250890701516
5069.4 0.008626075080403642
5069.7 0.018222605229843095
5070.0 0.03767162641230548
5070.3 0.07615582785458264
5070.6 0.15043564273824267
5070.9 0.2901578040704547
5071.2 0.5460598220414283
5071.5 1.002005053143562
5071.8 1.791609507665234
5072.1 3.1196237895111847
5072.4 5.287028997340997
5072.7 8.716888605523568
5073.0 13.975469723462368
5073.3 21.78042419358853
5073.6 32.985733760134366
5073.9 48.532844343051806
5074.2 69.36017127860055
5074.5 96.26984117623488
5074.8 129.76099186951615
5075.1 169.85164014203474
5075.4 215.92295016806747
5075.7 266.6265607874957
5076.0 319.8936832972104
5076.3 373.0714964182116
5076.6 423.18921577045694
5076.9 467.32702389452606
5077.2 503.03339100815356
5077.5 528.7176704779267
5077.8 543.9418601691723
5078.1 549.5491411983967
5078.4 547.5959828197956
5078.7 541.0901713073254
5079.0 533.5728603154421
5079.3 528.6087969616055
5079.6 529.2623648568988
5079.9 537.6364778541028
5080.2 554.5394643545151
5080.5 579.3256105966866
5080.8 609.9318406581879
5081.1 643.107930039987
5081.4 674.8130814016331
5081.7 700.7287147431634
5082.0 716.8185701906914
5082.3 719.8567642708658
5082.6 707.8453714011121
5082.9 680.2583368814376
5083.2 638.0760946037008
5083.5 583.6114681234922
5083.8 520.1638412964339
5084.1 451.56734245912776
5084.4 381.71289390423954
5084.7 314.1211892101999
5085.0 251.62544225866168
5085.3 196.19513861626575
5085.6 148.90206561505897
5085.9 110.00524228677418
5086.2 79.11590455696611
5086.5 55.399225508133505
5086.8 37.77440403259776
5087.1 25.08545708329189
5087.4 16.227989565800584
5087.7 10.228799262651673
5088.0 6.2836487768781
5088.3 3.763118046020972
5088.6 2.197685143915593
5088.9 1.2520158042096103
5089.2 0.6960465464620893
5089.5 0.3777644224376757
5089.8 0.20023556104445633
5090.1 0.10370379966331833
5090.4 0.052503682366703726
5090.7 0.025998382392679563
5091.0 0.012597786347488638
5091.3 0.0059768360569367445
5091.6 0.0027779257398788514
5091.9 0.001265571800106803
5092.2 0.0005654732598840132
5092.5 0.0002479314900815684
5092.8 0.000106725671413698
5093.1 4.512633339048705e-5
5093.4 1.874994292333653e-5
5093.7 7.658395622861149e-6
5094.0 3.0759131439649937e-6
5094.3 1.2150898559517548e-6
5094.6 4.721818384438773e-7
5094.9 1.805154824242092e-7
5095.2 6.789386336751435e-8
5095.5 2.5121534923259515e-8
5095.8 9.143453757416458e-9
5096.1 3.273226236788171e-9
5096.4 1.1522574577637248e-9
5096.7 3.988317608055473e-10
5097.0 1.357327147821224e-10
5097.3 4.54188583961116e-11
5097.6 1.4893964477585316e-11
5097.9 4.7900616407166736e-12
5098.2 1.5154831743704696e-12
5098.5 4.774012453667145e-13
5098.8 1.3271617318847979e-13
5099.1 5.959122592895296e-14
5099.4 0.0
5099.7 0.0
5100.0 0.0
5100.3 0.0
5100.6 0.0
5100.9 0.0
5101.2 0.0
5101.5 0.0
5101.8 0.0
5102.1 0.0
5102.4 0.0
5102.7 0.0
5103.0 0.0
5103.3 0.0
5103.6 0.0
5103.9 0.0
5104.2 0.0
5104.5 0.0
5104.8 0.0
5105.1 0.0
5105.4 0.0
5105.7 0.0
5106.0 0.0
5106.3 0.0
5106.6 0.0
5106.9 0.0
5107.2 0.0
5107.5 0.0
5107.8 0.0
5108.1 0.0
5108.4 0.0
5108.7 0.0
5109.0 0.0
5109.3 0.0
5109.6 0.0
5109.9 0.0
5110.2 0.0
5110.5 0.0
5110.8 0.0
5111.1 0.0
5111.4 0.0
5111.7 0.0
5112.0 0.0
5112.3 0.0
5112.6 0.0
5112.9 0.0
5113.2 0.0
5113.5 0.0
5113.8 0.0
5114.1 0.0
5114.4 0.0
5114.7 0.0
5115.0 0.0
5115.3 0.0
5115.6 0.0
5115.9 0.0
5116.2 0.0
5116.5 0.0
5116.8 0.0
5117.1 0.0
5117.4 0.0
5117.7 0.0
5118.0 0.0
5118.3 0.0
5118.6 0.0
5118.9 0.0
5119.2 0.0
5119.5 0.0
5119.8 0.0
5120.1 0.0
5120.4 0.0
5120.7 0.0
5121.0 0.0
5121.3 0.0
5121.6 0.0
5121.9 0.0
5122.2 0.0
5122.5 0.0
5122.8 0.0
5123.1 0.0
5123.4 0.0
5123.7 0.0
5124.0 0.0
5124.3 0.0
5124.6 0.0
5124.9 0.0
5125.2 0.0
5125.5 0.0
5125.8 0.0
5126.1 0.0
5126.4 0.0
5126.7 0.0
5127.0 0.0
5127.3 0.0
5127.6 0.0
5127.9 0.0
5128.2 0.0
5128.5 0.0
5128.8 0.0
5129.1 0.0
5129.4 0.0
5129.7 0.0
5130.0 0.0
5130.3 0.0
5130.6 0.0
5130.9 0.0
5131.2 0.0
5131.5 0.0
5131.8 0.0
5132.1 0.0
5132.4 0.0
5132.7 0.0
5133.0 0.0
5133.3 0.0
5133.6 0.0
5133.9 0.0
5134.2 0.0
5134.5 0.0
5134.8 0.0
5135.1 0.0
5135.4 0.0
5135.7 0.0
5136.0 0.0
5136.3 0.0
5136.6 0.0
5136.9 0.0
5137.2 0.0
5137.5 0.0
5137.8 0.0
5138.1 0.0
5138.4 0.0
5138.7 0.0
5139.0 0.0
5139.3 0.0
5139.6 0.0
5139.9 0.0
5140.2 0.0
5140.5 0.0
5140.8 0.0
5141.1 0.0
5141.4 0.0
5141.7 0.0
5142.0 0.0
5142.3 0.0
5142.6 0.0
5142.9 0.0
5143.2 0.0
5143.5 0.0
5143.8 0.0
5144.1 0.0
5144.4 0.0
5144.7 0.0
5145.0 0.0
5145.3 0.0
5145.6 0.0
5145.9 0.0
5146.2 0.0
5146.5 0.0
5146.8 0.0
5147.1 0.0
5147.4 0.0
5147.7 0.0
5148.0 0.0
5148.3 0.0
5148.6 0.0
5148.9 0.0
5149.2 0.0
5149.5 0.0
5149.8 0.0
5150.1 0.0
5150.4 0.0
5150.7 0.0
5151.0 0.0
5151.3 0.0
5151.6 0.0
5151.9 0.0
5152.2 0.0
5152.5 0.0
5152.8 0.0
5153.1 0.0
5153.4 0.0
5153.7 0.0
5154.0 0.0
5154.3 0.0
5154.6 0.0
5154.9 0.0
5155.2 0.0
5155.5 0.0
5155.8 0.0
5156.1 0.0
5156.4 0.0
5156.7 0.0
5157.0 0.0
5157.3 0.0
5157.6 0.0
5157.9 0.0
5158.2 0.0
5158.5 0.0
5158.8 0.0
5159.1 0.0
5159.4 0.0
5159.7 0.0
5160.0 0.0
5160.3 0.0
5160.6 0.0
5160.9 0.0
5161.2 0.0
5161.5 0.0
5161.8 0.0
5162.1 0.0
5162.4 0.0
5162.7 0.0
5163.0 0.0
5163.3 0.0
5163.6 0.0
5163.9 0.0
5164.2 0.0
5164.5 0.0
5164.8 0.0
5165.1 0.0
5165.4 0.0
5165.7 0.0
5166.0 0.0
5166.3 0.0
5166.6 0.0
5166.9 0.0
5167.2 0.0
5167.5 0.0
5167.8 0.0
5168.1 0.0
5168.4 0.0
5168.7 0.0
5169.0 0.0
5169.3 0.0
5169.6 0.0
5169.9 0.0
5170.2 0.0
5170.5 0.0
5170.8 0.0
5171.1 0.0
5171.4 0.0
5171.7 0.0
5172.0 0.0
5172.3 0.0
5172.6 0.0
5172.9 0.0
5173.2 0.0
5173.5 0.0
5173.8 0.0
5174.1 0.0
5174.4 0.0
5174.7 0.0
5175.0 0.0
5175.3 0.0
5175.6 0.0
5175.9 0.0
5176.2 0.0
5176.5 0.0
5176.8 0.0
5177.1 0.0
5177.4 0.0
5177.7 0.0
5178.0 0.0
5178.3 0.0
5178.6 0.0
5178.9 0.0
5179.2 0.0
5179.5 0.0
5179.8 0.0
5180.1 0.0
5180.4 0.0
5180.7 0.0
5181.0 0.0
5181.3 0.0
5181.6 0.0
5181.9 0.0
5182.2 0.0
5182.5 0.0
5182.8 0.0
5183.1 0.0
5183.4 0.0
5183.7 0.0
5184.0 0.0
5184.3 0.0
5184.6 0.0
5184.9 0.0
5185.2 0.0
5185.5 0.0
5185.8 0.0
5186.1 0.0
5186.4 0.0
5186.7 0.0
5187.0 0.0
5187.3 0.0
5187.6 0.0
5187.9 0.0
5188.2 0.0
5188.5 0.0
5188.8 0.0
5189.1 0.0
5189.4 0.0
5189.7 0.0
5190.0 0.0
5190.3 0.0
5190.6 0.0
5190.9 0.0
5191.2 0.0
5191.5 0.0
5191.8 0.0
5192.1 0.0
5192.4 0.0
5192.7 0.0
5193.0 0.0
5193.3 0.0
5193.6 0.0
5193.9 0.0
5194.2 0.0
5194.5 0.0
5194.8 0.0
5195.1 0.0
5195.4 0.0
5195.7 0.0
5196.0 0.0
5196.3 0.0
5196.6 0.0
5196.9 0.0
5197.2 0.0
5197.5 0.0
5197.8 0.0
5198.1 0.0
5198.4 0.0
5198.7 0.0
5199.0 0.0
5199.3 0.0
5199.6 0.0
5199.9 0.0
5200.2 0.0
5200.5 0.0
5200.8 0.0
5201.1 0.0
5201.4 0.0
5201.7 0.0
5202.0 0.0
5202.3 0.0
5202.6 0.0
5202.9 0.0
5203.2 0.0
5203.5 0.0
5203.8 0.0
5204.1 0.0
5204.4 0.0
5204.7 0.0
5205.0 0.0
5205.3 0.0
5205.6 0.0
5205.9 0.0
5206.2 0.0
5206.5 0.0
5206.8 0.0
5207.1 0.0
5207.4 0.0
5207.7 0.0
5208.0 0.0
5208.3 0.0
5208.6 0.0
5208.9 0.0
5209.2 0.0
5209.5 0.0
5209.8 0.0
5210.1 0.0
5210.4 0.0
5210.7 0.0
5211.0 0.0
5211.3 0.0
5211.6 0.0
5211.9 0.0
5212.2 0.0
5212.5 0.0
5212.8 0.0
5213.1 0.0
5213.4 0.0
5213.7 0.0
5214.0 0.0
5214.3 0.0
5214.6 0.0
5214.9 0.0
5215.2 0.0
5215.5 0.0
5215.8 0.0
5216.1 0.0
5216.4 0.0
5216.7 0.0
5217.0 0.0
5217.3 0.0
5217.6 0.0
5217.9 0.0
5218.2 0.0
5218.5 0.0
5218.8 0.0
5219.1 0.0
5219.4 0.0
5219.7 0.0
5220.0 0.0
5220.3 0.0
5220.6 0.0
5220.9 0.0
5221.2 0.0
5221.5 0.0
5221.8 0.0
5222.1 0.0
5222.4 0.0
5222.7 0.0
5223.0 0.0
5223.3 0.0
5223.6 0.0
5223.9 0.0
5224.2 0.0
5224.5 0.0
5224.8 0.0
5225.1 0.0
5225.4 0.0
5225.7 0.0
5226.0 0.0
5226.3 0.0
5226.6 0.0
5226.9 0.0
5227.2 0.0
5227.5 0.0
5227.8 0.0
5228.1 0.0
5228.4 0.0
5228.7 0.0
5229.0 0.0
5229.3 0.0
5229.6 0.0
5229.9 0.0
5230.2 0.0
5230.5 0.0
5230.8 0.0
5231.1 0.0
5231.4 0.0
5231.7 0.0
5232.0 0.0
5232.3 0.0
5232.6 0.0
5232.9 0.0
5233.2 0.0
5233.5 0.0
5233.8 0.0
5234.1 0.0
5234.4 0.0
5234.7 0.0
5235.0 0.0
5235.3 0.0
5235.6 0.0
5235.9 0.0
5236.2 0.0
5236.5 0.0
5236.8 0.0
5237.1 0.0
5237.4 0.0
5237.7 0.0
5238.0 0.0
5238.3 0.0
5238.6 0.0
5238.9 0.0
5239.2 0.0
5239.5 0.0
5239.8 0.0
5240.1 0.0
5240.4 0.0
5240.7 0.0
5241.0 0.0
5241.3 0.0
5241.6 0.0
5241.9 0.0
5242.2 0.0
5242.5 0.0
5242.8 0.0
5243.1 0.0
5243.4 0.0
5243.7 0.0
5244.0 0.0
5244.3 0.0
5244.6 0.0
5244.9 0.0
5245.2 0.0
5245.5 0.0
5245.8 0.0
5246.1 0.0
5246.4 0.0
5246.7 0.0
5247.0 0.0
5247.3 0.0
5247.6 0.0
5247.9 0.0
5248.2 0.0
5248.5 0.0
5248.8 0.0
5249.1 0.0
5249.4 0.0
5249.7 0.0
5250.0 0.0
5250.3 0.0
5250.6 0.0
5250.9 0.0
5251.2 0.0
5251.5 0.0
5251.8 0.0
5252.1 0.0
5252.4 0.0
5252.7 0.0
5253.0 0.0
5253.3 0.0
5253.6 0.0
5253.9 0.0
5254.2 0.0
5254.5 0.0
5254.8 0.0
5255.1 0.0
5255.4 0.0
5255.7 0.0
5256.0 0.0
5256.3 0.0
5256.6 0.0
5256.9 0.0
5257.2 0.0
5257.5 0.0
5257.8 0.0
5258.1 0.0
5258.4 0.0
5258.7 0.0
5259.0 0.0
5259.3 0.0
5259.6 0.0
5259.9 0.0
5260.2 0.0
5260.5 0.0
5260.8 0.0
5261.1 0.0
5261.4 0.0
5261.7 0.0
5262.0 0.0
5262.3 0.0
5262.6 0.0
5262.9 0.0
5263.2 0.0
5263.5 0.0
5263.8 0.0
5264.1 0.0
5264.4 0.0
5264.7 0.0
5265.0 0.0
5265.3 0.0
5265.6 0.0
5265.9 0.0
5266.2 0.0
5266.5 0.0
5266.8 0.0
5267.1 0.0
5267.4 0.0
5267.7 0.0
5268.0 0.0
5268.3 0.0
5268.6 0.0
5268.9 0.0
5269.2 0.0
5269.5 0.0
5269.8 0.0
5270.1 0.0
5270.4 0.0
5270.7 0.0
5271.0 0.0
5271.3 0.0
5271.6 0.0
5271.9 0.0
5272.2 0.0
5272.5 0.0
5272.8 0.0
5273.1 0.0
5273.4 0.0
5273.7 0.0
5274.0 0.0
5274.3 0.0
5274.6 0.0
5274.9 0.0
5275.2 0.0
5275.5 0.0
5275.8 0.0
5276.1 0.0
5276.4 0.0
5276.7 0.0
5277.0 0.0
5277.3 0.0
5277.6 0.0
5277.9 0.0
5278.2 0.0
5278.5 0.0
5278.8 0.0
5279.1 0.0
5279.4 0.0
5279.7 0.0
5280.0 0.0
5280.3 0.0
5280.6 0.0
5280.9 0.0
5281.2 0.0
5281.5 0.0
5281.8 0.0
5282.1 0.0
5282.4 0.0
5282.7 0.0
5283.0 0.0
5283.3 0.0
5283.6 0.0
5283.9 0.0
5284.2 0.0
5284.5 0.0
5284.8 0.0
5285.1 0.0
5285.4 0.0
5285.7 0.0
5286.0 0.0
5286.3 0.0
5286.6 0.0
5286.9 0.0
5287.2 0.0
5287.5 0.0
5287.8 0.0
5288.1 0.0
5288.4 0.0
5288.7 0.0
5289.0 0.0
5289.3 0.0
5289.6 0.0
5289.9 0.0
5290.2 0.0
5290.5 0.0
5290.8 0.0
5291.1 0.0
5291.4 0.0
5291.7 0.0
5292.0 0.0
5292.3 0.0
5292.6 0.0
5292.9 0.0
5293.2 0.0
5293.5 0.0
5293.8 0.0
5294.1 0.0
5294.4 0.0
5294.7 0.0
5295.0 0.0
5295.3 0.0
5295.6 0.0
5295.9 0.0
5296.2 0.0
5296.5 0.0
5296.8 0.0
5297.1 0.0
5297.4 0.0
5297.7 0.0
5298.0 0.0
5298.3 0.0
5298.6 0.0
5298.9 0.0
5299.2 0.0
5299.5 0.0
5299.8 0.0
5300.1 0.0
5300.4 0.0
5300.7 0.0
5301.0 0.0
5301.3 0.0
5301.6 0.0
5301.9 0.0
5302.2 0.0
5302.5 0.0
5302.8 0.0
5303.1 0.0
5303.4 0.0
5303.7 0.0
5304.0 0.0
5304.3 0.0
5304.6 0.0
5304.9 0.0
5305.2 0.0
5305.5 0.0
5305.8 0.0
5306.1 0.0
5306.4 0.0
5306.7 0.0
5307.0 0.0
5307.3 0.0
5307.6 0.0
5307.9 0.0
5308.2 0.0
5308.5 0.0
5308.8 0.0
5309.1 0.0
5309.4 0.0
5309.7 0.0
5310.0 0.0
5310.3 0.0
5310.6 0.0
5310.9 0.0
5311.2 0.0
5311.5 0.0
5311.8 0.0
5312.1 0.0
5312.4 0.0
5312.7 0.0
5313.0 0.0
5313.3 0.0
5313.6 0.0
5313.9 0.0
5314.2 0.0
5314.5 0.0
5314.8 0.0
5315.1 0.0
5315.4 0.0
5315.7 0.0
5316.0 0.0
5316.3 0.0
5316.6 0.0
5316.9 0.0
5317.2 0.0
5317.5 0.0
5317.8 0.0
5318.1 0.0
5318.4 0.0
5318.7 0.0
5319.0 0.0
5319.3 0.0
5319.6 0.0
5319.9 0.0
5320.2 0.0
5320.5 0.0
5320.8 0.0
5321.1 0.0
5321.4 0.0
5321.7 0.0
5322.0 0.0
5322.3 0.0
5322.6 0.0
5322.9 0.0
5323.2 0.0
5323.5 0.0
5323.8 0.0
5324.1 0.0
5324.4 0.0
5324.7 0.0
5325.0 0.0
5325.3 0.0
5325.6 0.0
5325.9 0.0
5326.2 0.0
5326.5 0.0
5326.8 0.0
5327.1 0.0
5327.4 0.0
5327.7 0.0
5328.0 0.0
5328.3 0.0
5328.6 0.0
5328.9 0.0
5329.2 0.0
5329.5 0.0
5329.8 0.0
