4662.0 0.0
4662.3 0.0
4662.6 0.0
4662.9 0.0
4663.2 0.0
4663.5 0.0
4663.8 0.0
4664.1 0.0
4664.4 0.0
4664.7 0.0
4665.0 0.0
4665.3 0.0
4665.6 0.0
4665.9 0.0
4666.2 0.0
4666.5 0.0
4666.8 0.0
4667.1 0.0
4667.4 0.0
4667.7 0.0
4668.0 0.0
4668.3 0.0
4668.6 0.0
4668.9 0.0
4669.2 0.0
4669.5 0.0
4669.8 0.0
4670.1 0.0
4670.4 0.0
4670.7 0.0
4671.0 0.0
4671.3 0.0
4671.6 0.0
4671.9 0.0
4672.2 0.0
4672.5 0.0
4672.8 0.0
4673.1 0.0
4673.4 0.0
4673.7 0.0
4674.0 0.0
4674.3 0.0
4674.6 0.0
4674.9 0.0
4675.2 0.0
4675.5 0.0
4675.8 0.0
4676.1 0.0
4676.4 0.0
4676.7 0.0
4677.0 0.0
4677.3 0.0
4677.6 0.0
4677.9 0.0
4678.2 0.0
4678.5 0.0
4678.8 0.0
4679.1 0.0
4679.4 0.0
4679.7 0.0
4680.0 0.0
4680.3 0.0
4680.6 0.0
4680.9 0.0
4681.2 0.0
4681.5 0.0
4681.8 0.0
4682.1 0.0
4682.4 0.0
4682.7 0.0
4683.0 0.0
4683.3 0.0
4683.6 0.0
4683.9 0.0
4684.2 0.0
4684.5 0.0
4684.8 0.0
4685.1 0.0
4685.4 0.0
4685.7 0.0
4686.0 0.0
4686.3 0.0
4686.6 0.0
4686.9 0.0
4687.2 0.0
4687.5 0.0
4687.8 0.0
4688.1 0.0
4688.4 0.0
4688.7 0.0
4689.0 0.0
4689.3 0.0
4689.6 0.0
4689.9 0.0
4690.2 0.0
4690.5 0.0
4690.8 0.0
4691.1 0.0
4691.4 0.0
4691.7 0.0
4692.0 0.0
4692.3 0.0
4692.6 0.0
4692.9 0.0
4693.2 0.0
4693.5 0.0
4693.8 0.0
4694.1 0.0
4694.4 0.0
4694.7 0.0
4695.0 0.0
4695.3 0.0
4695.6 0.0
4695.9 0.0
4696.2 0.0
4696.5 0.0
4696.8 0.0
4697.1 0.0
4697.4 0.0
4697.7 0.0
4698.0 0.0
4698.3 0.0
4698.6 0.0
4698.9 0.0
4699.2 0.0
4699.5 0.0
4699.8 0.0
4700.1 0.0
4700.4 0.0
4700.7 0.0
4701.0 0.0
4701.3 0.0
4701.6 0.0
4701.9 0.0
4702.2 0.0
4702.5 0.0
4702.8 0.0
4703.1 0.0
4703.4 0.0
4703.7 0.0
4704.0 0.0
4704.3 0.0
4704.6 0.0
4704.9 0.0
4705.2 0.0
4705.5 0.0
4705.8 0.0
4706.1 0.0
4706.4 0.0
4706.7 0.0
4707.0 0.0
4707.3 0.0
4707.6 0.0
4707.9 0.0
4708.2 0.0
4708.5 0.0
4708.8 0.0
4709.1 0.0
4709.4 0.0
4709.7 0.0
4710.0 0.0
4710.3 0.0
4710.6 0.0
4710.9 0.0
4711.2 0.0
4711.5 0.0
4711.8 0.0
4712.1 0.0
4712.4 0.0
4712.7 0.0
4713.0 0.0
4713.3 0.0
4713.6 0.0
4713.9 0.0
4714.2 0.0
4714.5 0.0
4714.8 0.0
4715.1 0.0
4715.4 0.0
4715.7 0.0
4716.0 0.0
4716.3 0.0
4716.6 0.0
4716.9 0.0
4717.2 0.0
4717.5 0.0
4717.8 0.0
4718.1 0.0
4718.4 0.0
4718.7 0.0
4719.0 0.0
4719.3 0.0
4719.6 0.0
4719.9 0.0
4720.2 0.0
4720.5 0.0
4720.8 0.0
4721.1 0.0
4721.4 0.0
4721.7 0.0
4722.0 0.0
4722.3 0.0
4722.6 0.0
4722.9 0.0
4723.2 0.0
4723.5 0.0
4723.8 0.0
4724.1 0.0
4724.4 0.0
4724.7 0.0
4725.0 0.0
4725.3 0.0
4725.6 0.0
4725.9 0.0
4726.2 0.0
4726.5 0.0
4726.8 0.0
4727.1 0.0
4727.4 0.0
4727.7 0.0
4728.0 0.0
4728.3 0.0
4728.6 0.0
4728.9 0.0
4729.2 0.0
4729.5 0.0
4729.8 0.0
4730.1 0.0
4730.4 0.0
4730.7 0.0
4731.0 0.0
4731.3 0.0
4731.6 0.0
4731.9 0.0
4732.2 0.0
4732.5 0.0
4732.8 0.0
4733.1 0.0
4733.4 0.0
4733.7 0.0
4734.0 0.0
4734.3 0.0
4734.6 0.0
4734.9 0.0
4735.2 0.0
4735.5 0.0
4735.8 0.0
4736.1 0.0
4736.4 0.0
4736.7 0.0
4737.0 0.0
4737.3 0.0
4737.6 0.0
4737.9 0.0
4738.2 0.0
4738.5 0.0
4738.8 0.0
4739.1 0.0
4739.4 0.0
4739.7 0.0
4740.0 0.0
4740.3 0.0
4740.6 0.0
4740.9 0.0
4741.2 0.0
4741.5 0.0
4741.8 0.0
4742.1 0.0
4742.4 0.0
4742.7 0.0
4743.0 0.0
4743.3 0.0
4743.6 0.0
4743.9 0.0
4744.2 0.0
4744.5 0.0
4744.8 0.0
4745.1 0.0
4745.4 0.0
4745.7 0.0
4746.0 0.0
4746.3 0.0
4746.6 0.0
4746.9 0.0
4747.2 0.0
4747.5 0.0
4747.8 0.0
4748.1 0.0
4748.4 0.0
4748.7 0.0
4749.0 0.0
4749.3 0.0
4749.6 0.0
4749.9 0.0
4750.2 0.0
4750.5 0.0
4750.8 0.0
4751.1 0.0
4751.4 0.0
4751.7 0.0
4752.0 0.0
4752.3 0.0
4752.6 0.0
4752.9 0.0
4753.2 0.0
4753.5 0.0
4753.8 0.0
4754.1 0.0
4754.4 0.0
4754.7 0.0
4755.0 0.0
4755.3 0.0
4755.6 0.0
4755.9 0.0
4756.2 0.0
4756.5 0.0
4756.8 0.0
4757.1 0.0
4757.4 0.0
4757.7 0.0
4758.0 0.0
4758.3 0.0
4758.6 0.0
4758.9 0.0
4759.2 0.0
4759.5 0.0
4759.8 0.0
4760.1 0.0
4760.4 0.0
4760.7 0.0
4761.0 0.0
4761.3 0.0
4761.6 0.0
4761.9 0.0
4762.2 0.0
4762.5 0.0
4762.8 0.0
4763.1 0.0
4763.4 0.0
4763.7 0.0
4764.0 0.0
4764.3 0.0
4764.6 0.0
4764.9 0.0
4765.2 0.0
4765.5 0.0
4765.8 0.0
4766.1 0.0
4766.4 0.0
4766.7 0.0
4767.0 0.0
4767.3 0.0
4767.6 0.0
4767.9 0.0
4768.2 0.0
4768.5 0.0
4768.8 0.0
4769.1 0.0
4769.4 0.0
4769.7 0.0
4770.0 0.0
4770.3 0.0
4770.6 0.0
4770.9 0.0
4771.2 0.0
4771.5 0.0
4771.8 0.0
4772.1 0.0
4772.4 0.0
4772.7 0.0
4773.0 0.0
4773.3 0.0
4773.6 0.0
4773.9 0.0
4774.2 0.0
4774.5 0.0
4774.8 0.0
4775.1 0.0
4775.4 0.0
4775.7 0.0
4776.0 0.0
4776.3 0.0
4776.6 0.0
4776.9 0.0
4777.2 0.0
4777.5 0.0
4777.8 0.0
4778.1 0.0
4778.4 0.0
4778.7 0.0
4779.0 0.0
4779.3 0.0
4779.6 0.0
4779.9 0.0
4780.2 0.0
4780.5 0.0
4780.8 0.0
4781.1 0.0
4781.4 0.0
4781.7 0.0
4782.0 0.0
4782.3 0.0
4782.6 0.0
4782.9 0.0
4783.2 0.0
4783.5 0.0
4783.8 0.0
4784.1 0.0
4784.4 0.0
4784.7 0.0
4785.0 0.0
4785.3 0.0
4785.6 0.0
4785.9 0.0
4786.2 0.0
4786.5 0.0
4786.8 0.0
4787.1 0.0
4787.4 0.0
4787.7 0.0
4788.0 0.0
4788.3 0.0
4788.6 0.0
4788.9 0.0
4789.2 0.0
4789.5 0.0
4789.8 0.0
4790.1 0.0
4790.4 0.0
4790.7 0.0
4791.0 0.0
4791.3 0.0
4791.6 0.0
4791.9 0.0
4792.2 0.0
4792.5 0.0
4792.8 0.0
4793.1 0.0
4793.4 0.0
4793.7 0.0
4794.0 0.0
4794.3 0.0
4794.6 0.0
4794.9 0.0
4795.2 0.0
4795.5 0.0
4795.8 0.0
4796.1 0.0
4796.4 0.0
4796.7 0.0
4797.0 0.0
4797.3 0.0
4797.6 0.0
4797.9 0.0
4798.2 0.0
4798.5 0.0
4798.8 0.0
4799.1 0.0
4799.4 0.0
4799.7 0.0
4800.0 0.0
4800.3 0.0
4800.6 0.0
4800.9 0.0
4801.2 0.0
4801.5 0.0
4801.8 0.0
4802.1 0.0
4802.4 0.0
4802.7 0.0
4803.0 0.0
4803.3 0.0
4803.6 0.0
4803.9 0.0
4804.2 0.0
4804.5 0.0
4804.8 0.0
4805.1 0.0
4805.4 0.0
4805.7 0.0
4806.0 0.0
4806.3 0.0
4806.6 0.0
4806.9 0.0
4807.2 0.0
4807.5 0.0
4807.8 0.0
4808.1 0.0
4808.4 0.0
4808.7 0.0
4809.0 0.0
4809.3 0.0
4809.6 0.0
4809.9 0.0
4810.2 0.0
4810.5 0.0
4810.8 0.0
4811.1 0.0
4811.4 0.0
4811.7 0.0
4812.0 0.0
4812.3 0.0
4812.6 0.0
4812.9 0.0
4813.2 0.0
4813.5 0.0
4813.8 0.0
4814.1 0.0
4814.4 0.0
4814.7 0.0
4815.0 0.0
4815.3 0.0
4815.6 0.0
4815.9 0.0
4816.2 0.0
4816.5 0.0
4816.8 0.0
4817.1 0.0
4817.4 0.0
4817.7 0.0
4818.0 0.0
4818.3 0.0
4818.6 0.0
4818.9 0.0
4819.2 0.0
4819.5 0.0
4819.8 0.0
4820.1 0.0
4820.4 0.0
4820.7 0.0
4821.0 0.0
4821.3 0.0
4821.6 0.0
4821.9 0.0
4822.2 0.0
4822.5 0.0
4822.8 0.0
4823.1 0.0
4823.4 0.0
4823.7 0.0
4824.0 0.0
4824.3 0.0
4824.6 0.0
4824.9 0.0
4825.2 0.0
4825.5 0.0
4825.8 0.0
4826.1 0.0
4826.4 0.0
4826.7 0.0
4827.0 0.0
4827.3 0.0
4827.6 0.0
4827.9 0.0
4828.2 0.0
4828.5 0.0
4828.8 0.0
4829.1 0.0
4829.4 0.0
4829.7 0.0
4830.0 0.0
4830.3 0.0
4830.6 0.0
4830.9 0.0
4831.2 0.0
4831.5 0.0
4831.8 0.0
4832.1 0.0
4832.4 0.0
4832.7 0.0
4833.0 0.0
4833.3 0.0
4833.6 0.0
4833.9 0.0
4834.2 0.0
4834.5 0.0
4834.8 0.0
4835.1 0.0
4835.4 0.0
4835.7 0.0
4836.0 0.0
4836.3 0.0
4836.6 0.0
4836.9 0.0
4837.2 0.0
4837.5 0.0
4837.8 0.0
4838.1 0.0
4838.4 0.0
4838.7 0.0
4839.0 0.0
4839.3 0.0
4839.6 0.0
4839.9 0.0
4840.2 0.0
4840.5 0.0
4840.8 0.0
4841.1 0.0
4841.4 0.0
4841.7 0.0
4842.0 0.0
4842.3 0.0
4842.6 0.0
4842.9 0.0
4843.2 0.0
4843.5 0.0
4843.8 0.0
4844.1 0.0
4844.4 0.0
4844.7 0.0
4845.0 0.0
4845.3 0.0
4845.6 0.0
4845.9 0.0
4846.2 0.0
4846.5 0.0
4846.8 0.0
4847.1 0.0
4847.4 0.0
4847.7 0.0
4848.0 0.0
4848.3 0.0
4848.6 0.0
4848.9 0.0
4849.2 0.0
4849.5 0.0
4849.8 0.0
4850.1 0.0
4850.4 0.0
4850.7 0.0
4851.0 0.0
4851.3 0.0
4851.6 0.0
4851.9 0.0
4852.2 0.0
4852.5 0.0
4852.8 0.0
4853.1 0.0
4853.4 0.0
4853.7 0.0
4854.0 0.0
4854.3 0.0
4854.6 0.0
4854.9 0.0
4855.2 0.0
4855.5 0.0
4855.8 0.0
4856.1 0.0
4856.4 0.0
4856.7 0.0
4857.0 0.0
4857.3 0.0
4857.6 0.0
4857.9 0.0
4858.2 0.0
4858.5 0.0
4858.8 0.0
4859.1 0.0
4859.4 0.0
4859.7 0.0
4860.0 0.0
4860.3 0.0
4860.6 0.0
4860.9 0.0
4861.2 0.0
4861.5 0.0
4861.8 0.0
4862.1 0.0
4862.4 0.0
4862.7 0.0
4863.0 0.0
4863.3 0.0
4863.6 0.0
4863.9 0.0
4864.2 0.0
4864.5 0.0
4864.8 0.0
4865.1 0.0
4865.4 0.0
4865.7 0.0
4866.0 0.0
4866.3 0.0
4866.6 0.0
4866.9 0.0
4867.2 0.0
4867.5 0.0
4867.8 0.0
4868.1 0.0
4868.4 0.0
4868.7 0.0
4869.0 0.0
4869.3 0.0
4869.6 0.0
4869.9 0.0
4870.2 0.0
4870.5 0.0
4870.8 0.0
4871.1 0.0
4871.4 0.0
4871.7 0.0
4872.0 0.0
4872.3 0.0
4872.6 0.0
4872.9 0.0
4873.2 0.0
4873.5 0.0
4873.8 0.0
4874.1 0.0
4874.4 0.0
4874.7 0.0
4875.0 0.0
4875.3 0.0
4875.6 0.0
4875.9 0.0
4876.2 0.0
4876.5 0.0
4876.8 0.0
4877.1 0.0
4877.4 0.0
4877.7 0.0
4878.0 0.0
4878.3 0.0
4878.6 0.0
4878.9 0.0
4879.2 0.0
4879.5 0.0
4879.8 0.0
4880.1 0.0
4880.4 0.0
4880.7 0.0
4881.0 0.0
4881.3 0.0
4881.6 0.0
4881.9 0.0
4882.2 0.0
4882.5 0.0
4882.8 0.0
4883.1 0.0
4883.4 0.0
4883.7 0.0
4884.0 0.0
4884.3 0.0
4884.6 0.0
4884.9 0.0
4885.2 0.0
4885.5 0.0
4885.8 0.0
4886.1 0.0
4886.4 0.0
4886.7 0.0
4887.0 0.0
4887.3 0.0
4887.6 0.0
4887.9 0.0
4888.2 0.0
4888.5 0.0
4888.8 0.0
4889.1 0.0
4889.4 0.0
4889.7 0.0
4890.0 0.0
4890.3 0.0
4890.6 0.0
4890.9 0.0
4891.2 0.0
4891.5 0.0
4891.8 0.0
4892.1 0.0
4892.4 0.0
4892.7 0.0
4893.0 0.0
4893.3 0.0
4893.6 0.0
4893.9 0.0
4894.2 0.0
4894.5 0.0
4894.8 0.0
4895.1 0.0
4895.4 0.0
4895.7 0.0
4896.0 0.0
4896.3 0.0
4896.6 0.0
4896.9 0.0
4897.2 0.0
4897.5 0.0
4897.8 0.0
4898.1 0.0
4898.4 0.0
4898.7 0.0
4899.0 0.0
4899.3 0.0
4899.6 0.0
4899.9 0.0
4900.2 0.0
4900.5 0.0
4900.8 0.0
4901.1 0.0
4901.4 0.0
4901.7 0.0
4902.0 0.0
4902.3 0.0
4902.6 0.0
4902.9 0.0
4903.2 0.0
4903.5 0.0
4903.8 0.0
4904.1 0.0
4904.4 0.0
4904.7 0.0
4905.0 0.0
4905.3 0.0
4905.6 0.0
4905.9 0.0
4906.2 0.0
4906.5 0.0
4906.8 0.0
4907.1 0.0
4907.4 0.0
4907.7 0.0
4908.0 0.0
4908.3 0.0
4908.6 0.0
4908.9 0.0
4909.2 0.0
4909.5 0.0
4909.8 0.0
4910.1 0.0
4910.4 0.0
4910.7 0.0
4911.0 0.0
4911.3 0.0
4911.6 0.0
4911.9 0.0
4912.2 0.0
4912.5 0.0
4912.8 0.0
4913.1 0.0
4913.4 0.0
4913.7 0.0
4914.0 0.0
4914.3 0.0
4914.6 1.5011517690791815e-14
4914.9 1.64544180935279e-14
4915.2 6.700974313363875e-14
4915.5 1.763567243290103e-13
4915.8 5.0674051424866e-13
4916.1 1.3632813961714945e-12
4916.4 3.6469076863205815e-12
4916.7 9.64105744464237e-12
4917.0 2.5185684880544472e-11
4917.3 6.47699465559338e-11
4917.6 1.6473224770206248e-10
4917.9 4.136161606934556e-10
4918.2 1.0253048652170127e-9
4918.5 2.5106754736568544e-9
4918.8 6.074291423666242e-9
4919.1 1.4529552527476296e-8
4919.4 3.438651309472172e-8
4919.7 8.0615022879134e-8
4920.0 1.875130211201889e-7
4920.3 4.3364363627493066e-7
4920.6 9.995591203329132e-7
4920.9 2.3027753543165917e-6
4921.2 5.31634058743586e-6
4921.5 1.232495261619792e-5
4921.8 2.871951742436374e-5
4922.1 6.722740249395787e-5
4922.4 0.00015774887055064468
4922.7 0.0003697767514008188
4923.0 0.0008622127724602358
4923.3 0.001990785481607915
4923.6 0.0045319617639592025
4923.9 0.0101326620413289
4924.2 0.02217795980578785
4924.5 0.04739477262774017
4924.8 0.09868250253066435
4925.1 0.19986837728811224
4925.4 0.39327896526810946
4925.7 0.7511029478482669
4926.0 1.3913361120066838
4926.3 2.4984460152336396
4926.6 4.347574169165455
4926.9 7.329026672523469
4927.2 11.9671526895836
4927.5 18.925035871565342
4927.8 28.984688702970743
4928.1 42.99295228719711
4928.4 61.76718359440565
4928.7 85.96271625161171
4929.0 115.91508755087852
4929.3 151.48202806711197
4929.6 191.91942644119263
4929.9 235.82780212163925
4930.2 281.19847774505615
4930.5 325.57118678092957
4930.8 366.29044222831726
4931.1 400.82280683517456
4931.4 427.0792889595032
4931.7 443.68146538734436
4932.0 450.12052297592163
4932.3 446.7813665866852
4932.6 434.833646774292
4932.9 416.018590927124
4933.2 392.37859535217285
4933.5 365.98114681243896
4933.8 338.68144607543945
4934.1 311.9527168273926
4934.4 286.79601860046387
4934.7 263.72656893730164
4935.0 242.82385230064392
4935.3 223.82795524597168
4935.6 206.26303100585938
4935.9 189.56921637058258
4936.2 173.225188434124
4936.5 156.84592141211033
4936.8 140.2437616288662
4937.1 123.44692172855139
4937.4 106.6766496822238
4937.7 90.29165916703641
4938.0 74.71395743032917
4938.3 60.352310883579776
4938.6 47.53812006406952
4938.9 36.483727943268605
4939.2 27.266884491808014
4939.5 19.839141863420082
4939.8 14.051536813156417
4940.1 9.689110624565728
4940.4 6.506201293124377
4940.7 4.256538513409282
4941.0 2.7148894840817093
4941.3 1.6895763923718192
4941.6 1.0270331714630103
4941.9 0.6105414137170975
4942.2 0.3554744829554002
4942.5 0.20304771057091742
4942.8 0.1140002227984081
4943.1 0.06304104477775954
4943.4 0.03440994291471704
4943.7 0.018578763832009584
4944.0 0.00994243160158222
4944.3 0.005282776465504576
4944.6 0.0027906190560179137
4944.9 0.0014667852709848717
4945.2 0.0007673413841082777
4945.5 0.0003994649711609455
4945.8 0.00020680965718522515
4946.1 0.00010638348069758052
4946.4 5.4316292750988815e-5
4946.7 2.7495514345693417e-5
4947.0 1.3785197435126073e-5
4947.3 6.838671654390421e-6
4947.6 3.3541554369494533e-6
4947.9 1.6253688279767309e-6
4948.2 7.777475547519159e-7
4948.5 3.673273625977281e-7
4948.8 1.7117753324634585e-7
4949.1 7.868689286803267e-8
4949.4 3.567214531858603e-8
4949.7 1.594609254583083e-8
4950.0 7.027804966237752e-9
4950.3 3.0533236486631263e-9
4950.6 1.3076136367132635e-9
4950.9 5.519683374614006e-10
4951.2 2.2959330852381213e-10
4951.5 9.413807623627235e-11
4951.8 3.8018932241976094e-11
4952.1 1.512150399487984e-11
4952.4 5.9421242173369424e-12
4952.7 2.2978356474159174e-12
4953.0 8.695131737223422e-13
4953.3 3.303540040060595e-13
4953.6 1.2286842393634202e-13
4953.9 4.030507663698704e-14
4954.2 1.5011517690791815e-14
4954.5 7.505758845395907e-15
4954.8 0.0
4955.1 0.0
4955.4 0.0
4955.7 0.0
4956.0 0.0
4956.3 0.0
4956.6 0.0
4956.9 0.0
4957.2 0.0
4957.5 0.0
4957.8 0.0
4958.1 0.0
4958.4 0.0
4958.7 0.0
4959.0 0.0
4959.3 0.0
4959.6 0.0
4959.9 0.0
4960.2 0.0
4960.5 0.0
4960.8 0.0
4961.1 0.0
4961.4 0.0
4961.7 0.0
4962.0 0.0
4962.3 0.0
4962.6 0.0
4962.9 0.0
4963.2 0.0
4963.5 0.0
4963.8 0.0
4964.1 0.0
4964.4 0.0
4964.7 0.0
4965.0 0.0
4965.3 0.0
4965.6 0.0
4965.9 0.0
4966.2 0.0
4966.5 0.0
4966.8 0.0
4967.1 0.0
4967.4 0.0
4967.7 0.0
4968.0 0.0
4968.3 0.0
4968.6 0.0
4968.9 0.0
4969.2 0.0
4969.5 0.0
4969.8 0.0
4970.1 0.0
4970.4 0.0
4970.7 0.0
4971.0 0.0
4971.3 0.0
4971.6 0.0
4971.9 0.0
4972.2 0.0
4972.5 0.0
4972.8 0.0
4973.1 0.0
4973.4 0.0
4973.7 0.0
4974.0 0.0
4974.3 0.0
4974.6 0.0
4974.9 0.0
4975.2 0.0
4975.5 0.0
4975.8 0.0
4976.1 0.0
4976.4 0.0
4976.7 0.0
4977.0 0.0
4977.3 0.0
4977.6 0.0
4977.9 0.0
4978.2 0.0
4978.5 0.0
4978.8 0.0
4979.1 0.0
4979.4 0.0
4979.7 0.0
4980.0 0.0
4980.3 0.0
4980.6 0.0
4980.9 0.0
4981.2 0.0
4981.5 0.0
4981.8 0.0
4982.1 0.0
4982.4 0.0
4982.7 0.0
4983.0 0.0
4983.3 0.0
4983.6 0.0
4983.9 0.0
4984.2 0.0
4984.5 0.0
4984.8 0.0
4985.1 0.0
4985.4 0.0
4985.7 0.0
4986.0 0.0
4986.3 0.0
4986.6 0.0
4986.9 0.0
4987.2 0.0
4987.5 0.0
4987.8 0.0
4988.1 0.0
4988.4 0.0
4988.7 0.0
4989.0 0.0
4989.3 0.0
4989.6 0.0
4989.9 0.0
4990.2 0.0
4990.5 0.0
4990.8 0.0
4991.1 0.0
4991.4 0.0
4991.7 0.0
4992.0 0.0
4992.3 0.0
4992.6 0.0
4992.9 0.0
4993.2 0.0
4993.5 0.0
4993.8 0.0
4994.1 0.0
4994.4 0.0
4994.7 0.0
4995.0 0.0
4995.3 0.0
4995.6 0.0
4995.9 0.0
4996.2 0.0
4996.5 0.0
4996.8 0.0
4997.1 0.0
4997.4 0.0
4997.7 0.0
4998.0 0.0
4998.3 0.0
4998.6 0.0
4998.9 0.0
4999.2 0.0
4999.5 0.0
4999.8 0.0
5000.1 0.0
5000.4 0.0
5000.7 0.0
5001.0 0.0
5001.3 0.0
5001.6 0.0
5001.9 0.0
5002.2 0.0
5002.5 0.0
5002.8 0.0
5003.1 0.0
5003.4 0.0
5003.7 0.0
5004.0 0.0
5004.3 0.0
5004.6 0.0
5004.9 0.0
5005.2 0.0
5005.5 0.0
5005.8 0.0
5006.1 0.0
5006.4 0.0
5006.7 0.0
5007.0 0.0
5007.3 0.0
5007.6 0.0
5007.9 0.0
5008.2 0.0
5008.5 0.0
5008.8 0.0
5009.1 0.0
5009.4 0.0
5009.7 0.0
5010.0 0.0
5010.3 0.0
5010.6 0.0
5010.9 0.0
5011.2 0.0
5011.5 0.0
5011.8 0.0
5012.1 0.0
5012.4 0.0
5012.7 0.0
5013.0 0.0
5013.3 1.6384559580598693e-15
5013.6 1.6384559580598693e-15
5013.9 1.0226192164495979e-14
5014.2 2.2166764905842134e-14
5014.5 6.776629432740146e-14
5014.8 1.7934871998442035e-13
5015.1 4.763188473744066e-13
5015.4 1.235892484132961e-12
5015.7 3.1946214786008243e-12
5016.0 8.1273269724457e-12
5016.3 2.0388097431500783e-11
5016.6 5.0511976902954924e-11
5016.9 1.2349147949634e-10
5017.2 2.9817200329597294e-10
5017.5 7.109896416170801e-10
5017.8 1.6752890762515566e-9
5018.1 3.903261217863067e-9
5018.4 9.00062982412864e-9
5018.7 2.0566688673120706e-8
5019.0 4.664643692974656e-8
5019.3 1.052291466632445e-7
5019.6 2.3669700161277013e-7
5019.9 5.323149744656456e-7
5020.2 1.200092824813078e-6
5020.5 2.718057366960869e-6
5020.8 6.191376351110875e-6
5021.1 1.4180039096371028e-5
5021.4 3.259410658497386e-5
5021.7 7.495460725923109e-5
5022.0 0.00017174701583810847
5022.3 0.00039037618442838706
5022.6 0.0008763771841406864
5022.9 0.001935520474852126
5023.2 0.004191132188509528
5023.5 0.008873140338181429
5023.8 0.01832573985620911
5024.1 0.03685681043521072
5024.4 0.07208619119046489
5024.7 0.1369648396703269
5025.0 0.25260578147208435
5025.3 0.4519557195235393
5025.6 0.7841099483775906
5025.9 1.318717299727723
5026.2 2.149465526919812
5026.5 3.3951717370655388
5026.8 5.196694591548294
5027.1 7.707949696108699
5027.4 11.079950426705182
5027.7 15.438107082620263
5028.0 20.854880273342133
5028.3 27.32192835211754
5028.6 34.7274801582098
5028.9 42.84515608847141
5029.2 51.33932879567146
5029.5 59.789280235767365
5029.8 67.73041498661041
5030.1 74.70659536123276
5030.4 80.3245838880539
5030.7 84.30053961277008
5031.0 86.49004626274109
5031.3 86.89679491519928
5031.6 85.6597648859024
5031.9 83.02309811115265
5032.2 79.2958505153656
5032.5 74.80949902534485
5032.8 69.88013517856598
5033.1 64.77979362010956
5033.4 59.71887218952179
5033.7 54.83938580751419
5034.0 50.21750006079674
5034.3 45.87319450080395
5034.6 41.784792721271515
5034.9 37.90607253462076
5035.2 34.18366599455476
5035.5 30.572445960715413
5035.8 27.046825542114675
5036.1 23.606534646824002
5036.4 20.276355556445196
5036.7 17.10051354195457
5037.0 14.13340642338153
5037.3 11.428997799230274
5037.6 9.031207953274134
5037.9 6.9671114853117615
5038.2 5.243862569639532
5038.5 3.8493080561029274
5038.8 2.755480239358576
5039.1 1.9237444312215075
5039.4 1.3103319702147473
5039.7 0.8712450079783025
5040.0 0.5659208042766011
5040.3 0.35945704455096283
5040.6 0.22352140342698945
5040.9 0.13625631063836263
5041.2 0.08154820056170745
5041.5 0.047995675920078584
5041.8 0.0278267189616231
5042.1 0.015919846447886275
5042.4 0.009002111176025403
5042.7 0.005038697464126904
5043.0 0.002795065172260857
5043.3 0.0015380115467111845
5043.6 0.0008399678715048878
5043.9 0.00045539654298210053
5044.2 0.0002450707924559481
5044.5 0.00013086029261355492
5044.8 6.929475587735823e-5
5045.1 3.636519706318175e-5
5045.4 1.8900200662863575e-5
5045.7 9.721904006054771e-6
5046.0 4.946219505919114e-6
5046.3 2.4876957899523655e-6
5046.6 1.236296555647172e-6
5046.9 6.06852943596612e-7
5047.2 2.941336164527216e-7
5047.5 1.4073353699141128e-7
5047.8 6.64592205757122e-8
5048.1 3.097042702692864e-8
5048.4 1.424020057415825e-8
5048.7 6.459705211421867e-9
5049.0 2.890643674333462e-9
5049.3 1.2759300541493094e-9
5049.6 5.554797036380095e-10
5049.9 2.384928606992315e-10
5050.2 1.0098878276643155e-10
5050.5 4.215958717016324e-11
5050.8 1.735412037964064e-11
5051.1 7.049083880561432e-12
5051.4 2.8202015534607602e-12
5051.7 1.1078387892442638e-12
5052.0 4.3470338953925395e-13
5052.3 1.6593662284419331e-13
5052.6 6.162579578600512e-14
5052.9 2.2830711019802927e-14
5053.2 9.830735536600979e-15
5053.5 1.6384559580598693e-15
5053.8 1.6384559580598693e-15
5054.1 0.0
5054.4 0.0
5054.7 0.0
5055.0 0.0
5055.3 0.0
5055.6 0.0
5055.9 0.0
5056.2 0.0
5056.5 0.0
5056.8 0.0
5057.1 0.0
5057.4 0.0
5057.7 0.0
5058.0 0.0
5058.3 0.0
5058.6 0.0
5058.9 0.0
5059.2 0.0
5059.5 0.0
5059.8 0.0
5060.1 0.0
5060.4 0.0
5060.7 0.0
5061.0 0.0
5061.3 0.0
5061.6 0.0
5061.9 4.8452901914752995e-15
5062.2 9.690580382950599e-15
5062.5 3.0238062000903303e-14
5062.8 8.470257750028195e-14
5063.1 2.3373773848429816e-13
5063.4 6.132258244896443e-13
5063.7 1.637379478286764e-12
5064.0 4.187917824620456e-12
5064.3 1.0774794640902195e-11
5064.6 2.7164752547973955e-11
5064.9 6.767729585311434e-11
5065.2 1.6644837520241593e-10
5065.5 4.041184036526372e-10
5065.8 9.688315202347017e-10
5066.1 2.294136467224086e-9
5066.4 5.368330437848355e-9
5066.7 1.2421093301643093e-8
5067.0 2.8440769534460418e-8
5067.3 6.451951513800595e-8
5067.6 1.452372217634178e-7
5067.9 3.2505690736130966e-7
5068.2 7.250654255700425e-7
5068.5 1.6162261038843331e-6
5068.8 3.6100873593497085e-6
5069.1 8.099093333245773e-6
5069.4 1.827596954709701e-5
5069.7 4.148494201670211e-5
5070.0 9.458768497780379e-5
5070.3 0.00021600209463135123
5070.6 0.0004921025689386127
5070.9 0.0011135317143793344
5071.2 0.00249154812591712
5071.5 0.005490054949433443
5071.8 0.01187081003035928
5072.1 0.02511286324829598
5072.4 0.05185480337468107
5072.7 0.10431378803104963
5073.0 0.20413601813743298
5073.3 0.3881819018533861
5073.6 0.7166683390096296
5073.9 1.2837794751976617
5074.2 2.2302165366127156
5074.5 3.756138565717265
5074.8 6.131622581975535
5075.1 9.700398568995297
5075.4 14.871675053611398
5075.7 22.094972375780344
5076.0 31.814647782593966
5076.3 44.40452171117067
5076.6 60.08838428556919
5076.9 78.85814690589905
5077.2 100.40624177455902
5077.5 124.0904603600502
5077.8 148.94651699066162
5078.1 173.75550973415375
5078.4 197.16191971302032
5078.7 217.82546305656433
5079.0 234.580730676651
5079.3 246.57523488998413
5079.6 253.36043882369995
5079.9 254.92080783843994
5080.2 251.63968229293823
5080.5 244.21375370025635
5080.8 233.5367488861084
5081.1 220.5755968093872
5081.4 206.25931978225708
5081.7 191.3940188884735
5082.0 176.6098346710205
5082.3 162.33906042575836
5082.6 148.82108318805695
5082.9 136.12798577547073
5083.2 124.20459112524986
5083.5 112.91681298613548
5083.8 102.10206174850464
5084.1 91.61529202014208
5084.4 81.36458189412951
5084.7 71.33144784159958
5085.0 61.573724715039134
5085.3 52.21208811784163
5085.6 43.404557038098574
5085.9 35.31543045863509
5086.2 28.0856646115717
5086.5 21.8104753800435
5086.8 16.52751951753453
5087.1 12.216195724118734
5087.4 8.80613888805783
5087.7 6.191496968348929
5088.0 4.247209830453926
5088.3 2.8440754211808894
5088.6 1.8605044328282077
5088.9 1.1901033619852868
5089.2 0.745249315668568
5089.5 0.4574685327646679
5089.8 0.2756864809121896
5090.1 0.16337046596430332
5090.4 0.09536306297746298
5090.7 0.05492706353274086
5091.0 0.03126898733212048
5091.3 0.0176204102348836
5091.6 0.009841040224187428
5091.9 0.005452571181083839
5092.2 0.002998863628378588
5092.5 0.0016376164217035694
5092.8 0.000887834301416035
5093.1 0.0004777110004248186
5093.4 0.0002549642336902025
5093.7 0.00013489406913613777
5094.0 7.069796499159509e-5
5094.3 3.667989772082603e-5
5094.6 1.88271800018458e-5
5094.9 9.555177766559786e-6
5095.2 4.79274272066621e-6
5095.5 2.3749339848003898e-6
5095.8 1.1622589034762133e-6
5096.1 5.615999565844638e-7
5096.4 2.6787689387102213e-7
5096.7 1.2611185834063597e-7
5097.0 5.8590956566771315e-8
5097.3 2.6860244356009538e-8
5097.6 1.2149321041200462e-8
5097.9 5.421484186131243e-9
5098.2 2.3865503445627217e-9
5098.5 1.0362877224724037e-9
5098.8 4.4383611294666987e-10
5099.1 1.8745747057015015e-10
5099.4 7.80885328806403e-11
5099.7 3.208035149189454e-11
5100.0 1.2993434946352036e-11
5100.3 5.179868437727776e-12
5100.6 2.052045643461233e-12
5100.9 7.950887839010701e-13
5101.2 3.075534000312129e-13
5101.5 1.0853949134598511e-13
5101.8 4.587041026692367e-14
5102.1 9.690580382950599e-15
5102.4 9.690580382950599e-15
5102.7 0.0
5103.0 0.0
5103.3 0.0
5103.6 0.0
5103.9 0.0
5104.2 0.0
5104.5 0.0
5104.8 0.0
5105.1 0.0
5105.4 0.0
5105.7 0.0
5106.0 0.0
5106.3 0.0
5106.6 0.0
5106.9 0.0
5107.2 0.0
5107.5 0.0
5107.8 0.0
5108.1 0.0
5108.4 0.0
5108.7 0.0
5109.0 0.0
5109.3 0.0
5109.6 0.0
5109.9 0.0
5110.2 0.0
5110.5 0.0
5110.8 0.0
5111.1 0.0
5111.4 0.0
5111.7 0.0
5112.0 0.0
5112.3 0.0
5112.6 0.0
5112.9 0.0
5113.2 0.0
5113.5 0.0
5113.8 0.0
5114.1 0.0
5114.4 0.0
5114.7 0.0
5115.0 0.0
5115.3 0.0
5115.6 0.0
5115.9 0.0
5116.2 0.0
5116.5 0.0
5116.8 0.0
5117.1 0.0
5117.4 0.0
5117.7 0.0
5118.0 0.0
5118.3 0.0
5118.6 0.0
5118.9 0.0
5119.2 0.0
5119.5 0.0
5119.8 0.0
5120.1 0.0
5120.4 0.0
5120.7 0.0
5121.0 0.0
5121.3 0.0
5121.6 0.0
5121.9 0.0
5122.2 0.0
5122.5 0.0
5122.8 0.0
5123.1 0.0
5123.4 0.0
5123.7 0.0
5124.0 0.0
5124.3 0.0
5124.6 0.0
5124.9 0.0
5125.2 0.0
5125.5 0.0
5125.8 0.0
5126.1 0.0
5126.4 0.0
5126.7 0.0
5127.0 0.0
5127.3 0.0
5127.6 0.0
5127.9 0.0
5128.2 0.0
5128.5 0.0
5128.8 0.0
5129.1 0.0
5129.4 0.0
5129.7 0.0
5130.0 0.0
5130.3 0.0
5130.6 0.0
5130.9 0.0
5131.2 0.0
5131.5 0.0
5131.8 0.0
5132.1 0.0
5132.4 0.0
5132.7 0.0
5133.0 0.0
5133.3 0.0
5133.6 0.0
5133.9 0.0
5134.2 0.0
5134.5 0.0
5134.8 0.0
5135.1 0.0
5135.4 0.0
5135.7 0.0
5136.0 0.0
5136.3 0.0
5136.6 0.0
5136.9 0.0
5137.2 0.0
5137.5 0.0
5137.8 0.0
5138.1 0.0
5138.4 0.0
5138.7 0.0
5139.0 0.0
5139.3 0.0
5139.6 0.0
5139.9 0.0
5140.2 0.0
5140.5 0.0
5140.8 0.0
5141.1 0.0
5141.4 0.0
5141.7 0.0
5142.0 0.0
5142.3 0.0
5142.6 0.0
5142.9 0.0
5143.2 0.0
5143.5 0.0
5143.8 0.0
5144.1 0.0
5144.4 0.0
5144.7 0.0
5145.0 0.0
5145.3 0.0
5145.6 0.0
5145.9 0.0
5146.2 0.0
5146.5 0.0
5146.8 0.0
5147.1 0.0
5147.4 0.0
5147.7 0.0
5148.0 0.0
5148.3 0.0
5148.6 0.0
5148.9 0.0
5149.2 0.0
5149.5 0.0
5149.8 0.0
5150.1 0.0
5150.4 0.0
5150.7 0.0
5151.0 0.0
5151.3 0.0
5151.6 0.0
5151.9 0.0
5152.2 0.0
5152.5 0.0
5152.8 0.0
5153.1 0.0
5153.4 0.0
5153.7 0.0
5154.0 0.0
5154.3 0.0
5154.6 0.0
5154.9 0.0
5155.2 0.0
5155.5 0.0
5155.8 0.0
5156.1 0.0
5156.4 0.0
5156.7 0.0
5157.0 0.0
5157.3 0.0
5157.6 0.0
5157.9 0.0
5158.2 0.0
5158.5 0.0
5158.8 0.0
5159.1 0.0
5159.4 0.0
5159.7 0.0
5160.0 0.0
5160.3 0.0
5160.6 0.0
5160.9 0.0
5161.2 0.0
5161.5 0.0
5161.8 0.0
5162.1 0.0
5162.4 0.0
5162.7 0.0
5163.0 0.0
5163.3 0.0
5163.6 0.0
5163.9 0.0
5164.2 0.0
5164.5 0.0
5164.8 0.0
5165.1 0.0
5165.4 0.0
5165.7 0.0
5166.0 0.0
5166.3 0.0
5166.6 0.0
5166.9 0.0
5167.2 0.0
5167.5 0.0
5167.8 0.0
5168.1 0.0
5168.4 0.0
5168.7 0.0
5169.0 0.0
5169.3 0.0
5169.6 0.0
5169.9 0.0
5170.2 0.0
5170.5 0.0
5170.8 0.0
5171.1 0.0
5171.4 0.0
5171.7 0.0
5172.0 0.0
5172.3 0.0
5172.6 0.0
5172.9 0.0
5173.2 0.0
5173.5 0.0
5173.8 0.0
5174.1 0.0
5174.4 0.0
5174.7 0.0
5175.0 0.0
5175.3 0.0
5175.6 0.0
5175.9 0.0
5176.2 0.0
5176.5 0.0
5176.8 0.0
5177.1 0.0
5177.4 0.0
5177.7 0.0
5178.0 0.0
5178.3 0.0
5178.6 0.0
5178.9 0.0
5179.2 0.0
5179.5 0.0
5179.8 0.0
5180.1 0.0
5180.4 0.0
5180.7 0.0
5181.0 0.0
5181.3 0.0
5181.6 0.0
5181.9 0.0
5182.2 0.0
5182.5 0.0
5182.8 0.0
5183.1 0.0
5183.4 0.0
5183.7 0.0
5184.0 0.0
5184.3 0.0
5184.6 0.0
5184.9 0.0
5185.2 0.0
5185.5 0.0
5185.8 0.0
5186.1 0.0
5186.4 0.0
5186.7 0.0
5187.0 0.0
5187.3 0.0
5187.6 0.0
5187.9 0.0
5188.2 0.0
5188.5 0.0
5188.8 0.0
5189.1 0.0
5189.4 0.0
5189.7 0.0
5190.0 0.0
5190.3 0.0
5190.6 0.0
5190.9 0.0
5191.2 0.0
5191.5 0.0
5191.8 0.0
5192.1 0.0
5192.4 0.0
5192.7 0.0
5193.0 0.0
5193.3 0.0
5193.6 0.0
5193.9 0.0
5194.2 0.0
5194.5 0.0
5194.8 0.0
5195.1 0.0
5195.4 0.0
5195.7 0.0
5196.0 0.0
5196.3 0.0
5196.6 0.0
5196.9 0.0
5197.2 0.0
5197.5 0.0
5197.8 0.0
5198.1 0.0
5198.4 0.0
5198.7 0.0
5199.0 0.0
5199.3 0.0
5199.6 0.0
5199.9 0.0
5200.2 0.0
5200.5 0.0
5200.8 0.0
5201.1 0.0
5201.4 0.0
5201.7 0.0
5202.0 0.0
5202.3 0.0
5202.6 0.0
5202.9 0.0
5203.2 0.0
5203.5 0.0
5203.8 0.0
5204.1 0.0
5204.4 0.0
5204.7 0.0
5205.0 0.0
5205.3 0.0
5205.6 0.0
5205.9 0.0
5206.2 0.0
5206.5 0.0
5206.8 0.0
5207.1 0.0
5207.4 0.0
5207.7 0.0
5208.0 0.0
5208.3 0.0
5208.6 0.0
5208.9 0.0
5209.2 0.0
5209.5 0.0
5209.8 0.0
5210.1 0.0
5210.4 0.0
5210.7 0.0
5211.0 0.0
5211.3 0.0
5211.6 0.0
5211.9 0.0
5212.2 0.0
5212.5 0.0
5212.8 0.0
5213.1 0.0
5213.4 0.0
5213.7 0.0
5214.0 0.0
5214.3 0.0
5214.6 0.0
5214.9 0.0
5215.2 0.0
5215.5 0.0
5215.8 0.0
5216.1 0.0
5216.4 0.0
5216.7 0.0
5217.0 0.0
5217.3 0.0
5217.6 0.0
5217.9 0.0
5218.2 0.0
5218.5 0.0
5218.8 0.0
5219.1 0.0
5219.4 0.0
5219.7 0.0
5220.0 0.0
5220.3 0.0
5220.6 0.0
5220.9 0.0
5221.2 0.0
5221.5 0.0
5221.8 0.0
5222.1 0.0
5222.4 0.0
5222.7 0.0
5223.0 0.0
5223.3 0.0
5223.6 0.0
5223.9 0.0
5224.2 0.0
5224.5 0.0
5224.8 0.0
5225.1 0.0
5225.4 0.0
5225.7 0.0
5226.0 0.0
5226.3 0.0
5226.6 0.0
5226.9 0.0
5227.2 0.0
5227.5 0.0
5227.8 0.0
5228.1 0.0
5228.4 0.0
5228.7 0.0
5229.0 0.0
5229.3 0.0
5229.6 0.0
5229.9 0.0
5230.2 0.0
5230.5 0.0
5230.8 0.0
5231.1 0.0
5231.4 0.0
5231.7 0.0
5232.0 0.0
5232.3 0.0
5232.6 0.0
5232.9 0.0
5233.2 0.0
5233.5 0.0
5233.8 0.0
5234.1 0.0
5234.4 0.0
5234.7 0.0
5235.0 0.0
5235.3 0.0
5235.6 0.0
5235.9 0.0
5236.2 0.0
5236.5 0.0
5236.8 0.0
5237.1 0.0
5237.4 0.0
5237.7 0.0
5238.0 0.0
5238.3 0.0
5238.6 0.0
5238.9 0.0
5239.2 0.0
5239.5 0.0
5239.8 0.0
5240.1 0.0
5240.4 0.0
5240.7 0.0
5241.0 0.0
5241.3 0.0
5241.6 0.0
5241.9 0.0
5242.2 0.0
5242.5 0.0
5242.8 0.0
5243.1 0.0
5243.4 0.0
5243.7 0.0
5244.0 0.0
5244.3 0.0
5244.6 0.0
5244.9 0.0
5245.2 0.0
5245.5 0.0
5245.8 0.0
5246.1 0.0
5246.4 0.0
5246.7 0.0
5247.0 0.0
5247.3 0.0
5247.6 0.0
5247.9 0.0
5248.2 0.0
5248.5 0.0
5248.8 0.0
5249.1 0.0
5249.4 0.0
5249.7 0.0
5250.0 0.0
5250.3 0.0
5250.6 0.0
5250.9 0.0
5251.2 0.0
5251.5 0.0
5251.8 0.0
5252.1 0.0
5252.4 0.0
5252.7 0.0
5253.0 0.0
5253.3 0.0
5253.6 0.0
5253.9 0.0
5254.2 0.0
5254.5 0.0
5254.8 0.0
5255.1 0.0
5255.4 0.0
5255.7 0.0
5256.0 0.0
5256.3 0.0
5256.6 0.0
5256.9 0.0
5257.2 0.0
5257.5 0.0
5257.8 0.0
5258.1 0.0
5258.4 0.0
5258.7 0.0
5259.0 0.0
5259.3 0.0
5259.6 0.0
5259.9 0.0
5260.2 0.0
5260.5 0.0
5260.8 0.0
5261.1 0.0
5261.4 0.0
5261.7 0.0
5262.0 0.0
5262.3 0.0
5262.6 0.0
5262.9 0.0
5263.2 0.0
5263.5 0.0
5263.8 0.0
5264.1 0.0
5264.4 0.0
5264.7 0.0
5265.0 0.0
5265.3 0.0
5265.6 0.0
5265.9 0.0
5266.2 0.0
5266.5 0.0
5266.8 0.0
5267.1 0.0
5267.4 0.0
5267.7 0.0
5268.0 0.0
5268.3 0.0
5268.6 0.0
5268.9 0.0
5269.2 0.0
5269.5 0.0
5269.8 0.0
5270.1 0.0
5270.4 0.0
5270.7 0.0
5271.0 0.0
5271.3 0.0
5271.6 0.0
5271.9 0.0
5272.2 0.0
5272.5 0.0
5272.8 0.0
5273.1 0.0
5273.4 0.0
5273.7 0.0
5274.0 0.0
5274.3 0.0
5274.6 0.0
5274.9 0.0
5275.2 0.0
5275.5 0.0
5275.8 0.0
5276.1 0.0
5276.4 0.0
5276.7 0.0
5277.0 0.0
5277.3 0.0
5277.6 0.0
5277.9 0.0
5278.2 0.0
5278.5 0.0
5278.8 0.0
5279.1 0.0
5279.4 0.0
5279.7 0.0
5280.0 0.0
5280.3 0.0
5280.6 0.0
5280.9 0.0
5281.2 0.0
5281.5 0.0
5281.8 0.0
5282.1 0.0
5282.4 0.0
5282.7 0.0
5283.0 0.0
5283.3 0.0
5283.6 0.0
5283.9 0.0
5284.2 0.0
5284.5 0.0
5284.8 0.0
5285.1 0.0
5285.4 0.0
5285.7 0.0
5286.0 0.0
5286.3 0.0
5286.6 0.0
5286.9 0.0
5287.2 0.0
5287.5 0.0
5287.8 0.0
5288.1 0.0
5288.4 0.0
5288.7 0.0
5289.0 0.0
5289.3 0.0
5289.6 0.0
5289.9 0.0
5290.2 0.0
5290.5 0.0
5290.8 0.0
5291.1 0.0
5291.4 0.0
5291.7 0.0
5292.0 0.0
5292.3 0.0
5292.6 0.0
5292.9 0.0
5293.2 0.0
5293.5 0.0
5293.8 0.0
5294.1 0.0
5294.4 0.0
5294.7 0.0
5295.0 0.0
5295.3 0.0
5295.6 0.0
5295.9 0.0
5296.2 0.0
5296.5 0.0
5296.8 0.0
5297.1 0.0
5297.4 0.0
5297.7 0.0
5298.0 0.0
5298.3 0.0
5298.6 0.0
5298.9 0.0
5299.2 0.0
5299.5 0.0
5299.8 0.0
5300.1 0.0
5300.4 0.0
5300.7 0.0
5301.0 0.0
5301.3 0.0
5301.6 0.0
5301.9 0.0
5302.2 0.0
5302.5 0.0
5302.8 0.0
5303.1 0.0
5303.4 0.0
5303.7 0.0
5304.0 0.0
5304.3 0.0
5304.6 0.0
5304.9 0.0
5305.2 0.0
5305.5 0.0
5305.8 0.0
5306.1 0.0
5306.4 0.0
5306.7 0.0
5307.0 0.0
5307.3 0.0
5307.6 0.0
5307.9 0.0
5308.2 0.0
5308.5 0.0
5308.8 0.0
5309.1 0.0
5309.4 0.0
5309.7 0.0
5310.0 0.0
5310.3 0.0
5310.6 0.0
5310.9 0.0
5311.2 0.0
5311.5 0.0
5311.8 0.0
5312.1 0.0
5312.4 0.0
5312.7 0.0
5313.0 0.0
5313.3 0.0
5313.6 0.0
5313.9 0.0
5314.2 0.0
5314.5 0.0
5314.8 0.0
5315.1 0.0
5315.4 0.0
5315.7 0.0
5316.0 0.0
5316.3 0.0
5316.6 0.0
5316.9 0.0
5317.2 0.0
5317.5 0.0
5317.8 0.0
5318.1 0.0
5318.4 0.0
5318.7 0.0
5319.0 0.0
5319.3 0.0
5319.6 0.0
5319.9 0.0
5320.2 0.0
5320.5 0.0
5320.8 0.0
5321.1 0.0
5321.4 0.0
5321.7 0.0
5322.0 0.0
5322.3 0.0
5322.6 0.0
5322.9 0.0
5323.2 0.0
5323.5 0.0
5323.8 0.0
5324.1 0.0
5324.4 0.0
5324.7 0.0
5325.0 0.0
5325.3 0.0
5325.6 0.0
5325.9 0.0
5326.2 0.0
5326.5 0.0
5326.8 0.0
5327.1 0.0
5327.4 0.0
5327.7 0.0
5328.0 0.0
5328.3 0.0
5328.6 0.0
5328.9 0.0
5329.2 0.0
5329.5 0.0
5329.8 0.0
