6165.0 0.0
6165.3 0.0
6165.6 0.0
6165.9 0.0
6166.2 0.0
6166.5 0.0
6166.8 0.0
6167.1 0.0
6167.4 0.0
6167.7 0.0
6168.0 0.0
6168.3 0.0
6168.6 0.0
6168.9 0.0
6169.2 0.0
6169.5 0.0
6169.8 0.0
6170.1 0.0
6170.4 0.0
6170.7 0.0
6171.0 0.0
6171.3 0.0
6171.6 0.0
6171.9 0.0
6172.2 0.0
6172.5 0.0
6172.8 0.0
6173.1 0.0
6173.4 0.0
6173.7 0.0
6174.0 0.0
6174.3 0.0
6174.6 0.0
6174.9 0.0
6175.2 0.0
6175.5 0.0
6175.8 0.0
6176.1 0.0
6176.4 0.0
6176.7 0.0
6177.0 0.0
6177.3 0.0
6177.6 0.0
6177.9 0.0
6178.2 0.0
6178.5 0.0
6178.8 0.0
6179.1 0.0
6179.4 0.0
6179.7 0.0
6180.0 0.0
6180.3 0.0
6180.6 0.0
6180.9 0.0
6181.2 0.0
6181.5 0.0
6181.8 0.0
6182.1 0.0
6182.4 0.0
6182.7 0.0
6183.0 0.0
6183.3 0.0
6183.6 0.0
6183.9 0.0
6184.2 0.0
6184.5 0.0
6184.8 0.0
6185.1 0.0
6185.4 0.0
6185.7 0.0
6186.0 0.0
6186.3 0.0
6186.6 0.0
6186.9 0.0
6187.2 0.0
6187.5 0.0
6187.8 0.0
6188.1 0.0
6188.4 0.0
6188.7 0.0
6189.0 0.0
6189.3 0.0
6189.6 0.0
6189.9 0.0
6190.2 0.0
6190.5 0.0
6190.8 0.0
6191.1 0.0
6191.4 0.0
6191.7 0.0
6192.0 0.0
6192.3 0.0
6192.6 0.0
6192.9 0.0
6193.2 0.0
6193.5 0.0
6193.8 0.0
6194.1 0.0
6194.4 0.0
6194.7 0.0
6195.0 0.0
6195.3 0.0
6195.6 0.0
6195.9 0.0
6196.2 0.0
6196.5 0.0
6196.8 0.0
6197.1 0.0
6197.4 0.0
6197.7 0.0
6198.0 0.0
6198.3 0.0
6198.6 0.0
6198.9 0.0
6199.2 0.0
6199.5 0.0
6199.8 0.0
6200.1 0.0
6200.4 0.0
6200.7 0.0
6201.0 0.0
6201.3 0.0
6201.6 0.0
6201.9 0.0
6202.2 0.0
6202.5 0.0
6202.8 0.0
6203.1 0.0
6203.4 0.0
6203.7 0.0
6204.0 0.0
6204.3 0.0
6204.6 0.0
6204.9 0.0
6205.2 0.0
6205.5 0.0
6205.8 0.0
6206.1 0.0
6206.4 0.0
6206.7 0.0
6207.0 0.0
6207.3 0.0
6207.6 0.0
6207.9 0.0
6208.2 0.0
6208.5 0.0
6208.8 0.0
6209.1 0.0
6209.4 0.0
6209.7 0.0
6210.0 0.0
6210.3 0.0
6210.6 0.0
6210.9 0.0
6211.2 0.0
6211.5 0.0
6211.8 0.0
6212.1 0.0
6212.4 0.0
6212.7 0.0
6213.0 0.0
6213.3 0.0
6213.6 0.0
6213.9 0.0
6214.2 0.0
6214.5 0.0
6214.8 0.0
6215.1 0.0
6215.4 0.0
6215.7 0.0
6216.0 0.0
6216.3 0.0
6216.6 0.0
6216.9 0.0
6217.2 0.0
6217.5 0.0
6217.8 0.0
6218.1 0.0
6218.4 0.0
6218.7 0.0
6219.0 0.0
6219.3 0.0
6219.6 0.0
6219.9 0.0
6220.2 0.0
6220.5 0.0
6220.8 0.0
6221.1 0.0
6221.4 0.0
6221.7 0.0
6222.0 0.0
6222.3 0.0
6222.6 0.0
6222.9 0.0
6223.2 0.0
6223.5 0.0
6223.8 0.0
6224.1 0.0
6224.4 0.0
6224.7 0.0
6225.0 0.0
6225.3 0.0
6225.6 0.0
6225.9 0.0
6226.2 0.0
6226.5 0.0
6226.8 0.0
6227.1 0.0
6227.4 0.0
6227.7 0.0
6228.0 0.0
6228.3 0.0
6228.6 0.0
6228.9 0.0
6229.2 0.0
6229.5 0.0
6229.8 0.0
6230.1 0.0
6230.4 0.0
6230.7 0.0
6231.0 0.0
6231.3 0.0
6231.6 0.0
6231.9 0.0
6232.2 0.0
6232.5 0.0
6232.8 0.0
6233.1 0.0
6233.4 0.0
6233.7 0.0
6234.0 0.0
6234.3 0.0
6234.6 0.0
6234.9 0.0
6235.2 0.0
6235.5 0.0
6235.8 0.0
6236.1 0.0
6236.4 0.0
6236.7 0.0
6237.0 0.0
6237.3 0.0
6237.6 0.0
6237.9 0.0
6238.2 0.0
6238.5 0.0
6238.8 0.0
6239.1 0.0
6239.4 0.0
6239.7 0.0
6240.0 0.0
6240.3 0.0
6240.6 0.0
6240.9 0.0
6241.2 0.0
6241.5 0.0
6241.8 0.0
6242.1 0.0
6242.4 0.0
6242.7 0.0
6243.0 0.0
6243.3 0.0
6243.6 0.0
6243.9 0.0
6244.2 0.0
6244.5 0.0
6244.8 0.0
6245.1 0.0
6245.4 0.0
6245.7 0.0
6246.0 0.0
6246.3 0.0
6246.6 0.0
6246.9 0.0
6247.2 0.0
6247.5 0.0
6247.8 0.0
6248.1 0.0
6248.4 0.0
6248.7 0.0
6249.0 0.0
6249.3 0.0
6249.6 0.0
6249.9 0.0
6250.2 0.0
6250.5 0.0
6250.8 0.0
6251.1 0.0
6251.4 0.0
6251.7 0.0
6252.0 0.0
6252.3 0.0
6252.6 0.0
6252.9 0.0
6253.2 0.0
6253.5 0.0
6253.8 0.0
6254.1 0.0
6254.4 0.0
6254.7 0.0
6255.0 0.0
6255.3 0.0
6255.6 0.0
6255.9 0.0
6256.2 0.0
6256.5 0.0
6256.8 0.0
6257.1 0.0
6257.4 0.0
6257.7 0.0
6258.0 0.0
6258.3 0.0
6258.6 0.0
6258.9 0.0
6259.2 0.0
6259.5 0.0
6259.8 0.0
6260.1 0.0
6260.4 0.0
6260.7 0.0
6261.0 0.0
6261.3 0.0
6261.6 0.0
6261.9 0.0
6262.2 0.0
6262.5 0.0
6262.8 0.0
6263.1 0.0
6263.4 0.0
6263.7 0.0
6264.0 0.0
6264.3 0.0
6264.6 0.0
6264.9 0.0
6265.2 0.0
6265.5 0.0
6265.8 0.0
6266.1 0.0
6266.4 0.0
6266.7 0.0
6267.0 0.0
6267.3 0.0
6267.6 0.0
6267.9 0.0
6268.2 0.0
6268.5 0.0
6268.8 0.0
6269.1 0.0
6269.4 0.0
6269.7 0.0
6270.0 0.0
6270.3 0.0
6270.6 0.0
6270.9 0.0
6271.2 0.0
6271.5 0.0
6271.8 0.0
6272.1 0.0
6272.4 0.0
6272.7 0.0
6273.0 0.0
6273.3 0.0
6273.6 0.0
6273.9 0.0
6274.2 0.0
6274.5 0.0
6274.8 0.0
6275.1 0.0
6275.4 0.0
6275.7 0.0
6276.0 0.0
6276.3 0.0
6276.6 0.0
6276.9 0.0
6277.2 0.0
6277.5 0.0
6277.8 0.0
6278.1 0.0
6278.4 0.0
6278.7 0.0
6279.0 0.0
6279.3 0.0
6279.6 0.0
6279.9 0.0
6280.2 0.0
6280.5 0.0
6280.8 0.0
6281.1 0.0
6281.4 0.0
6281.7 0.0
6282.0 0.0
6282.3 0.0
6282.6 0.0
6282.9 0.0
6283.2 0.0
6283.5 0.0
6283.8 0.0
6284.1 0.0
6284.4 0.0
6284.7 0.0
6285.0 0.0
6285.3 0.0
6285.6 0.0
6285.9 0.0
6286.2 0.0
6286.5 0.0
6286.8 0.0
6287.1 0.0
6287.4 0.0
6287.7 0.0
6288.0 0.0
6288.3 0.0
6288.6 0.0
6288.9 0.0
6289.2 0.0
6289.5 0.0
6289.8 0.0
6290.1 0.0
6290.4 0.0
6290.7 0.0
6291.0 0.0
6291.3 0.0
6291.6 0.0
6291.9 0.0
6292.2 0.0
6292.5 0.0
6292.8 0.0
6293.1 0.0
6293.4 0.0
6293.7 0.0
6294.0 0.0
6294.3 0.0
6294.6 0.0
6294.9 0.0
6295.2 0.0
6295.5 0.0
6295.8 0.0
6296.1 0.0
6296.4 0.0
6296.7 0.0
6297.0 0.0
6297.3 0.0
6297.6 0.0
6297.9 0.0
6298.2 0.0
6298.5 0.0
6298.8 0.0
6299.1 0.0
6299.4 0.0
6299.7 0.0
6300.0 0.0
6300.3 0.0
6300.6 0.0
6300.9 0.0
6301.2 0.0
6301.5 0.0
6301.8 0.0
6302.1 0.0
6302.4 0.0
6302.7 0.0
6303.0 0.0
6303.3 0.0
6303.6 0.0
6303.9 0.0
6304.2 0.0
6304.5 0.0
6304.8 0.0
6305.1 0.0
6305.4 0.0
6305.7 0.0
6306.0 0.0
6306.3 0.0
6306.6 0.0
6306.9 0.0
6307.2 0.0
6307.5 0.0
6307.8 0.0
6308.1 0.0
6308.4 0.0
6308.7 0.0
6309.0 0.0
6309.3 0.0
6309.6 0.0
6309.9 0.0
6310.2 0.0
6310.5 0.0
6310.8 0.0
6311.1 0.0
6311.4 0.0
6311.7 0.0
6312.0 0.0
6312.3 0.0
6312.6 0.0
6312.9 0.0
6313.2 0.0
6313.5 0.0
6313.8 0.0
6314.1 0.0
6314.4 0.0
6314.7 0.0
6315.0 0.0
6315.3 0.0
6315.6 0.0
6315.9 0.0
6316.2 0.0
6316.5 0.0
6316.8 0.0
6317.1 0.0
6317.4 0.0
6317.7 0.0
6318.0 0.0
6318.3 0.0
6318.6 0.0
6318.9 0.0
6319.2 0.0
6319.5 0.0
6319.8 0.0
6320.1 0.0
6320.4 0.0
6320.7 0.0
6321.0 0.0
6321.3 0.0
6321.6 0.0
6321.9 0.0
6322.2 0.0
6322.5 0.0
6322.8 0.0
6323.1 0.0
6323.4 0.0
6323.7 0.0
6324.0 0.0
6324.3 0.0
6324.6 0.0
6324.9 0.0
6325.2 0.0
6325.5 0.0
6325.8 0.0
6326.1 0.0
6326.4 0.0
6326.7 0.0
6327.0 0.0
6327.3 0.0
6327.6 0.0
6327.9 0.0
6328.2 0.0
6328.5 0.0
6328.8 0.0
6329.1 0.0
6329.4 0.0
6329.7 0.0
6330.0 0.0
6330.3 0.0
6330.6 0.0
6330.9 0.0
6331.2 0.0
6331.5 0.0
6331.8 0.0
6332.1 0.0
6332.4 0.0
6332.7 0.0
6333.0 0.0
6333.3 0.0
6333.6 0.0
6333.9 0.0
6334.2 0.0
6334.5 0.0
6334.8 0.0
6335.1 0.0
6335.4 0.0
6335.7 0.0
6336.0 0.0
6336.3 0.0
6336.6 0.0
6336.9 0.0
6337.2 0.0
6337.5 0.0
6337.8 0.0
6338.1 0.0
6338.4 0.0
6338.7 0.0
6339.0 0.0
6339.3 0.0
6339.6 0.0
6339.9 0.0
6340.2 0.0
6340.5 0.0
6340.8 0.0
6341.1 0.0
6341.4 0.0
6341.7 0.0
6342.0 0.0
6342.3 0.0
6342.6 0.0
6342.9 0.0
6343.2 0.0
6343.5 0.0
6343.8 0.0
6344.1 0.0
6344.4 0.0
6344.7 0.0
6345.0 0.0
6345.3 0.0
6345.6 0.0
6345.9 0.0
6346.2 0.0
6346.5 0.0
6346.8 0.0
6347.1 0.0
6347.4 0.0
6347.7 0.0
6348.0 0.0
6348.3 0.0
6348.6 0.0
6348.9 0.0
6349.2 0.0
6349.5 0.0
6349.8 0.0
6350.1 0.0
6350.4 0.0
6350.7 0.0
6351.0 0.0
6351.3 0.0
6351.6 0.0
6351.9 0.0
6352.2 0.0
6352.5 0.0
6352.8 0.0
6353.1 0.0
6353.4 0.0
6353.7 0.0
6354.0 0.0
6354.3 0.0
6354.6 0.0
6354.9 0.0
6355.2 0.0
6355.5 0.0
6355.8 0.0
6356.1 0.0
6356.4 0.0
6356.7 0.0
6357.0 0.0
6357.3 0.0
6357.6 0.0
6357.9 0.0
6358.2 0.0
6358.5 0.0
6358.8 0.0
6359.1 0.0
6359.4 0.0
6359.7 0.0
6360.0 0.0
6360.3 0.0
6360.6 0.0
6360.9 0.0
6361.2 0.0
6361.5 0.0
6361.8 0.0
6362.1 0.0
6362.4 0.0
6362.7 0.0
6363.0 0.0
6363.3 0.0
6363.6 0.0
6363.9 0.0
6364.2 0.0
6364.5 0.0
6364.8 0.0
6365.1 0.0
6365.4 0.0
6365.7 0.0
6366.0 0.0
6366.3 0.0
6366.6 0.0
6366.9 0.0
6367.2 0.0
6367.5 0.0
6367.8 0.0
6368.1 0.0
6368.4 0.0
6368.7 0.0
6369.0 0.0
6369.3 0.0
6369.6 0.0
6369.9 0.0
6370.2 0.0
6370.5 0.0
6370.8 0.0
6371.1 0.0
6371.4 0.0
6371.7 5.112314786998376e-15
6372.0 1.0295857845080787e-14
6372.3 2.9036120660562675e-14
6372.6 6.331441494102552e-14
6372.9 1.6925884572903524e-13
6373.2 3.78115920159365e-13
6373.5 9.073212724049976e-13
6373.8 2.0975142716964394e-12
6374.1 4.869538737710622e-12
6374.4 1.1092916994482661e-11
6374.7 2.511876585167487e-11
6375.0 5.623689138091207e-11
6375.3 1.247321747834918e-10
6375.6 2.7392084905891174e-10
6375.9 5.958271190278709e-10
6376.2 1.2832998257380873e-9
6376.5 2.737393465989673e-9
6376.8 5.782571710760591e-9
6377.1 1.2096952412383301e-8
6377.4 2.5060332886194325e-8
6377.7 5.14080916585819e-8
6378.0 1.0442025764115027e-7
6378.3 2.0999710353992832e-7
6378.6 4.180992865340505e-7
6378.9 8.24029482809588e-7
6379.2 1.6075422083624467e-6
6379.5 3.103852682375571e-6
6379.8 5.9310405239522575e-6
6380.1 1.1216080576125506e-5
6380.4 2.0991791255512544e-5
6380.7 3.8888111558797516e-5
6381.0 7.132894684498854e-5
6381.3 0.00012959940563620279
6381.6 0.0002334225826348818
6381.9 0.00041718522875516806
6382.2 0.0007408750958777244
6382.5 0.0013095010922035133
6382.8 0.0023078885888505596
6383.1 0.0040633026125771465
6383.4 0.007157881820980094
6383.7 0.01262838955368295
6384.0 0.022314462292484905
6384.3 0.039449711555676004
6384.6 0.0696313333364742
6384.9 0.1223463755022749
6385.2 0.21326032698198105
6385.5 0.3674585632797971
6385.8 0.6237341053711134
6386.1 1.0397935473301914
6386.4 1.697876900085248
6386.7 2.709765092236921
6387.0 4.219559421413578
6387.3 6.402121637482196
6387.6 9.454908267594874
6387.9 13.581383762415498
6388.2 18.965447585098445
6388.5 25.738355726003647
6388.8 33.94216292351484
6389.1 43.49609748646617
6389.4 54.173743050545454
6389.7 65.5985816642642
6390.0 77.26300361007452
6390.3 88.57144285738468
6390.6 98.90294575691223
6390.9 107.68336892127991
6391.2 114.45443516969681
6391.5 118.92681166529655
6391.8 121.0075209736824
6392.1 120.79768151044846
6392.4 118.56294924020767
6392.7 114.68454021215439
6393.0 109.6018847823143
6393.3 103.75796258449554
6393.6 97.55585914850235
6393.9 91.33087527751923
6394.2 85.33814764022827
6394.5 79.7524082660675
6394.8 74.67492735385895
6395.1 70.14303851127625
6395.4 66.13924610614777
6395.7 62.599156498909
6396.0 59.41934025287628
6396.3 56.467103004455566
6396.6 53.59381306171417
6396.9 50.65205329656601
6397.2 47.51504638791084
6397.5 44.09521907567978
6397.8 40.35809874534607
6398.1 36.32821589708328
6398.4 32.08536337316036
6398.7 27.751711755990982
6399.0 23.472450226545334
6399.3 19.3940002694726
6399.6 15.64410188421607
6399.9 12.317255144938827
6400.2 9.467396220192313
6400.5 7.107888272032142
6400.8 5.217389957047999
6401.1 3.7492990519385785
6401.4 2.64231596281752
6401.7 1.8301037435885519
6402.0 1.2487740163342096
6402.3 0.8417250461643562
6402.6 0.5619916321593337
6402.9 0.3726527366961818
6403.2 0.24597133463976206
6403.5 0.16189071819826495
6403.8 0.10635812941291078
6404.1 0.06977091616681719
6404.4 0.04568791548763329
6404.7 0.029841033381444504
6405.0 0.019420168420197115
6405.3 0.012578157250516142
6405.6 0.008098822606484646
6405.9 0.005178912903673449
6406.2 0.0032863210670939225
6406.5 0.002068009331162912
6406.8 0.0012898787204873585
6407.1 0.0007971438870315595
6407.4 0.00048797363903529956
6407.7 0.0002958283981213117
6408.0 0.00017758323859054514
6408.3 0.00010554392645314992
6408.6 6.210048282690242e-5
6408.9 3.617060882630217e-5
6409.2 2.085399660087424e-5
6409.5 1.190069307611388e-5
6409.8 6.7217747300209185e-6
6410.1 3.757553944346893e-6
6410.4 2.0788256690775655e-6
6410.7 1.1381654478631207e-6
6411.0 6.166671388901562e-7
6411.3 3.3062697697532e-7
6411.6 1.7540920528251395e-7
6411.9 9.208262964976567e-8
6412.2 4.782989238597111e-8
6412.5 2.4581177545814856e-8
6412.8 1.2498933930700248e-8
6413.1 6.287763257212589e-9
6413.4 3.1293805385110196e-9
6413.7 1.540790786883291e-9
6414.0 7.504883913453419e-10
6414.3 3.616072393234325e-10
6414.6 1.7235848814965167e-10
6414.9 8.125571201556236e-11
6415.2 3.790072367006094e-11
6415.5 1.7477231851316746e-11
6415.8 7.974313516666447e-12
6416.1 3.5994195149104444e-12
6416.4 1.6115448361761703e-12
6416.7 7.0785306479829e-13
6417.0 3.0877006460412184e-13
6417.3 1.347317617783378e-13
6417.6 5.458509561573886e-14
6417.9 2.556157393499188e-14
6418.2 5.112314786998376e-15
6418.5 1.0224629573996752e-14
6418.8 0.0
6419.1 0.0
6419.4 0.0
6419.7 0.0
6420.0 0.0
6420.3 0.0
6420.6 0.0
6420.9 0.0
6421.2 0.0
6421.5 0.0
6421.8 0.0
6422.1 0.0
6422.4 0.0
6422.7 0.0
6423.0 0.0
6423.3 0.0
6423.6 0.0
6423.9 0.0
6424.2 0.0
6424.5 0.0
6424.8 0.0
6425.1 0.0
6425.4 0.0
6425.7 0.0
6426.0 0.0
6426.3 0.0
6426.6 0.0
6426.9 0.0
6427.2 0.0
6427.5 0.0
6427.8 0.0
6428.1 0.0
6428.4 0.0
6428.7 0.0
6429.0 0.0
6429.3 0.0
6429.6 0.0
6429.9 0.0
6430.2 0.0
6430.5 0.0
6430.8 0.0
6431.1 0.0
6431.4 0.0
6431.7 0.0
6432.0 0.0
6432.3 0.0
6432.6 0.0
6432.9 0.0
6433.2 0.0
6433.5 0.0
6433.8 0.0
6434.1 0.0
6434.4 0.0
6434.7 0.0
6435.0 0.0
6435.3 0.0
6435.6 0.0
6435.9 3.05240625696646e-15
6436.2 6.2828228405455155e-15
6436.5 1.6598925090703035e-14
6436.8 3.737430484064189e-14
6437.1 9.238542277110323e-14
6437.4 2.1180163232316617e-13
6437.7 4.978867686421579e-13
6438.0 1.1481445091498347e-12
6438.3 2.622014878751161e-12
6438.6 5.907004028211083e-12
6438.9 1.3212349012424645e-11
6439.2 2.9201787554288084e-11
6439.5 6.392072480587534e-11
6439.8 1.3845635452178616e-10
6440.1 2.9689074770548704e-10
6440.4 6.30164079730456e-10
6440.7 1.3240265585214626e-9
6441.0 2.753802825130074e-9
6441.3 5.6699294476173976e-9
6441.6 1.1556592833505941e-8
6441.9 2.3318020342993277e-8
6442.2 4.6575838326314706e-8
6442.5 9.209364698365297e-8
6442.8 1.8025526694670155e-7
6443.1 3.4923757556335443e-7
6443.4 6.697474956115406e-7
6443.7 1.2712741239282637e-6
6444.0 2.388289674296355e-6
6444.3 4.440591388942786e-6
6444.6 8.171417682835327e-6
6444.9 1.4882367389765661e-5
6445.2 2.6829323329619504e-5
6445.5 4.7885048871151165e-5
6445.8 8.464364645709849e-5
6446.1 0.00014826106006264606
6446.4 0.0002575336847170928
6446.7 0.0004440857138799381
6447.0 0.0007611902384130342
6447.3 0.0012988970388035136
6447.6 0.0022100995468615587
6447.9 0.003755376631240588
6448.2 0.006379390204869426
6448.5 0.010838674092889987
6448.8 0.01840968992041824
6449.1 0.031215772399744556
6449.4 0.052718858749059086
6449.7 0.08842076881069849
6450.0 0.14680066106562753
6450.3 0.24046999656498336
6450.6 0.3874456971491762
6450.9 0.6123259995220006
6451.2 0.9470162802533733
6451.5 1.4305283985837525
6451.8 2.1073233760676184
6452.1 3.0237458217002846
6452.4 4.22236390332959
6452.7 5.734490481774742
6453.0 7.571755037571592
6453.3 9.718191100911554
6453.6 12.12469042851717
6453.9 14.707666801326013
6454.2 17.35324386778302
6454.5 19.927253656212997
6454.8 22.29002499982016
6455.1 24.31369499056018
6455.4 25.898959970159922
6455.7 26.988126499578357
6456.0 27.57204847689718
6456.3 27.689900792203844
6456.6 27.422352833673358
6456.9 26.880073957145214
6457.2 26.190238162875175
6457.5 25.483661264181137
6457.8 24.884400963783264
6458.1 24.502430245280266
6458.4 24.428777799010277
6458.7 24.73170018196106
6459.0 25.45233055949211
6459.3 26.598859131336212
6459.6 28.13954272866249
6459.9 29.996214643120766
6460.2 32.04107457399368
6460.5 34.09981586039066
6460.8 35.963332802057266
6461.1 37.40839906036854
6461.4 38.2252191901207
6461.7 38.247384667396545
6462.0 37.3783250823617
6462.3 35.608399391174316
6462.6 33.01849935948849
6462.9 29.76899566873908
6463.2 26.076238349080086
6463.5 22.181553168222308
6463.8 18.31907881051302
6464.1 14.688491752371192
6464.4 11.436890535056591
6464.7 8.65156799601391
6465.0 6.362856145016849
6465.3 4.554360044887289
6465.6 3.177054784842767
6465.9 2.163873466604855
6466.2 1.4422719686408527
6466.5 0.9434073270240333
6466.8 0.6076426799263572
6467.1 0.38685960377188167
6467.4 0.24445083177124616
6467.7 0.15392913507821504
6468.0 0.09693958849948103
6468.3 0.06122228968706622
6468.6 0.03883340198581209
6468.9 0.02474527277672678
6469.2 0.015826600774971666
6469.5 0.010143129995640265
6469.8 0.006500715531288392
6470.1 0.004157726256913463
6470.4 0.002648753889843647
6470.7 0.0016781755512589314
6471.0 0.0010561023392119395
6471.3 0.0006595390388217659
6471.6 0.0004084518910948409
6471.9 0.0002507199820656614
6472.2 0.0001524846438238081
6472.5 9.186199132267536e-5
6472.8 5.480634637582832e-5
6473.1 3.2377534974046066e-5
6473.4 1.8937440330784542e-5
6473.7 1.0965282138651567e-5
6474.0 6.284969568546607e-6
6474.3 3.5656657893486717e-6
6474.6 2.0021920037604983e-6
6474.9 1.1126930617490961e-6
6475.2 6.119688238957156e-7
6475.5 3.3308057308169927e-7
6475.8 1.793986032205128e-7
6476.1 9.561448616031032e-8
6476.4 5.042537617334076e-8
6476.7 2.6313736948948933e-8
6477.0 1.3586626496492221e-8
6477.3 6.941036506208681e-9
6477.6 3.5084081028782445e-9
6477.9 1.75451187604878e-9
6478.2 8.680687637551164e-10
6478.5 4.2490464209475636e-10
6478.8 2.0575954179133152e-10
6479.1 9.857092824658039e-11
6479.4 4.6717090526599394e-11
6479.7 2.1898426494243472e-11
6480.0 1.0155937175984712e-11
6480.3 4.657717125150779e-12
6480.6 2.120382487852839e-12
6480.9 9.489792224420427e-13
6481.2 4.175022236524762e-13
6481.5 1.8415194980198768e-13
6481.8 8.357240579095777e-14
6482.1 3.2628983912821267e-14
6482.4 1.220962502786584e-14
6482.7 6.10481251393292e-15
6483.0 6.10481251393292e-15
6483.3 0.0
6483.6 0.0
6483.9 0.0
6484.2 0.0
6484.5 0.0
6484.8 0.0
6485.1 0.0
6485.4 0.0
6485.7 0.0
6486.0 0.0
6486.3 0.0
6486.6 0.0
6486.9 0.0
6487.2 0.0
6487.5 0.0
6487.8 0.0
6488.1 0.0
6488.4 0.0
6488.7 0.0
6489.0 0.0
6489.3 0.0
6489.6 0.0
6489.9 0.0
6490.2 0.0
6490.5 0.0
6490.8 0.0
6491.1 0.0
6491.4 0.0
6491.7 0.0
6492.0 0.0
6492.3 0.0
6492.6 0.0
6492.9 0.0
6493.2 0.0
6493.5 0.0
6493.8 0.0
6494.1 0.0
6494.4 0.0
6494.7 0.0
6495.0 0.0
6495.3 0.0
6495.6 0.0
6495.9 0.0
6496.2 0.0
6496.5 0.0
6496.8 0.0
6497.1 0.0
6497.4 0.0
6497.7 0.0
6498.0 0.0
6498.3 0.0
6498.6 0.0
6498.9 0.0
6499.2 0.0
6499.5 0.0
6499.8 0.0
6500.1 0.0
6500.4 0.0
6500.7 0.0
6501.0 0.0
6501.3 0.0
6501.6 0.0
6501.9 0.0
6502.2 0.0
6502.5 0.0
6502.8 0.0
6503.1 0.0
6503.4 0.0
6503.7 0.0
6504.0 0.0
6504.3 0.0
6504.6 0.0
6504.9 0.0
6505.2 0.0
6505.5 0.0
6505.8 0.0
6506.1 0.0
6506.4 0.0
6506.7 0.0
6507.0 0.0
6507.3 0.0
6507.6 0.0
6507.9 0.0
6508.2 0.0
6508.5 0.0
6508.8 0.0
6509.1 0.0
6509.4 0.0
6509.7 0.0
6510.0 0.0
6510.3 0.0
6510.6 0.0
6510.9 0.0
6511.2 0.0
6511.5 0.0
6511.8 0.0
6512.1 0.0
6512.4 0.0
6512.7 0.0
6513.0 0.0
6513.3 0.0
6513.6 0.0
6513.9 0.0
6514.2 0.0
6514.5 0.0
6514.8 0.0
6515.1 0.0
6515.4 0.0
6515.7 0.0
6516.0 0.0
6516.3 0.0
6516.6 0.0
6516.9 0.0
6517.2 0.0
6517.5 0.0
6517.8 0.0
6518.1 0.0
6518.4 0.0
6518.7 0.0
6519.0 0.0
6519.3 0.0
6519.6 0.0
6519.9 0.0
6520.2 0.0
6520.5 0.0
6520.8 0.0
6521.1 0.0
6521.4 0.0
6521.7 0.0
6522.0 0.0
6522.3 0.0
6522.6 0.0
6522.9 0.0
6523.2 0.0
6523.5 0.0
6523.8 0.0
6524.1 0.0
6524.4 0.0
6524.7 0.0
6525.0 0.0
6525.3 0.0
6525.6 0.0
6525.9 0.0
6526.2 0.0
6526.5 0.0
6526.8 0.0
6527.1 0.0
6527.4 0.0
6527.7 0.0
6528.0 0.0
6528.3 0.0
6528.6 0.0
6528.9 0.0
6529.2 0.0
6529.5 0.0
6529.8 0.0
6530.1 0.0
6530.4 0.0
6530.7 0.0
6531.0 0.0
6531.3 0.0
6531.6 0.0
6531.9 0.0
6532.2 0.0
6532.5 0.0
6532.8 0.0
6533.1 0.0
6533.4 0.0
6533.7 0.0
6534.0 0.0
6534.3 0.0
6534.6 0.0
6534.9 0.0
6535.2 0.0
6535.5 0.0
6535.8 0.0
6536.1 0.0
6536.4 0.0
6536.7 0.0
6537.0 0.0
6537.3 0.0
6537.6 0.0
6537.9 0.0
6538.2 0.0
6538.5 0.0
6538.8 0.0
6539.1 0.0
6539.4 0.0
6539.7 0.0
6540.0 0.0
6540.3 0.0
6540.6 0.0
6540.9 0.0
6541.2 0.0
6541.5 0.0
6541.8 0.0
6542.1 0.0
6542.4 0.0
6542.7 0.0
6543.0 0.0
6543.3 0.0
6543.6 0.0
6543.9 0.0
6544.2 0.0
6544.5 0.0
6544.8 0.0
6545.1 0.0
6545.4 0.0
6545.7 0.0
6546.0 0.0
6546.3 0.0
6546.6 0.0
6546.9 0.0
6547.2 0.0
6547.5 0.0
6547.8 0.0
6548.1 0.0
6548.4 0.0
6548.7 0.0
6549.0 0.0
6549.3 0.0
6549.6 0.0
6549.9 0.0
6550.2 0.0
6550.5 0.0
6550.8 0.0
6551.1 0.0
6551.4 0.0
6551.7 0.0
6552.0 0.0
6552.3 0.0
6552.6 0.0
6552.9 0.0
6553.2 0.0
6553.5 0.0
6553.8 0.0
6554.1 0.0
6554.4 0.0
6554.7 0.0
6555.0 0.0
6555.3 0.0
6555.6 0.0
6555.9 0.0
6556.2 0.0
6556.5 0.0
6556.8 0.0
6557.1 0.0
6557.4 0.0
6557.7 0.0
6558.0 0.0
6558.3 0.0
6558.6 0.0
6558.9 0.0
6559.2 0.0
6559.5 0.0
6559.8 0.0
6560.1 0.0
6560.4 0.0
6560.7 0.0
6561.0 0.0
6561.3 0.0
6561.6 0.0
6561.9 0.0
6562.2 0.0
6562.5 0.0
6562.8 0.0
6563.1 0.0
6563.4 0.0
6563.7 0.0
6564.0 0.0
6564.3 0.0
6564.6 0.0
6564.9 0.0
6565.2 0.0
6565.5 0.0
6565.8 0.0
6566.1 0.0
6566.4 0.0
6566.7 0.0
6567.0 0.0
6567.3 0.0
6567.6 0.0
6567.9 0.0
6568.2 0.0
6568.5 0.0
6568.8 0.0
6569.1 0.0
6569.4 0.0
6569.7 0.0
6570.0 0.0
6570.3 0.0
6570.6 0.0
6570.9 0.0
6571.2 0.0
6571.5 0.0
6571.8 0.0
6572.1 0.0
6572.4 0.0
6572.7 0.0
6573.0 0.0
6573.3 0.0
6573.6 0.0
6573.9 0.0
6574.2 0.0
6574.5 0.0
6574.8 0.0
6575.1 0.0
6575.4 0.0
6575.7 0.0
6576.0 0.0
6576.3 0.0
6576.6 0.0
6576.9 0.0
6577.2 0.0
6577.5 0.0
6577.8 0.0
6578.1 0.0
6578.4 0.0
6578.7 0.0
6579.0 0.0
6579.3 0.0
6579.6 0.0
6579.9 0.0
6580.2 0.0
6580.5 0.0
6580.8 0.0
6581.1 0.0
6581.4 0.0
6581.7 0.0
6582.0 0.0
6582.3 0.0
6582.6 0.0
6582.9 0.0
6583.2 0.0
6583.5 0.0
6583.8 0.0
6584.1 0.0
6584.4 0.0
6584.7 0.0
6585.0 0.0
6585.3 0.0
6585.6 0.0
6585.9 0.0
6586.2 0.0
6586.5 0.0
6586.8 0.0
6587.1 0.0
6587.4 0.0
6587.7 0.0
6588.0 0.0
6588.3 0.0
6588.6 0.0
6588.9 0.0
6589.2 0.0
6589.5 0.0
6589.8 0.0
6590.1 0.0
6590.4 0.0
6590.7 0.0
6591.0 0.0
6591.3 0.0
6591.6 0.0
6591.9 0.0
6592.2 0.0
6592.5 0.0
6592.8 0.0
6593.1 0.0
6593.4 0.0
6593.7 0.0
6594.0 0.0
6594.3 0.0
6594.6 0.0
6594.9 0.0
6595.2 0.0
6595.5 0.0
6595.8 0.0
6596.1 0.0
6596.4 0.0
6596.7 0.0
6597.0 0.0
6597.3 0.0
6597.6 0.0
6597.9 0.0
6598.2 0.0
6598.5 0.0
6598.8 0.0
6599.1 0.0
6599.4 0.0
6599.7 0.0
6600.0 0.0
6600.3 0.0
6600.6 0.0
6600.9 0.0
6601.2 0.0
6601.5 0.0
6601.8 0.0
6602.1 0.0
6602.4 0.0
6602.7 0.0
6603.0 0.0
6603.3 0.0
6603.6 0.0
6603.9 0.0
6604.2 0.0
6604.5 0.0
6604.8 0.0
6605.1 0.0
6605.4 0.0
6605.7 0.0
6606.0 0.0
6606.3 0.0
6606.6 0.0
6606.9 0.0
6607.2 0.0
6607.5 0.0
6607.8 0.0
6608.1 0.0
6608.4 0.0
6608.7 0.0
6609.0 0.0
6609.3 0.0
6609.6 0.0
6609.9 0.0
6610.2 0.0
6610.5 0.0
6610.8 0.0
6611.1 0.0
6611.4 0.0
6611.7 0.0
6612.0 0.0
6612.3 0.0
6612.6 0.0
6612.9 0.0
6613.2 0.0
6613.5 0.0
6613.8 0.0
6614.1 0.0
6614.4 0.0
6614.7 0.0
6615.0 0.0
6615.3 0.0
6615.6 0.0
6615.9 0.0
6616.2 0.0
6616.5 0.0
6616.8 0.0
6617.1 0.0
6617.4 0.0
6617.7 0.0
6618.0 0.0
6618.3 0.0
6618.6 0.0
6618.9 0.0
6619.2 0.0
6619.5 0.0
6619.8 0.0
6620.1 0.0
6620.4 0.0
6620.7 0.0
6621.0 0.0
6621.3 0.0
6621.6 0.0
6621.9 0.0
6622.2 0.0
6622.5 1.983726598514101e-14
6622.8 4.665541160331875e-14
6623.1 7.2920869070446e-14
6623.4 2.6090997479113077e-13
6623.7 5.333518406791396e-13
6624.0 1.245331901565238e-12
6624.3 2.924872438025321e-12
6624.6 6.7039515486231466e-12
6624.9 1.5313961788932223e-11
6625.2 3.435702764293031e-11
6625.5 7.659676271888887e-11
6625.8 1.6936038098296763e-10
6626.1 3.7052342784220534e-10
6626.4 8.031668657895429e-10
6626.7 1.7246352876159896e-9
6627.0 3.668754947455915e-9
6627.3 7.731153577828702e-9
6627.6 1.614017293832126e-8
6627.9 3.337999598911164e-8
6628.2 6.838654631132543e-8
6628.5 1.387865560674884e-7
6628.8 2.7899454619661976e-7
6629.1 5.555093193480666e-7
6629.4 1.0954783418871662e-6
6629.7 2.139431874060359e-6
6630.0 4.137489268768327e-6
6630.3 7.922782642007235e-6
6630.6 1.5020301172543612e-5
6630.9 2.81902062497624e-5
6631.2 5.2372064450696807e-5
6631.5 9.630639434488877e-5
6631.8 0.00017528804711581213
6632.1 0.0003157935528390887
6632.4 0.0005631912311333254
6632.7 0.0009945076030154765
6633.0 0.0017395008441516424
6633.3 0.0030154641892075063
6633.6 0.00518494536063141
6633.9 0.008852129777370266
6634.2 0.015025023344904298
6634.5 0.02538993586912852
6634.8 0.042776551223653314
6635.1 0.07194142263927006
6635.4 0.12086982557002557
6635.7 0.20289109211535106
6636.0 0.3400113860388956
6636.3 0.5679621681520075
6636.6 0.9434872827696381
6636.9 1.5542603298381437
6637.2 2.53142981271958
6637.5 4.064031939371489
6637.8 6.413354941410944
6638.1 9.923887784127146
6638.4 15.026043929159641
6638.7 22.224950298666954
6639.0 32.06991235911846
6639.3 45.10132350772619
6639.6 61.77605099231005
6639.9 82.3782916367054
6640.2 106.92933239042759
6640.5 135.1146000623703
6640.8 166.24770694971085
6641.1 199.2873906493187
6641.4 232.91400027275085
6641.7 265.659255027771
6642.0 296.069682598114
6642.3 322.8743300437927
6642.6 345.1245799064636
6642.9 362.27935886383057
6643.2 374.2218494415283
6643.5 381.20987844467163
6643.8 383.77723693847656
6644.1 382.6127223968506
6644.4 378.4451322555542
6644.7 371.95649337768555
6645.0 363.73444271087646
6645.3 354.2620916366577
6645.6 343.93357372283936
6645.9 333.07824325561523
6646.2 321.9775857925415
6646.5 310.8644437789917
6646.8 299.9031844139099
6647.1 289.157998085022
6647.4 278.5629162788391
6647.7 267.9087839126587
6648.0 256.85917687416077
6648.3 244.99951028823853
6648.6 231.9140326976776
6648.9 217.2761915922165
6649.2 200.93257880210876
6649.5 182.96079808473587
6649.8 163.68753439188004
6650.1 143.66327214241028
6650.4 123.601577937603
6650.7 104.30056062340736
6651.0 86.56887871026993
6651.3 71.17855453491211
6651.6 58.86099952459335
6651.9 50.35378968715668
6652.2 46.494999915361404
6652.5 48.35121005773544
6652.8 57.35525715351105
6653.1 75.42116898298264
6653.4 104.99749797582626
6653.7 149.01860910654068
6654.0 210.71958988904953
6654.3 293.29727643728256
6654.6 399.42900681495667
6654.9 530.698845744133
6655.2 687.0212781429291
6655.5 866.1815793514252
6655.8 1063.6180667877197
6656.1 1272.5450086593628
6656.4 1484.4532117843628
6656.7 1689.9447221755981
6657.0 1879.7727489471436
6657.3 2045.8987197875977
6657.6 2182.3641357421875
6657.9 2285.8116149902344
6658.2 2355.5723457336426
6658.5 2393.3387145996094
6658.8 2402.5343894958496
6659.1 2387.5519828796387
6659.4 2353.034133911133
6659.7 2303.336036682129
6660.0 2242.2334785461426
6660.3 2172.8636512756348
6660.6 2097.823963165283
6660.9 2019.3231887817383
6661.2 1939.2871932983398
6661.5 1859.3575820922852
6661.8 1780.7753677368164
6662.1 1704.1931228637695
6662.4 1629.4962310791016
6662.7 1555.7214183807373
6663.0 1481.1413078308105
6663.3 1403.538221359253
6663.6 1320.6344184875488
6663.9 1230.5958967208862
6664.2 1132.4963264465332
6664.5 1026.6308121681213
6664.8 914.6008710861206
6665.1 799.1488707065582
6665.4 683.7802386283875
6665.7 572.2602083683014
6666.0 468.09556794166565
6666.3 374.10384887456894
6666.6 292.14134645462036
6666.9 223.01612278819084
6667.2 166.56904082000256
6667.5 121.87462109327316
6667.8 87.50054707378149
6668.1 61.76828658953309
6668.4 42.97297065705061
6668.7 29.540541427209973
6669.0 20.118741365149617
6669.3 13.611397764645517
6669.6 9.171921333763748
6669.9 6.1728032568935305
6670.2 4.165170294931158
6670.5 2.8382749557495117
6670.8 1.984684610273689
6671.1 1.4738001902587712
6671.4 1.2344409064389765
6671.7 1.2464371065143496
6672.0 1.5411418637959287
6672.3 2.21108839137014
6672.6 3.4292538861045614
6672.9 5.47811400576029
6673.2 8.787473850883543
6673.5 13.977646527811885
6673.8 21.900889294221997
6674.1 33.669558795168996
6674.4 50.65533897653222
6674.7 74.44187358766794
6675.0 106.71532850712538
6675.3 149.08554424345493
6675.6 202.84491974115372
6675.9 268.69109389185905
6676.2 346.45871382951736
6676.5 434.9186581373215
6676.8 531.7034965753555
6677.1 633.4024775028229
6677.4 735.8375821113586
6677.7 834.4914135932922
6678.0 925.0184679031372
6678.3 1003.7457780838013
6678.6 1068.0660562515259
6678.9 1116.6495628356934
6679.2 1149.4433574676514
6679.5 1167.4762477874756
6679.8 1172.5313186645508
6680.1 1166.7715816497803
6680.4 1152.4024810791016
6680.7 1131.4334812164307
6681.0 1105.5625228881836
6681.3 1076.1707401275635
6681.6 1044.385892868042
6681.9 1011.1606063842773
6682.2 977.3190574645996
6682.5 943.5442180633545
6682.8 910.3066520690918
6683.1 877.7612571716309
6683.4 845.6554908752441
6683.7 813.2959022521973
6684.0 779.6071510314941
6684.3 743.2931480407715
6684.6 703.0796413421631
6684.9 657.9908928871155
6685.2 607.5979890823364
6685.5 552.1790244579315
6685.8 492.75014543533325
6686.1 430.95803439617157
6686.4 368.8576909303665
6686.7 308.6254373192787
6687.0 252.26864051818848
6687.3 201.38881489634514
6687.6 157.03596714138985
6687.9 119.66703408956528
6688.2 89.19723587483168
6688.5 65.11648578196764
6688.8 46.63626104593277
6689.1 32.83519632741809
6689.4 22.780551648698747
6689.7 15.614074456971139
6690.0 10.600915468297899
6690.3 7.147265342064202
6690.6 4.795749712618999
6690.9 3.2078907173709013
6691.2 2.141307060344843
6691.5 1.4269128557207296
6691.8 0.9490361802963889
6692.1 0.6295800104089722
6692.4 0.41620084764872445
6692.7 0.27390289117920474
6693.0 0.179267588860057
6693.3 0.11658303297122075
6693.6 0.07527961497214619
6693.9 0.048236228709129136
6694.2 0.030656881570223504
6694.5 0.019319473036077284
6694.8 0.012068893621044907
6695.1 0.007472488131719857
6695.4 0.004584896891535628
6695.7 0.002787504056387835
6696.0 0.0016791435383020081
6696.3 0.0010021154874920168
6696.6 0.0005924901426030971
6696.9 0.00034702176552645764
6697.2 0.0002013379435234254
6697.5 0.00011570987322327524
6697.8 6.586804850961772e-5
6698.1 3.71384064668588e-5
6698.4 2.0739620446234394e-5
6698.7 1.1470774040834138e-5
6699.0 6.28325127332008e-6
6699.3 3.4084859173994016e-6
6699.6 1.8310878286935671e-6
6699.9 9.741213618413201e-7
6700.2 5.131662495791735e-7
6700.5 2.676882675992952e-7
6700.8 1.3826502088744888e-7
6701.1 7.071160994041165e-8
6701.4 3.5805819420782015e-8
6701.7 1.7950433408688905e-8
6702.0 8.90963036745266e-9
6702.3 4.3778787491743e-9
6702.6 2.1296894599269955e-9
6702.9 1.0255769047591914e-9
6703.2 4.8869000529193e-10
6703.5 2.3073238908681223e-10
6703.8 1.0772056598091053e-10
6704.1 4.986412320987584e-11
6704.4 2.2869482888243078e-11
6704.7 1.0278582198157589e-11
6705.0 4.606430945778943e-12
6705.3 2.0580529874704087e-12
6705.6 9.608840822626294e-13
6705.9 3.657229412975388e-13
6706.2 1.2190765161668865e-13
6706.5 6.095382580834433e-14
6706.8 6.095382580834433e-14
6707.1 0.0
6707.4 0.0
6707.7 0.0
6708.0 0.0
6708.3 0.0
6708.6 0.0
6708.9 0.0
6709.2 0.0
6709.5 0.0
6709.8 0.0
6710.1 0.0
6710.4 0.0
6710.7 0.0
6711.0 0.0
6711.3 0.0
6711.6 0.0
6711.9 0.0
6712.2 0.0
6712.5 0.0
6712.8 0.0
6713.1 0.0
6713.4 0.0
6713.7 0.0
6714.0 0.0
6714.3 0.0
6714.6 0.0
6714.9 0.0
6715.2 0.0
6715.5 0.0
6715.8 0.0
6716.1 0.0
6716.4 0.0
6716.7 0.0
6717.0 0.0
6717.3 0.0
6717.6 0.0
6717.9 0.0
6718.2 0.0
6718.5 0.0
6718.8 0.0
6719.1 0.0
6719.4 0.0
6719.7 0.0
6720.0 0.0
6720.3 0.0
6720.6 0.0
6720.9 0.0
6721.2 0.0
6721.5 0.0
6721.8 0.0
6722.1 0.0
6722.4 0.0
6722.7 0.0
6723.0 0.0
6723.3 0.0
6723.6 0.0
6723.9 0.0
6724.2 0.0
6724.5 0.0
6724.8 0.0
6725.1 0.0
6725.4 0.0
6725.7 0.0
6726.0 0.0
6726.3 0.0
6726.6 0.0
6726.9 0.0
6727.2 0.0
6727.5 0.0
6727.8 0.0
6728.1 0.0
6728.4 0.0
6728.7 0.0
6729.0 0.0
6729.3 0.0
6729.6 0.0
6729.9 0.0
6730.2 0.0
6730.5 0.0
6730.8 0.0
6731.1 0.0
6731.4 0.0
6731.7 0.0
6732.0 0.0
6732.3 0.0
6732.6 0.0
6732.9 0.0
6733.2 0.0
6733.5 0.0
6733.8 0.0
6734.1 0.0
6734.4 0.0
6734.7 0.0
6735.0 0.0
6735.3 0.0
6735.6 0.0
6735.9 0.0
6736.2 0.0
6736.5 0.0
6736.8 0.0
6737.1 0.0
6737.4 0.0
6737.7 0.0
6738.0 0.0
6738.3 0.0
6738.6 0.0
6738.9 0.0
6739.2 0.0
6739.5 0.0
6739.8 0.0
6740.1 0.0
6740.4 0.0
6740.7 0.0
6741.0 0.0
6741.3 0.0
6741.6 0.0
6741.9 0.0
6742.2 0.0
6742.5 0.0
6742.8 0.0
6743.1 0.0
6743.4 0.0
6743.7 0.0
6744.0 0.0
6744.3 0.0
6744.6 0.0
6744.9 0.0
6745.2 0.0
6745.5 0.0
6745.8 0.0
6746.1 0.0
6746.4 0.0
6746.7 0.0
6747.0 0.0
6747.3 0.0
6747.6 0.0
6747.9 0.0
6748.2 0.0
6748.5 0.0
6748.8 0.0
6749.1 0.0
6749.4 0.0
6749.7 0.0
6750.0 0.0
6750.3 0.0
6750.6 0.0
6750.9 0.0
6751.2 0.0
6751.5 0.0
6751.8 0.0
6752.1 0.0
6752.4 0.0
6752.7 0.0
6753.0 0.0
6753.3 0.0
6753.6 0.0
6753.9 0.0
6754.2 0.0
6754.5 0.0
6754.8 0.0
6755.1 0.0
6755.4 0.0
6755.7 0.0
6756.0 0.0
6756.3 0.0
6756.6 0.0
6756.9 0.0
6757.2 0.0
6757.5 0.0
6757.8 0.0
6758.1 0.0
6758.4 0.0
6758.7 0.0
6759.0 0.0
6759.3 0.0
6759.6 0.0
6759.9 0.0
6760.2 0.0
6760.5 0.0
6760.8 0.0
6761.1 0.0
6761.4 0.0
6761.7 0.0
6762.0 0.0
6762.3 0.0
6762.6 0.0
6762.9 0.0
6763.2 0.0
6763.5 0.0
6763.8 0.0
6764.1 0.0
6764.4 0.0
6764.7 0.0
6765.0 0.0
6765.3 0.0
6765.6 0.0
6765.9 0.0
6766.2 0.0
6766.5 0.0
6766.8 0.0
6767.1 0.0
6767.4 0.0
6767.7 0.0
6768.0 0.0
6768.3 0.0
6768.6 0.0
6768.9 0.0
6769.2 0.0
6769.5 0.0
6769.8 0.0
6770.1 0.0
6770.4 0.0
6770.7 0.0
6771.0 0.0
6771.3 0.0
6771.6 0.0
6771.9 0.0
6772.2 0.0
6772.5 0.0
6772.8 0.0
6773.1 0.0
6773.4 0.0
6773.7 0.0
6774.0 0.0
6774.3 0.0
6774.6 0.0
6774.9 0.0
6775.2 0.0
6775.5 0.0
6775.8 0.0
6776.1 0.0
6776.4 0.0
6776.7 0.0
6777.0 0.0
6777.3 0.0
6777.6 0.0
6777.9 0.0
6778.2 0.0
6778.5 0.0
6778.8 0.0
6779.1 0.0
6779.4 0.0
6779.7 0.0
6780.0 0.0
6780.3 0.0
6780.6 0.0
6780.9 0.0
6781.2 0.0
6781.5 0.0
6781.8 0.0
6782.1 0.0
6782.4 0.0
6782.7 0.0
6783.0 0.0
6783.3 0.0
6783.6 0.0
6783.9 0.0
6784.2 0.0
6784.5 0.0
6784.8 0.0
6785.1 0.0
6785.4 0.0
6785.7 0.0
6786.0 0.0
6786.3 0.0
6786.6 0.0
6786.9 0.0
6787.2 0.0
6787.5 0.0
6787.8 0.0
6788.1 0.0
6788.4 0.0
6788.7 0.0
6789.0 0.0
6789.3 0.0
6789.6 0.0
6789.9 0.0
6790.2 0.0
6790.5 0.0
6790.8 0.0
6791.1 0.0
6791.4 0.0
6791.7 0.0
6792.0 0.0
6792.3 0.0
6792.6 0.0
6792.9 0.0
6793.2 7.267040566310765e-14
6793.5 7.267040566310765e-14
6793.8 2.0545035873844979e-13
6794.1 4.94844311740069e-13
6794.4 1.1548048284228292e-12
6794.7 2.585767146259213e-12
6795.0 5.969556051666175e-12
6795.3 1.3357463694700124e-11
6795.6 2.9755158023782443e-11
6795.9 6.557401658581691e-11
6796.2 1.4348536277689484e-10
6796.5 3.105617473002218e-10
6796.8 6.665466727180495e-10
6797.1 1.4174817981166786e-9
6797.4 2.987256461702573e-9
6797.7 6.238614996730493e-9
6798.0 1.2910912460121956e-8
6798.3 2.647894577126992e-8
6798.6 5.3816292455853264e-8
6798.9 1.0838883747747813e-7
6799.2 2.1632360764633498e-7
6799.5 4.2781470150233397e-7
6799.8 8.383373150456644e-7
6800.1 1.6276731819072279e-6
6800.4 3.130909864579193e-6
6800.7 5.966160146887766e-6
6801.0 1.1261680903455997e-5
6801.3 2.1055099467767967e-5
6801.6 3.898700168677127e-5
6801.9 7.149202849828445e-5
6802.2 0.00012982139852292214
6802.5 0.0002334408559840984
6802.8 0.000415685750431348
6803.1 0.0007331012523727753
6803.4 0.0012807947137357945
6803.7 0.002217639588019127
6804.0 0.0038077817369288613
6804.3 0.0064895118177537015
6804.6 0.010990796004122672
6804.9 0.018525421047172586
6805.2 0.031129323144284626
6805.5 0.052240002071869185
6805.8 0.08769170321386355
6806.1 0.14740454691036575
6806.4 0.24819211774502037
6806.7 0.41829202261942555
6807.0 0.7044046947157767
6807.3 1.182134182585287
6807.6 1.9706347041937988
6807.9 3.2518062502495013
6808.2 5.2933653893414885
6808.5 8.473418380133808
6808.8 13.301851258147508
6809.1 20.431278756819665
6809.4 30.648231292143464
6809.7 44.834785893559456
6810.0 63.89313771575689
6810.3 88.63146470487118
6810.6 119.61869239807129
6810.9 157.02696174383163
6811.2 200.49072790145874
6811.5 249.01697194576263
6811.8 300.9782457947731
6812.1 354.208168387413
6812.4 406.1985001564026
6812.7 454.3729131221771
6813.0 496.39160323143005
6813.3 530.42973279953
6813.6 555.3757176399231
6813.9 570.9125428199768
6814.2 577.4718360900879
6814.5 576.0796985626221
6814.8 568.1353960037231
6815.1 555.174994468689
6815.4 538.66783618927
6815.7 519.8785848617554
6816.0 499.8062438964844
6816.3 479.19050121307373
6816.6 458.56118297576904
6816.9 438.300874710083
6817.2 418.69446182250977
6817.5 399.9496545791626
6817.8 382.18614196777344
6818.1 365.40359115600586
6818.4 349.44721937179565
6818.7 333.9916009902954
6819.0 318.5588917732239
6819.3 302.5775809288025
6819.6 285.475617647171
6819.9 266.7901117801666
6820.2 246.26944410800934
6820.5 223.94340240955353
6820.8 200.1442467570305
6821.1 175.47361969947815
6821.4 150.72382360696793
6821.7 126.77297720313072
6822.0 104.47896030545235
6822.3 84.59556105732918
6822.6 67.72691476345062
6822.9 54.32531785964966
6823.2 44.72604721784592
6823.5 39.20367178320885
6823.8 38.02899646759033
6824.1 41.50534051656723
6824.4 49.96686387062073
6824.7 63.72981107234955
6825.0 82.99854683876038
6825.3 107.74067905545235
6825.6 137.5569255053997
6825.9 171.57881379127502
6826.2 208.42792212963104
6826.5 246.26200211048126
6826.8 282.9168508052826
6827.1 316.1305021047592
6827.4 343.81458950042725
6827.7 364.3223919868469
6828.0 376.65973377227783
6828.3 380.5955185890198
6828.6 376.6505937576294
6828.9 365.9712920188904
6829.2 350.11900663375854
6829.5 330.8232321739197
6829.8 309.74810695648193
6830.1 288.3131699562073
6830.4 267.5906271934509
6830.7 248.28102684020996
6831.0 230.75194334983826
6831.3 215.11404752731323
6831.6 201.30736684799194
6831.9 189.17560482025146
6832.2 178.5159683227539
6832.5 169.10237514972687
6832.8 160.68837440013885
6833.1 153.00113189220428
6833.4 145.73840737342834
6833.7 138.57738369703293
6834.0 131.1986237168312
6834.3 123.32228884100914
6834.6 114.7485868036747
6834.9 105.39212536811829
6835.2 95.30053643882275
6835.5 84.65148943662643
6835.8 73.72764863073826
6836.1 62.874538131058216
6836.4 52.45023001357913
6836.7 42.77702958509326
6837.0 34.103974828496575
6837.3 26.585552141070366
6837.6 20.277811118401587
6837.9 15.149284514598548
6838.2 11.10171409137547
6838.5 7.994811876444146
6838.8 5.6700099592562765
6839.1 3.9697481034090742
6839.4 2.750725409016013
6839.7 1.8911299831233919
6840.0 1.292912584496662
6840.3 0.880626707978081
6840.6 0.5983372279515606
6840.9 0.4058037233844516
6841.2 0.2747431564839644
6841.5 0.18560598865315114
6841.8 0.12502036116075033
6842.1 0.08388596457371023
6842.4 0.05601444823435031
6842.7 0.037189796482664406
6843.0 0.024531429339049282
6843.3 0.0160664379893376
6843.6 0.010442256436078878
6843.9 0.006732523445904803
6844.2 0.004304687430372489
6844.5 0.00272890414761795
6844.8 0.0017149184434068765
6845.1 0.0010681920873932826
6845.4 0.0006594163682643595
6845.7 0.0004034007433882797
6846.0 0.0002445390678519066
6846.3 0.0001468814153417885
6846.6 8.741142115462064e-5
6846.9 5.153836067579073e-5
6847.2 3.010470928394959e-5
6847.5 1.7420545838606525e-5
6847.8 9.986099470543526e-6
6848.1 5.670497555234481e-6
6848.4 3.1895014014295186e-6
6848.7 1.7769960219712444e-6
6849.0 9.806147411666338e-7
6849.3 5.359756668566985e-7
6849.6 2.901438107139595e-7
6849.9 1.5555709173673013e-7
6850.2 8.259656811543545e-8
6850.5 4.3432623874942416e-8
6850.8 2.2617296095109583e-8
6851.1 1.1663318991601942e-8
6851.4 5.9559084191925435e-9
6851.7 3.0117071822103627e-9
6852.0 1.5079547760182951e-9
6852.3 7.475993703755612e-10
6852.6 3.670008351844048e-10
6852.9 1.783655561709294e-10
6853.2 8.583263109594383e-11
6853.5 4.0890875058612075e-11
6853.8 1.9314860710381208e-11
6854.1 9.012047295011848e-12
6854.4 4.1763840675099954e-12
6854.7 1.875885086033576e-12
6855.0 8.713057080440021e-13
6855.3 3.8983007749989916e-13
6855.6 1.7085338525224146e-13
6855.9 7.299222397295566e-14
6856.2 2.919689026680862e-14
6856.5 2.919689026680862e-14
6856.8 0.0
6857.1 0.0
6857.4 0.0
6857.7 0.0
6858.0 0.0
6858.3 0.0
6858.6 0.0
6858.9 0.0
6859.2 0.0
6859.5 0.0
6859.8 0.0
6860.1 0.0
6860.4 0.0
6860.7 0.0
6861.0 0.0
6861.3 0.0
6861.6 0.0
6861.9 0.0
6862.2 0.0
6862.5 0.0
6862.8 0.0
6863.1 0.0
6863.4 0.0
6863.7 0.0
6864.0 0.0
6864.3 0.0
6864.6 0.0
6864.9 0.0
6865.2 0.0
6865.5 0.0
6865.8 0.0
6866.1 0.0
6866.4 0.0
6866.7 0.0
6867.0 0.0
6867.3 0.0
6867.6 0.0
6867.9 0.0
6868.2 0.0
6868.5 0.0
6868.8 0.0
6869.1 0.0
6869.4 0.0
6869.7 0.0
