6165.0 0.0
6165.3 0.0
6165.6 0.0
6165.9 0.0
6166.2 0.0
6166.5 0.0
6166.8 0.0
6167.1 0.0
6167.4 0.0
6167.7 0.0
6168.0 0.0
6168.3 0.0
6168.6 0.0
6168.9 0.0
6169.2 0.0
6169.5 0.0
6169.8 0.0
6170.1 0.0
6170.4 0.0
6170.7 0.0
6171.0 0.0
6171.3 0.0
6171.6 0.0
6171.9 0.0
6172.2 0.0
6172.5 0.0
6172.8 0.0
6173.1 0.0
6173.4 0.0
6173.7 0.0
6174.0 0.0
6174.3 0.0
6174.6 0.0
6174.9 0.0
6175.2 0.0
6175.5 0.0
6175.8 0.0
6176.1 0.0
6176.4 0.0
6176.7 0.0
6177.0 0.0
6177.3 0.0
6177.6 0.0
6177.9 0.0
6178.2 0.0
6178.5 0.0
6178.8 0.0
6179.1 0.0
6179.4 0.0
6179.7 0.0
6180.0 0.0
6180.3 0.0
6180.6 0.0
6180.9 0.0
6181.2 0.0
6181.5 0.0
6181.8 0.0
6182.1 0.0
6182.4 0.0
6182.7 0.0
6183.0 0.0
6183.3 0.0
6183.6 0.0
6183.9 0.0
6184.2 0.0
6184.5 0.0
6184.8 0.0
6185.1 0.0
6185.4 0.0
6185.7 0.0
6186.0 0.0
6186.3 0.0
6186.6 0.0
6186.9 0.0
6187.2 0.0
6187.5 0.0
6187.8 0.0
6188.1 0.0
6188.4 0.0
6188.7 0.0
6189.0 0.0
6189.3 0.0
6189.6 0.0
6189.9 0.0
6190.2 0.0
6190.5 0.0
6190.8 0.0
6191.1 0.0
6191.4 0.0
6191.7 0.0
6192.0 0.0
6192.3 0.0
6192.6 0.0
6192.9 0.0
6193.2 0.0
6193.5 0.0
6193.8 0.0
6194.1 0.0
6194.4 0.0
6194.7 0.0
6195.0 0.0
6195.3 0.0
6195.6 0.0
6195.9 0.0
6196.2 0.0
6196.5 0.0
6196.8 0.0
6197.1 0.0
6197.4 0.0
6197.7 0.0
6198.0 0.0
6198.3 0.0
6198.6 0.0
6198.9 0.0
6199.2 0.0
6199.5 0.0
6199.8 0.0
6200.1 0.0
6200.4 0.0
6200.7 0.0
6201.0 0.0
6201.3 0.0
6201.6 0.0
6201.9 0.0
6202.2 0.0
6202.5 0.0
6202.8 0.0
6203.1 0.0
6203.4 0.0
6203.7 0.0
6204.0 0.0
6204.3 0.0
6204.6 0.0
6204.9 0.0
6205.2 0.0
6205.5 0.0
6205.8 0.0
6206.1 0.0
6206.4 0.0
6206.7 0.0
6207.0 0.0
6207.3 0.0
6207.6 0.0
6207.9 0.0
6208.2 0.0
6208.5 0.0
6208.8 0.0
6209.1 0.0
6209.4 0.0
6209.7 0.0
6210.0 0.0
6210.3 0.0
6210.6 0.0
6210.9 0.0
6211.2 0.0
6211.5 0.0
6211.8 0.0
6212.1 0.0
6212.4 0.0
6212.7 0.0
6213.0 0.0
6213.3 0.0
6213.6 0.0
6213.9 0.0
6214.2 0.0
6214.5 0.0
6214.8 0.0
6215.1 0.0
6215.4 0.0
6215.7 0.0
6216.0 0.0
6216.3 0.0
6216.6 0.0
6216.9 0.0
6217.2 0.0
6217.5 0.0
6217.8 0.0
6218.1 0.0
6218.4 0.0
6218.7 0.0
6219.0 0.0
6219.3 0.0
6219.6 0.0
6219.9 0.0
6220.2 0.0
6220.5 0.0
6220.8 0.0
6221.1 0.0
6221.4 0.0
6221.7 0.0
6222.0 0.0
6222.3 0.0
6222.6 0.0
6222.9 0.0
6223.2 0.0
6223.5 0.0
6223.8 0.0
6224.1 0.0
6224.4 0.0
6224.7 0.0
6225.0 0.0
6225.3 0.0
6225.6 0.0
6225.9 0.0
6226.2 0.0
6226.5 0.0
6226.8 0.0
6227.1 0.0
6227.4 0.0
6227.7 0.0
6228.0 0.0
6228.3 0.0
6228.6 0.0
6228.9 0.0
6229.2 0.0
6229.5 0.0
6229.8 0.0
6230.1 0.0
6230.4 0.0
6230.7 0.0
6231.0 0.0
6231.3 0.0
6231.6 0.0
6231.9 0.0
6232.2 0.0
6232.5 0.0
6232.8 0.0
6233.1 0.0
6233.4 0.0
6233.7 0.0
6234.0 0.0
6234.3 0.0
6234.6 0.0
6234.9 0.0
6235.2 0.0
6235.5 0.0
6235.8 0.0
6236.1 0.0
6236.4 0.0
6236.7 0.0
6237.0 0.0
6237.3 0.0
6237.6 0.0
6237.9 0.0
6238.2 0.0
6238.5 0.0
6238.8 0.0
6239.1 0.0
6239.4 0.0
6239.7 0.0
6240.0 0.0
6240.3 0.0
6240.6 0.0
6240.9 0.0
6241.2 0.0
6241.5 0.0
6241.8 0.0
6242.1 0.0
6242.4 0.0
6242.7 0.0
6243.0 0.0
6243.3 0.0
6243.6 0.0
6243.9 0.0
6244.2 0.0
6244.5 0.0
6244.8 0.0
6245.1 0.0
6245.4 0.0
6245.7 0.0
6246.0 0.0
6246.3 0.0
6246.6 0.0
6246.9 0.0
6247.2 0.0
6247.5 0.0
6247.8 0.0
6248.1 0.0
6248.4 0.0
6248.7 0.0
6249.0 0.0
6249.3 0.0
6249.6 0.0
6249.9 0.0
6250.2 0.0
6250.5 0.0
6250.8 0.0
6251.1 0.0
6251.4 0.0
6251.7 0.0
6252.0 0.0
6252.3 0.0
6252.6 0.0
6252.9 0.0
6253.2 0.0
6253.5 0.0
6253.8 0.0
6254.1 0.0
6254.4 0.0
6254.7 0.0
6255.0 0.0
6255.3 0.0
6255.6 0.0
6255.9 0.0
6256.2 0.0
6256.5 0.0
6256.8 0.0
6257.1 0.0
6257.4 0.0
6257.7 0.0
6258.0 0.0
6258.3 0.0
6258.6 0.0
6258.9 0.0
6259.2 0.0
6259.5 0.0
6259.8 0.0
6260.1 0.0
6260.4 0.0
6260.7 0.0
6261.0 0.0
6261.3 0.0
6261.6 0.0
6261.9 0.0
6262.2 0.0
6262.5 0.0
6262.8 0.0
6263.1 0.0
6263.4 0.0
6263.7 0.0
6264.0 0.0
6264.3 0.0
6264.6 0.0
6264.9 0.0
6265.2 0.0
6265.5 0.0
6265.8 0.0
6266.1 0.0
6266.4 0.0
6266.7 0.0
6267.0 0.0
6267.3 0.0
6267.6 0.0
6267.9 0.0
6268.2 0.0
6268.5 0.0
6268.8 0.0
6269.1 0.0
6269.4 0.0
6269.7 0.0
6270.0 0.0
6270.3 0.0
6270.6 0.0
6270.9 0.0
6271.2 0.0
6271.5 0.0
6271.8 0.0
6272.1 0.0
6272.4 0.0
6272.7 0.0
6273.0 0.0
6273.3 0.0
6273.6 0.0
6273.9 0.0
6274.2 0.0
6274.5 0.0
6274.8 0.0
6275.1 0.0
6275.4 0.0
6275.7 0.0
6276.0 0.0
6276.3 0.0
6276.6 0.0
6276.9 0.0
6277.2 0.0
6277.5 0.0
6277.8 0.0
6278.1 0.0
6278.4 0.0
6278.7 0.0
6279.0 0.0
6279.3 0.0
6279.6 0.0
6279.9 0.0
6280.2 0.0
6280.5 0.0
6280.8 0.0
6281.1 0.0
6281.4 0.0
6281.7 0.0
6282.0 0.0
6282.3 0.0
6282.6 0.0
6282.9 0.0
6283.2 0.0
6283.5 0.0
6283.8 0.0
6284.1 0.0
6284.4 4.203895392974451e-45
6284.7 4.203895392974451e-45
6285.0 4.203895392974451e-45
6285.3 4.203895392974451e-45
6285.6 4.203895392974451e-45
6285.9 4.203895392974451e-45
6286.2 4.203895392974451e-45
6286.5 4.203895392974451e-45
6286.8 4.203895392974451e-45
6287.1 4.203895392974451e-45
6287.4 4.203895392974451e-45
6287.7 4.203895392974451e-45
6288.0 4.203895392974451e-45
6288.3 4.203895392974451e-45
6288.6 4.203895392974451e-45
6288.9 4.203895392974451e-45
6289.2 4.203895392974451e-45
6289.5 4.203895392974451e-45
6289.8 4.203895392974451e-45
6290.1 4.203895392974451e-45
6290.4 4.203895392974451e-45
6290.7 4.203895392974451e-45
6291.0 4.203895392974451e-45
6291.3 4.203895392974451e-45
6291.6 4.203895392974451e-45
6291.9 4.203895392974451e-45
6292.2 4.203895392974451e-45
6292.5 4.203895392974451e-45
6292.8 4.203895392974451e-45
6293.1 4.203895392974451e-45
6293.4 4.203895392974451e-45
6293.7 4.203895392974451e-45
6294.0 4.203895392974451e-45
6294.3 4.203895392974451e-45
6294.6 4.203895392974451e-45
6294.9 4.203895392974451e-45
6295.2 4.203895392974451e-45
6295.5 4.203895392974451e-45
6295.8 4.203895392974451e-45
6296.1 4.203895392974451e-45
6296.4 4.203895392974451e-45
6296.7 4.203895392974451e-45
6297.0 4.203895392974451e-45
6297.3 4.203895392974451e-45
6297.6 4.203895392974451e-45
6297.9 4.203895392974451e-45
6298.2 4.203895392974451e-45
6298.5 4.203895392974451e-45
6298.8 4.203895392974451e-45
6299.1 4.203895392974451e-45
6299.4 4.203895392974451e-45
6299.7 4.203895392974451e-45
6300.0 4.203895392974451e-45
6300.3 8.407790785948902e-45
6300.6 8.407790785948902e-45
6300.9 8.407790785948902e-45
6301.2 8.407790785948902e-45
6301.5 8.407790785948902e-45
6301.8 8.407790785948902e-45
6302.1 8.407790785948902e-45
6302.4 8.407790785948902e-45
6302.7 8.407790785948902e-45
6303.0 8.407790785948902e-45
6303.3 8.407790785948902e-45
6303.6 8.407790785948902e-45
6303.9 8.407790785948902e-45
6304.2 8.407790785948902e-45
6304.5 8.407790785948902e-45
6304.8 8.407790785948902e-45
6305.1 8.407790785948902e-45
6305.4 8.407790785948902e-45
6305.7 8.407790785948902e-45
6306.0 8.407790785948902e-45
6306.3 8.407790785948902e-45
6306.6 8.407790785948902e-45
6306.9 8.407790785948902e-45
6307.2 8.407790785948902e-45
6307.5 8.407790785948902e-45
6307.8 1.2611686178923354e-44
6308.1 1.2611686178923354e-44
6308.4 1.2611686178923354e-44
6308.7 1.2611686178923354e-44
6309.0 1.2611686178923354e-44
6309.3 1.2611686178923354e-44
6309.6 1.2611686178923354e-44
6309.9 1.2611686178923354e-44
6310.2 1.2611686178923354e-44
6310.5 1.2611686178923354e-44
6310.8 1.2611686178923354e-44
6311.1 1.2611686178923354e-44
6311.4 1.2611686178923354e-44
6311.7 1.2611686178923354e-44
6312.0 1.2611686178923354e-44
6312.3 1.2611686178923354e-44
6312.6 1.6815581571897805e-44
6312.9 1.6815581571897805e-44
6313.2 1.6815581571897805e-44
6313.5 1.6815581571897805e-44
6313.8 1.6815581571897805e-44
6314.1 1.6815581571897805e-44
6314.4 1.6815581571897805e-44
6314.7 1.6815581571897805e-44
6315.0 1.6815581571897805e-44
6315.3 1.6815581571897805e-44
6315.6 1.6815581571897805e-44
6315.9 1.6815581571897805e-44
6316.2 1.6815581571897805e-44
6316.5 2.1019476964872256e-44
6316.8 2.1019476964872256e-44
6317.1 2.1019476964872256e-44
6317.4 2.1019476964872256e-44
6317.7 2.1019476964872256e-44
6318.0 2.1019476964872256e-44
6318.3 2.1019476964872256e-44
6318.6 2.1019476964872256e-44
6318.9 2.1019476964872256e-44
6319.2 2.1019476964872256e-44
6319.5 2.5223372357846707e-44
6319.8 2.5223372357846707e-44
6320.1 2.5223372357846707e-44
6320.4 2.5223372357846707e-44
6320.7 2.5223372357846707e-44
6321.0 2.5223372357846707e-44
6321.3 2.5223372357846707e-44
6321.6 2.5223372357846707e-44
6321.9 2.942726775082116e-44
6322.2 2.942726775082116e-44
6322.5 2.942726775082116e-44
6322.8 2.942726775082116e-44
6323.1 2.942726775082116e-44
6323.4 2.942726775082116e-44
6323.7 2.942726775082116e-44
6324.0 2.942726775082116e-44
6324.3 3.363116314379561e-44
6324.6 3.363116314379561e-44
6324.9 3.363116314379561e-44
6325.2 3.363116314379561e-44
6325.5 3.363116314379561e-44
6325.8 3.363116314379561e-44
6326.1 3.783505853677006e-44
6326.4 3.783505853677006e-44
6326.7 3.783505853677006e-44
6327.0 3.783505853677006e-44
6327.3 3.783505853677006e-44
6327.6 3.783505853677006e-44
6327.9 4.203895392974451e-44
6328.2 4.203895392974451e-44
6328.5 4.203895392974451e-44
6328.8 4.203895392974451e-44
6329.1 4.203895392974451e-44
6329.4 4.624284932271896e-44
6329.7 4.624284932271896e-44
6330.0 4.624284932271896e-44
6330.3 4.624284932271896e-44
6330.6 4.624284932271896e-44
6330.9 5.044674471569341e-44
6331.2 5.044674471569341e-44
6331.5 5.044674471569341e-44
6331.8 5.044674471569341e-44
6332.1 5.465064010866787e-44
6332.4 5.465064010866787e-44
6332.7 5.465064010866787e-44
6333.0 5.465064010866787e-44
6333.3 5.885453550164232e-44
6333.6 5.885453550164232e-44
6333.9 5.885453550164232e-44
6334.2 5.885453550164232e-44
6334.5 6.305843089461677e-44
6334.8 6.305843089461677e-44
6335.1 6.305843089461677e-44
6335.4 6.726232628759122e-44
6335.7 6.726232628759122e-44
6336.0 6.726232628759122e-44
6336.3 7.146622168056567e-44
6336.6 7.146622168056567e-44
6336.9 7.146622168056567e-44
6337.2 7.567011707354012e-44
6337.5 7.567011707354012e-44
6337.8 7.567011707354012e-44
6338.1 7.987401246651457e-44
6338.4 7.987401246651457e-44
6338.7 7.987401246651457e-44
6339.0 8.407790785948902e-44
6339.3 8.407790785948902e-44
6339.6 8.407790785948902e-44
6339.9 8.828180325246348e-44
6340.2 8.828180325246348e-44
6340.5 9.248569864543793e-44
6340.8 9.248569864543793e-44
6341.1 9.668959403841238e-44
6341.4 9.668959403841238e-44
6341.7 9.668959403841238e-44
6342.0 1.0089348943138683e-43
6342.3 1.0089348943138683e-43
6342.6 1.0509738482436128e-43
6342.9 1.0509738482436128e-43
6343.2 1.0930128021733573e-43
6343.5 1.0930128021733573e-43
6343.8 1.1350517561031018e-43
6344.1 1.1350517561031018e-43
6344.4 1.2073354367311568e-14
6344.7 1.1770907100328463e-43
6345.0 1.2073354367311568e-14
6345.3 1.2073354367311568e-14
6345.6 2.4146708734623136e-14
6345.9 3.622006056083586e-14
6346.2 4.829341746924627e-14
6346.5 7.244012112167172e-14
6346.8 1.2073354197904979e-13
6347.1 1.6902695606016427e-13
6347.4 2.897604844866869e-13
6347.7 4.1049404001826384e-13
6348.0 6.278144237120697e-13
6348.3 9.658683358323983e-13
6348.6 1.4488024495384888e-12
6348.9 2.173203674307733e-12
6349.2 3.2718788615937466e-12
6349.5 4.8897084298227256e-12
6349.8 7.292305648221031e-12
6350.1 1.0841871671274372e-11
6350.4 1.6057561530447018e-11
6350.7 2.376035999895887e-11
6351.0 3.50127253578858e-11
6351.3 5.1456634092561515e-11
6351.6 7.538602381229609e-11
6351.9 1.1018142648255846e-10
6352.2 1.6047901896243388e-10
6352.5 2.3313645458600263e-10
6352.8 3.3766756057929115e-10
6353.1 4.876548609367148e-10
6353.4 7.021862535872003e-10
6353.7 1.0081854240340249e-9
6354.0 1.4432970374400611e-9
6354.3 2.0601971240097328e-9
6354.6 2.932207143757637e-9
6354.9 4.161178068784466e-9
6355.2 5.888017629018805e-9
6355.5 8.30725266354193e-9
6355.8 1.1686354994822068e-8
6356.1 1.639213742521406e-8
6356.4 2.2925851439481448e-8
6356.7 3.1970518676871507e-8
6357.0 4.445370294092754e-8
6357.3 6.163110555235107e-8
6357.6 8.519734961964787e-8
6357.9 1.1743195926783301e-7
6358.2 1.6139142644533422e-7
6358.5 2.2116105924396834e-7
6358.8 3.0218359370337566e-7
6359.1 4.1168698317051167e-7
6359.4 5.592388561126427e-7
6359.7 7.574633400508901e-7
6360.0 1.0229629197056056e-6
6360.3 1.3775018032902153e-6
6360.6 1.8495177394607003e-6
6360.9 2.4760466021067515e-6
6361.2 3.3051651671692504e-6
6361.5 4.399076325829686e-6
6361.8 5.837997036787772e-6
6362.1 7.725031762848168e-6
6362.4 1.0192263701334156e-5
6362.7 1.3408341918905735e-5
6363.0 1.7587880934214566e-5
6363.3 2.300307910569964e-5
6363.6 2.999800872723969e-5
6363.9 3.900613753242249e-5
6364.2 5.057169053915513e-5
6364.5 6.537565051297083e-5
6364.8 8.426720988545966e-5
6365.1 0.00010830168840085735
6365.4 0.00013878608648755506
6365.7 0.00017733344844321708
6366.0 0.00022592770417408315
6366.3 0.0002870003549314384
6366.6 0.00036352101843447753
6366.9 0.0004591037167385505
6367.2 0.0005781310973546626
6367.5 0.000725898968871469
6367.8 0.00090878348715726
6368.1 0.0011344340590115059
6368.4 0.001411993757884626
6368.7 0.0017523516004240714
6369.0 0.0021684280165235694
6369.3 0.002675496360403286
6369.6 0.003291545493786242
6369.9 0.004037682029892897
6370.2 0.004938578533242606
6370.5 0.006022967861915061
6370.8 0.007324181941185048
6371.1 0.008880747621252929
6371.4 0.010737024547017115
6371.7 0.01294390386209189
6372.0 0.015559553285476488
6372.3 0.018650226065397593
6372.6 0.02229112290354913
6372.9 0.026567334649068023
6373.2 0.03157485508548049
6373.5 0.03742170491774219
6373.8 0.04422917678327123
6374.1 0.05213327947134665
6374.4 0.061286404777183306
6374.7 0.07185936568798298
6375.0 0.08404390176154122
6375.3 0.09805587938018327
6375.6 0.11413939911781139
6375.9 0.13257222057553392
6376.2 0.15367294645941013
6376.5 0.17781046015094612
6376.8 0.2054166891477668
6377.1 0.2370032074904901
6377.4 0.2731834239141569
6377.7 0.3147013722606893
6378.0 0.3624693210215034
6378.3 0.4176159163093101
6378.6 0.4815478891719009
6378.9 0.556027628977172
6379.2 0.6432700629069914
6379.5 0.7460618714051788
6379.8 0.8679070418266829
6380.1 1.0132012324561377
6380.4 1.1874382500396574
6380.7 1.397450808387673
6381.0 1.651686427486232
6381.3 1.960517417920298
6381.6 2.336581898826727
6381.9 2.795150700290169
6382.2 3.354508856458696
6382.5 4.036340598556251
6382.8 4.866097009924268
6383.1 5.873327332075372
6383.4 7.091942761648252
6383.7 8.560384771618605
6384.0 10.32166144665674
6384.3 12.423217557533988
6384.6 14.916596099420074
6384.9 17.856866316534433
6385.2 21.301777523767576
6385.5 25.31062106016746
6385.8 29.94278803659885
6386.1 35.256019425481576
6386.4 41.3043646962932
6386.7 48.135878622628745
6387.0 55.79011093138678
6387.3 64.29545030056113
6387.6 73.6664140918688
6387.9 83.90099079111525
6388.2 94.97814449133897
6388.5 106.85562355323415
6388.8 119.46821809436102
6389.1 132.7265886549933
6389.4 146.51684438019902
6389.7 160.70096850604375
6390.0 175.11825675273133
6390.3 189.58785405842593
6390.6 203.9124717244349
6390.9 217.88338039805967
6391.2 231.286646206132
6391.5 243.91067419182218
6391.8 255.55498181037547
6392.1 266.0400875818159
6392.4 275.2184345519636
6392.7 282.986075956258
6393.0 289.29481679201126
6393.3 294.16427544271573
6393.6 297.6929831970483
6393.9 300.06722998805344
6394.2 301.56556471437216
6394.5 302.5561803728342
6394.8 303.48373087495565
6395.1 304.8419084995985
6395.4 307.12899658083916
6395.7 310.7857209444046
6396.0 316.1186853647232
6396.3 323.2176555991173
6396.6 331.880297601223
6396.9 341.5619093775749
6397.2 351.368203163147
6397.5 360.105044901371
6397.8 366.38968431949615
6398.1 368.8149065375328
6398.4 366.14358834922314
6398.7 357.5003989189863
6399.0 342.5234864205122
6399.3 321.44406747817993
6399.6 295.075505502522
6399.9 264.71227737143636
6400.2 231.95843440666795
6400.5 198.51940973103046
6400.8 165.99659954756498
6401.1 135.72012957464904
6401.4 108.64344958029687
6401.7 85.30769137572497
6402.0 65.86889178166166
6402.3 50.170355742331594
6402.6 37.83802174590528
6402.9 28.377798980101943
6403.2 21.259299938043114
6403.5 15.977425366349053
6403.8 12.08992605790263
6404.1 9.23388909586356
6404.4 7.126654272360611
6404.7 5.557175738002115
6405.0 4.373004854831379
6405.3 3.4665879160020268
6405.6 2.763043339335127
6405.9 2.210347908613585
6406.2 1.7720350940530807
6406.5 1.4220700092250809
6406.8 1.1414067498708391
6407.1 0.9157442818088839
6407.4 0.7340856342498228
6407.7 0.587810734154175
6408.0 0.470068506665271
6408.3 0.3753640203941231
6408.6 0.29926608793028464
6408.9 0.2381911557190559
6409.2 0.1892376527940396
6409.5 0.15005570180465155
6409.8 0.11874290992963871
6410.1 0.0937601228770366
6410.4 0.07386309671478677
6410.7 0.05804681801360948
6411.0 0.04550025190487082
6411.3 0.03556949859205985
6411.6 0.0277278751663435
6411.9 0.02155161902441718
6412.2 0.016700188092293393
6412.5 0.012900291413512547
6412.8 0.009932956917948207
6413.1 0.007623049633942027
6413.4 0.005830784417278148
6413.7 0.00444484858056053
6414.0 0.0033768325701382398
6414.3 0.0025567174361942387
6414.6 0.001929220801761453
6414.9 0.0014508407473509519
6415.2 0.0010874667300495632
6415.5 0.0008124514697918859
6415.8 0.0006050590378441293
6416.1 0.0004492179612413876
6416.4 0.0003325231391490804
6416.7 0.0002454393261935564
6417.0 0.00018066801750870107
6417.3 0.00013264631686702485
6417.6 9.715199929723996e-5
6417.9 7.099372422295536e-5
6418.2 5.176915646393582e-5
6418.5 3.767714285835866e-5
6418.8 2.737248278716966e-5
6419.1 1.985427341610276e-5
6419.4 1.4380460184434956e-5
6419.7 1.040278354398072e-5
6420.0 7.517484602067009e-6
6420.3 5.4281445340230754e-6
6420.6 3.917792671711667e-6
6420.9 2.828072088256726e-6
6421.2 2.0437475897701276e-6
6421.5 1.4812366429452973e-6
6421.8 1.0801606235605925e-6
6422.1 7.971513871736122e-7
6422.4 6.013403544025237e-7
6422.7 4.710999183762723e-7
6423.0 3.9171781989771807e-7
6423.3 3.537729005301633e-7
6423.6 3.520401360177183e-7
6423.9 3.8480697757044483e-7
6424.2 4.5351857445478026e-7
6424.5 5.626992408566632e-7
6424.8 7.201217699146814e-7
6425.1 9.372142889387334e-7
6425.4 1.2297128735962933e-6
6425.7 1.6185810175997426e-6
6426.0 2.131233967029681e-6
6426.3 2.8031169666772344e-6
6426.6 3.6797087484123056e-6
6426.9 4.819027540391257e-6
6427.2 6.294747429452998e-6
6427.5 8.200046216029299e-6
6427.8 1.0652327749099428e-5
6428.1 1.3798999113712613e-5
6428.4 1.7824494711027756e-5
6428.7 2.2958791807470386e-5
6429.0 2.948768201994725e-5
6429.3 3.77651150033505e-5
6429.6 4.822795013606685e-5
6429.9 6.1413562617874e-5
6430.2 7.79806893087649e-5
6430.5 9.873407069220294e-5
6430.8 0.00012465340964019176
6431.1 0.0001569272526889699
6431.4 0.0001969924998450414
6431.7 0.00024658012886668597
6432.0 0.0003077681170987737
6432.3 0.0003830418673010353
6432.6 0.0004753636597654941
6432.9 0.0005882512646730246
6433.2 0.0007258668825141719
6433.5 0.000893116812967557
6433.8 0.0010957635801852835
6434.1 0.001340549308902642
6434.4 0.0016353330574116112
6434.7 0.0019892400822547483
6435.0 0.0024128260703312285
6435.3 0.002918252539926076
6435.6 0.00351947676816272
6435.9 0.004232452872818075
6436.2 0.005075345220928695
6436.5 0.006068749461758451
6436.8 0.007235924774837201
6437.1 0.008603028266258384
6437.4 0.010199360224238577
6437.7 0.012057603652370148
6438.0 0.01421407102075997
6438.3 0.01670894992128642
6438.6 0.01958654616107283
6438.9 0.022895540746039885
6439.2 0.026689242690090383
6439.5 0.03102587734755138
6439.8 0.035968910898549256
6440.1 0.04158744956314133
6440.4 0.047956743740806565
6440.7 0.05515885355330254
6441.0 0.06328359688091335
6441.3 0.07242981092200318
6441.6 0.08270717499118724
6441.9 0.09423865686923387
6442.2 0.10716391452281557
6442.5 0.1216439623390419
6442.8 0.13786738187657105
6443.1 0.1560585442528775
6443.4 0.17648854910124057
6443.7 0.1994891930006998
6444.0 0.22547085849230847
6444.3 0.2549452293718374
6444.6 0.2885532860815628
6444.9 0.3270997949894179
6445.2 0.37159503283379625
6445.5 0.4233044054520698
6445.8 0.48380679602616955
6446.1 0.5550624404575129
6446.4 0.6394903704321129
6446.7 0.7400569374842481
6447.0 0.8603759210460984
6447.3 1.0048229353651148
6447.6 1.1786670866722833
6447.9 1.3882267799248855
6448.2 1.6410552464105796
6448.5 1.9461652366044355
6448.8 2.3142949013058614
6449.1 2.7582099535168503
6449.4 3.29301339215752
6449.7 3.9364056722798284
6450.0 4.708793821185118
6450.3 5.633109116461853
6450.6 6.734161874656341
6450.9 8.037370881322971
6451.2 9.566766213139365
6451.5 11.342293743320848
6451.8 13.376635320699199
6452.1 15.671977463498807
6452.4 18.21733379376337
6452.7 20.987093210048034
6453.0 23.941383143043403
6453.3 27.028528716868387
6453.6 30.18948958508403
6453.9 33.36367118191512
6454.2 36.49515940565108
6454.5 39.53828683937987
6454.8 42.46163359104171
6455.1 45.25000279583605
6455.4 47.9045358589085
6455.7 50.441694861596886
6456.0 52.892192375543175
6456.3 55.30093073300452
6456.6 57.72859621586076
6456.9 60.25484693087628
6457.2 62.982158577151495
6457.5 66.03866293565807
6457.8 69.57782891459647
6458.1 73.77289733888756
6458.4 78.80451329292555
6458.7 84.84107628060156
6459.0 92.0127065210836
6459.3 100.38126122520771
6459.6 109.91013754578307
6459.9 120.43856053962372
6460.2 131.6653404883109
6460.5 143.1466884831898
6460.8 154.31143726035953
6461.1 164.4951355829835
6461.4 172.9918382782489
6461.7 179.1195527818054
6462.0 182.2922916840762
6462.3 182.08940557390451
6462.6 178.3117990642786
6462.9 171.01532320305705
6463.2 160.5145265236497
6463.5 147.3544184565544
6463.8 132.25349856168032
6464.1 116.02647112309933
6464.4 99.49872887507081
6464.7 83.42584127932787
6465.0 68.42967085726559
6465.3 54.95879891142249
6465.6 43.275854161940515
6465.9 33.46927972417325
6466.2 25.48329363996163
6466.5 19.157909367699176
6466.8 14.270955034997314
6467.1 10.57568374281982
6467.4 7.829987843259005
6467.7 5.81577323206875
6468.0 4.349084235858754
6468.3 3.282847520800715
6468.6 2.5045972247608006
6468.9 1.9314371084128652
6469.2 1.5040220726314146
6469.5 1.180749119514644
6469.8 0.9327971878285553
6470.1 0.74023911037483
6470.4 0.5891867704984826
6470.7 0.46979885849176917
6471.0 0.374944205937489
6471.3 0.2993282364301344
6471.6 0.23892998183541936
6471.9 0.19063809681412996
6472.2 0.15201143067678405
6472.5 0.12111650272029992
6472.8 0.09641282523458365
6473.1 0.07666878112612953
6473.4 0.060897916981574325
6473.7 0.0483094626080515
6474.0 0.03826931180861959
6474.3 0.030268967261109562
6474.6 0.023900689567707006
6474.9 0.018837572615627674
6475.2 0.014817545061054066
6475.5 0.011630547820942656
6475.8 0.009108232584125133
6476.1 0.007115710088277907
6476.4 0.00554493771337817
6476.7 0.004309412409072308
6477.0 0.0033399253534936056
6477.3 0.0025811494534885315
6477.6 0.0019889066611260536
6477.9 0.0015279695261667331
6478.2 0.0011702956041484314
6478.5 0.0008936059149556732
6478.8 0.000680240776522544
6479.1 0.0005162373285740047
6479.4 0.0003905868812164933
6479.7 0.0002946360449907374
6480.0 0.00022160487089798944
6480.3 0.00016619950194534752
6480.6 0.0001243010440704204
6480.9 9.271664574314422e-5
6481.2 6.898052713983332e-5
6481.5 5.1195684066689836e-5
6481.8 3.790825055371271e-5
6482.1 2.800823695629683e-5
6482.4 2.0651374921999943e-5
6482.7 1.5197894458745828e-5
6483.0 1.1164742453597092e-5
6483.3 8.188470056437273e-6
6483.6 5.996540329840969e-6
6483.9 4.385247442040105e-6
6484.2 3.202796371219862e-6
6484.5 2.3364001672704746e-6
6484.8 1.702480486094199e-6
6485.1 1.2392565186389468e-6
6485.4 9.011644381266764e-7
6485.7 6.546699740144412e-7
6486.0 4.7513871408821636e-7
6486.3 3.445040972887902e-7
6486.6 2.4953619504179473e-7
6486.9 1.8055956702064663e-7
6487.2 1.3050634311140007e-7
6487.5 9.421900736961633e-8
6487.8 6.793728642769262e-8
6488.1 4.89220117615645e-8
6488.4 3.517936637740125e-8
6488.7 2.5259146658246166e-8
6489.0 1.8107348115043125e-8
6489.3 1.2958521848179525e-8
6489.6 9.257174529558365e-9
6489.9 6.600614734124273e-9
6490.2 4.697147023105004e-9
6490.5 3.3357282962191116e-9
6490.8 2.3638506750148682e-9
6491.1 1.6714211924229172e-9
6491.4 1.1791369321917378e-9
6491.7 8.298954544405657e-10
6492.0 5.8268429838082e-10
6492.3 4.0811277230920484e-10
6492.6 2.8512173091271853e-10
6492.9 1.986890393965851e-10
6493.2 1.381016118519665e-10
6493.5 9.573558607109053e-11
6493.8 6.619170451549819e-11
6494.1 4.564049013939045e-11
6494.4 3.138440885213506e-11
6494.7 2.152156064987162e-11
6495.0 1.4721447385369945e-11
6495.3 1.0039521880392081e-11
6495.6 6.829636203160871e-12
6495.9 4.6284873927696275e-12
6496.2 3.130752297101654e-12
6496.5 2.1169715932180347e-12
6496.8 1.4198162606231338e-12
6497.1 9.499699204357226e-13
6497.4 6.358670100875541e-13
6497.7 4.2901869123229686e-13
6498.0 2.796282628191038e-13
6498.3 1.876956706378663e-13
6498.6 1.2257676698743808e-13
6498.9 8.427153153902842e-14
6499.2 5.362733640403711e-14
6499.5 3.4474715291700486e-14
6499.8 2.2983144657177587e-14
6500.1 1.532209587342976e-14
6500.4 1.1491572328588794e-14
6500.7 3.83052396835744e-15
6501.0 3.83052396835744e-15
6501.3 3.83052396835744e-15
6501.6 4.7631395971018425e-40
6501.9 3.83052396835744e-15
6502.2 4.88694431642494e-40
6502.5 4.949960708365627e-40
6502.8 5.0137338014770495e-40
6503.1 5.078263595759207e-40
6503.4 5.1435500912121005e-40
6503.7 5.209635326789659e-40
6504.0 5.2765193024918824e-40
6504.3 5.344202018318771e-40
6504.6 5.412683474270325e-40
6504.9 5.48199169631583e-40
6505.2 5.552112671470644e-40
6505.5 5.623032386750123e-40
6505.8 5.694834920062127e-40
6506.1 5.767478232452725e-40
6506.4 5.840962323921919e-40
6506.7 5.915329233423637e-40
6507.0 5.9905789609578795e-40
6507.3 6.066739532493933e-40
6507.6 6.143754896093225e-40
6507.9 6.2216951166789716e-40
6508.2 6.3005181552972425e-40
6508.5 6.380308089855898e-40
6508.8 6.460980842447077e-40
6509.1 6.542690555901857e-40
6509.4 6.625297100373805e-40
6509.7 6.7088705407861375e-40
6510.0 6.793410877138854e-40
6510.3 6.878960148385884e-40
6510.6 6.9655043415425845e-40
6510.9 7.0530294436243125e-40
6511.2 7.141605519554284e-40
6511.5 7.23119053037857e-40
6511.8 7.321784476097169e-40
6512.1 7.413499460587228e-40
6512.4 7.506237392956245e-40
6512.7 7.600026299173505e-40
6513.0 7.694950257146868e-40
6513.3 7.790953214937761e-40
6513.6 7.888021159561541e-40
6513.9 7.986266194895354e-40
6514.2 8.085632269000627e-40
6514.5 8.186105368892716e-40
6514.8 8.287713520540909e-40
6515.1 8.390540801853064e-40
6515.4 8.494531160890609e-40
6515.7 8.5996705846689e-40
6516.0 8.706071177065083e-40
6516.3 8.813676886140586e-40
6516.6 8.922473698910764e-40
6516.9 9.032517667314192e-40
6517.2 9.143836817320156e-40
6517.5 9.256375096990082e-40
6517.8 9.370244610201117e-40
6518.1 9.485389305014687e-40
6518.4 9.601823194415436e-40
6518.7 9.71957430437265e-40
6519.0 9.838698686824903e-40
6519.3 9.959140289833621e-40
6519.6 1.0080913126383448e-39
6519.9 1.0204087261397599e-39
6520.2 1.0328634668906789e-39
6520.5 1.0454583374880303e-39
6520.8 1.0581947392302786e-39
6521.1 1.0710754747143523e-39
6521.4 1.0840977413433228e-39
6521.7 1.0972643417141188e-39
6522.0 1.1105850849159905e-39
6522.3 1.1240487605612234e-39
6522.6 1.1376651777390676e-39
6522.9 1.1514315338525946e-39
6523.2 1.1653534340956617e-39
6523.5 1.1794238719759472e-39
6523.8 1.1936568604780943e-39
6524.1 1.2080453931097815e-39
6524.4 1.2225936737664018e-39
6524.7 1.237301702447955e-39
6525.0 1.2521708804529057e-39
6525.3 1.267206812975111e-39
6525.6 1.2824109013130353e-39
6525.9 1.2977789415712855e-39
6526.2 1.3133193415406478e-39
6526.5 1.329027897325729e-39
6526.8 1.3449088128219221e-39
6527.1 1.3609620880292272e-39
6527.4 1.3771919268430372e-39
6527.7 1.3936025331587452e-39
6528.0 1.410189703080958e-39
6528.3 1.4269576405050688e-39
6528.6 1.4439091480280061e-39
6528.9 1.4610428243513056e-39
6529.2 1.478365675967289e-39
6529.5 1.4958734989805633e-39
6529.8 1.513577503778843e-39
6530.1 1.531467881272878e-39
6530.4 1.5495516379549897e-39
6530.7 1.5678357803175e-39
6531.0 1.5863147031665513e-39
6531.3 1.604994011696001e-39
6531.6 1.623868100711992e-39
6531.9 1.6429509831991674e-39
6532.2 1.6622398565605986e-39
6532.5 1.6817319181993568e-39
6532.8 1.7014369772046923e-39
6533.1 1.7213522309796766e-39
6533.4 1.7414776795243097e-39
6533.7 1.7618217306293774e-39
6534.0 1.7823801803994867e-39
6534.3 1.8031614366254238e-39
6534.6 1.8241612954117955e-39
6534.9 1.845383960653995e-39
6535.2 1.866829432352022e-39
6535.5 1.8885061182966624e-39
6535.8 1.9104126171894523e-39
6536.1 1.93255173162732e-39
6536.4 1.9549220603118015e-39
6536.7 1.977530609735218e-39
6537.0 2.0003787811960342e-39
6537.3 2.0234637720973213e-39
6537.6 2.0467911876329365e-39
6537.9 2.0703666329967372e-39
6538.2 2.0941901081887234e-39
6538.5 2.118261613208895e-39
6538.8 2.1425853519526453e-39
6539.1 2.167165528315367e-39
6539.4 2.191997938401667e-39
6539.7 2.2170909900023315e-39
6540.0 2.242451689609682e-39
6540.3 2.2680660242390754e-39
6540.6 2.2939564146659407e-39
6540.9 2.3201116505025634e-39
6541.2 2.3465331330474078e-39
6541.5 2.3732348752851172e-39
6541.8 2.40020987072337e-39
6542.1 2.4274651258544876e-39
6542.4 2.454999239380006e-39
6542.7 2.4828192177922466e-39
6543.0 2.510927863688138e-39
6543.3 2.5393195718738232e-39
6543.6 2.5680083553339452e-39
6543.9 2.5969872075761824e-39
6544.2 2.6262645363913208e-39
6544.5 2.6558403417793604e-39
6544.8 2.685718827635694e-39
6545.1 2.7159070004526437e-39
6545.4 2.7463950511409587e-39
6545.7 2.7771969926852825e-39
6546.0 2.8083142263840794e-39
6546.3 2.8397425483419564e-39
6546.6 2.8714945702450924e-39
6546.9 2.9035660881980945e-39
6547.2 2.9359599047978913e-39
6547.5 2.968685829133733e-39
6547.8 3.001739657310227e-39
6548.1 3.0351255932227656e-39
6548.4 3.0688478407667424e-39
6548.7 3.10291060383755e-39
6549.0 3.137312481136724e-39
6549.3 3.1720632817535154e-39
6549.6 3.2071588017925305e-39
6549.9 3.2426074490445554e-39
6550.2 3.278412026106519e-39
6550.5 3.314569730381492e-39
6550.8 3.351088969660261e-39
6551.1 3.387973947838219e-39
6551.4 3.4252204610199725e-39
6551.7 3.4628439234886296e-39
6552.0 3.5008331248564753e-39
6552.3 3.539204880705082e-39
6552.6 3.5779535858405916e-39
6552.9 3.6170820428599335e-39
6553.2 3.6566028634492863e-39
6553.5 3.696507639817864e-39
6553.8 3.736806181054917e-39
6554.1 3.777504092354303e-39
6554.4 3.818597169820628e-39
6554.7 3.860093821244679e-39
6555.0 3.901996849223384e-39
6555.3 3.944310457652136e-39
6555.6 3.987033245232471e-39
6555.9 4.030179224949032e-39
6556.2 4.0737441929064265e-39
6556.5 4.1177267478061896e-39
6556.8 4.1621409026329646e-39
6557.1 4.206986657386752e-39
6557.4 4.252269617261408e-39
6557.7 4.297985578361541e-39
6558.0 4.344145751074865e-39
6558.3 4.390747332804451e-39
6558.6 4.437801533938014e-39
6558.9 4.485309755774018e-39
6559.2 4.533271998312464e-39
6559.5 4.581695268045672e-39
6559.8 4.6305837688690364e-39
6560.1 4.679938902081021e-39
6560.4 4.72977187806934e-39
6560.7 4.780075690341672e-39
6561.0 4.8308545427934106e-39
6561.3 4.882123849707663e-39
6561.6 4.9338794071890355e-39
6561.9 4.986126820431386e-39
6562.2 5.038868892031644e-39
6562.5 5.092109825885201e-39
6562.8 5.145855227185915e-39
6563.1 5.2001121024261075e-39
6563.4 5.254873445113457e-39
6563.7 5.310158873426464e-39
6564.0 5.3659599795743425e-39
6564.3 5.4222893752432715e-39
6564.6 5.4791400539409294e-39
6564.9 5.5365316338458166e-39
6565.2 5.5944529045702186e-39
6565.5 5.6529220829941716e-39
6565.8 5.711933563923818e-39
6566.1 5.77149435385148e-39
6566.4 5.8316128605679436e-39
6566.7 5.892289084073208e-39
6567.0 5.95353143215806e-39
6567.3 6.01533710222557e-39
6567.6 6.077717304663454e-39
6567.9 6.140674842068639e-39
6568.2 6.204212517038055e-39
6568.5 6.268337336064023e-39
6568.8 6.333052101743472e-39
6569.1 6.398363820568723e-39
6569.4 6.464271091241312e-39
6569.7 6.530789328044347e-39
6570.0 6.597908721888577e-39
6570.3 6.665647489654038e-39
6570.6 6.734007032639196e-39
6570.9 6.80298735084405e-39
6571.2 6.872592648163992e-39
6571.5 6.94283833888213e-39
6571.8 7.013714613909215e-39
6572.1 7.085239690125283e-39
6572.4 7.157410764933404e-39
6572.7 7.2302348448259e-39
6573.0 7.303717534996629e-39
6573.3 7.37786163804252e-39
6573.6 7.452676963052822e-39
6573.9 7.528163510027535e-39
6574.2 7.604328285458982e-39
6574.5 7.681172690645626e-39
6574.8 7.758707935975183e-39
6575.1 7.836942429238437e-39
6575.4 7.915869163943068e-39
6575.7 7.995503554372183e-39
6576.0 8.075845600525782e-39
6576.3 8.156903710194652e-39
6576.6 8.238683488572648e-39
6576.9 8.321183534361307e-39
6577.2 8.404420663142201e-39
6577.5 8.488390671019937e-39
6577.8 8.573101965785301e-39
6578.1 8.658562955229079e-39
6578.4 8.744777843246663e-39
6578.7 8.831749432434983e-39
6579.0 8.91948472928636e-39
6579.3 9.007993542890044e-39
6579.6 9.097273070649106e-39
6579.9 9.187335924249727e-39
6580.2 9.278184906288833e-39
6580.5 9.369825621960283e-39
6580.8 9.462266479054863e-39
6581.1 9.555506076274108e-39
6581.4 9.649561229199589e-39
6581.7 9.744433339129772e-39
6582.0 9.840121004766193e-39
6582.3 9.936641041690422e-39
6582.6 1.0033994851200924e-38
6582.9 1.0132188038491557e-38
6583.2 1.0231223406159249e-38
6583.5 1.0331114967188644e-38
6583.8 1.0431861320281276e-38
6584.1 1.0533472274526397e-38
6584.4 1.0635953435117864e-38
6584.7 1.073930900595107e-38
6585.0 1.0843550197413729e-38
6585.3 1.0948678410804305e-38
6585.6 1.1054702053913585e-38
6585.9 1.1161623929338497e-38
6586.2 1.126945664876522e-38
6586.5 1.1378204416089148e-38
6586.8 1.1487872836504137e-38
6587.1 1.1598464712607116e-38
6587.4 1.1709995458681192e-38
6587.7 1.182245946953251e-38
6588.0 1.1935872159444174e-38
6588.3 1.2050240534908508e-38
6588.6 1.2165565997223976e-38
6588.9 1.2281859756778293e-38
6589.2 1.2399123214869922e-38
6589.5 1.251736758188658e-38
6589.8 1.263659846302212e-38
6590.1 1.2756822864768868e-38
6590.4 1.2878047793619144e-38
6590.7 1.3000276052169876e-38
6591.0 1.312351885080878e-38
6591.3 1.3247787399923568e-38
6591.6 1.3373078896917314e-38
6591.9 1.3499404552177732e-38
6592.2 1.3626774174794072e-38
6592.5 1.3755190567363263e-38
6592.8 1.388465933507916e-38
6593.1 1.401519449092641e-38
6593.4 1.414680164009887e-38
6593.7 1.4279480782596536e-38
6594.0 1.441324453010559e-38
6594.3 1.4548104093013746e-38
6594.6 1.4684056668724075e-38
6594.9 1.4821117671519686e-38
6595.2 1.495929130529597e-38
6595.5 1.5098585977843714e-38
6595.8 1.5239010096953704e-38
6596.1 1.5380567866521333e-38
6596.4 1.5523270496934315e-38
6596.7 1.5667122192088043e-38
6597.0 1.5812132761071768e-38
6597.3 1.5958305006482419e-38
6597.6 1.6105658546498495e-38
6597.9 1.6254183572030746e-38
6598.2 1.6403902503854603e-38
6598.5 1.6554819545865457e-38
6598.8 1.6706936099361773e-38
6599.1 1.6860266177328195e-38
6599.4 1.7014816786257043e-38
6599.7 1.7170593531342176e-38
6600.0 1.7327606221672843e-38
6600.3 1.7485861863741366e-38
6600.6 1.764536886533853e-38
6600.9 1.7806131430359732e-38
6601.2 1.7968169176983467e-38
6601.5 1.8131476500015882e-38
6601.8 1.8296066011143153e-38
6602.1 1.8461948920752996e-38
6602.4 1.8629135037934661e-38
6602.7 1.8797625763986613e-38
6603.0 1.8967429506699637e-38
6603.3 1.913856448295377e-38
6603.6 1.9311025087555154e-38
6603.9 1.9484833741279218e-38
6604.2 1.9659987641529034e-38
6604.5 1.9836497998692317e-38
6604.8 2.0014377424455245e-38
6605.1 2.019363012271321e-38
6605.4 2.037426730385393e-38
6605.7 2.0556293171772795e-38
6606.0 2.0739724542051378e-38
6606.3 2.092456141468968e-38
6606.6 2.1110819203970805e-38
6606.9 2.129849931119322e-38
6607.2 2.148761574934157e-38
6607.5 2.1678174123609708e-38
6607.8 2.187018844698228e-38
6608.1 2.2063665725951608e-38
6608.4 2.2258611565711548e-38
6608.7 2.245503577535135e-38
6609.0 1.037017185719167e-14
6609.3 1.037017185719167e-14
6609.6 2.3053275313143973e-38
6609.9 2.074034371438334e-14
6610.2 1.037017185719167e-14
6610.5 3.11105172656409e-14
6610.8 4.148068742876668e-14
6611.1 7.196341013192406e-14
6611.4 1.0869771964163106e-13
6611.7 1.5992078267103998e-13
6612.0 2.5325126381831736e-13
6612.3 3.778162692311422e-13
6612.6 5.985434927071549e-13
6612.9 9.010068913402989e-13
6613.2 1.3955923522469067e-12
6613.5 2.167987927904029e-12
6613.8 3.37993636885225e-12
6614.1 5.298016186642205e-12
6614.4 8.259630336504038e-12
6614.7 1.3060421496241271e-11
6615.0 2.0661453814297987e-11
6615.3 3.285195569377465e-11
6615.6 5.2498734347137594e-11
6615.9 8.422055116449092e-11
6616.2 1.3554362111071013e-10
6616.5 2.1876505947717592e-10
6616.8 3.5397226466638506e-10
6617.1 5.736674544009083e-10
6617.4 9.306145908191916e-10
6617.7 1.5102106666349265e-9
6618.0 2.4501761380692046e-9
6618.3 3.971956495412475e-9
6618.6 6.430142492294673e-9
6618.9 1.0391209372229708e-8
6619.2 1.675510180742046e-8
6619.5 2.6947197253123206e-8
6619.8 4.3214376535934177e-8
6620.1 6.908366097646585e-8
6620.4 1.1006623436447164e-7
6620.7 1.7473512794861024e-7
6621.0 2.763646533932698e-7
6621.3 4.3541209276529546e-7
6621.6 6.832574707792279e-7
6621.9 1.0678058551606533e-6
6622.2 1.6618416712395672e-6
6622.5 2.5754172395685466e-6
6622.8 3.974132638809061e-6
6623.1 6.105961895000908e-6
6623.4 9.340414805303288e-6
6623.7 1.4225402382375999e-5
6624.0 2.1569356168610958e-5
6624.3 3.2559173885273345e-5
6624.6 4.892868501854318e-5
6624.9 7.319790413022838e-5
6625.2 0.0001090109149049047
6625.5 0.00016161021742615693
6625.8 0.00023849876611217353
6626.1 0.00035035834058334283
6626.4 0.0005123156703640186
6626.7 0.0007456768558444405
6627.0 0.0010802881219275238
6627.3 0.0015577270864934557
6627.6 0.002235587975680456
6627.9 0.0031931940244421344
6628.2 0.004539157480183147
6628.5 0.006421308478804083
6628.8 0.009039632399570445
6629.1 0.012662990652241269
6629.4 0.017650546232063934
6629.7 0.024478975867072268
6630.0 0.03377670791499529
6630.3 0.04636658458839451
6630.6 0.06331847309802617
6630.9 0.0860134470189602
6631.2 0.11622117665356135
6631.5 0.15619210629978958
6631.8 0.20876581611703982
6632.1 0.27749656886496854
6632.4 0.3667964817272885
6632.7 0.4820960995727344
6633.0 0.6300208157771414
6633.3 0.8185805101618322
6633.6 1.057368007033344
6633.9 1.357759960617969
6634.2 1.733111981131272
6634.5 2.1989368299737326
6634.8 2.7730533209493533
6635.1 3.475689857868044
6635.4 4.329525941449785
6635.7 5.359652659895534
6636.0 6.593432920469541
6636.3 8.06024154423471
6636.6 9.791067375006278
6636.9 11.81796199544928
6637.2 14.173323600031061
6637.5 16.88900922852656
6637.8 19.99527784892318
6638.1 23.51957439664361
6638.4 27.485172389230108
6638.7 31.909712118455662
6639.0 36.803672795980454
6639.3 42.168835720526666
6639.6 47.99681727514913
6639.9 54.267741355223095
6640.2 60.94916238661648
6640.5 67.99534707022954
6640.8 75.34705009287774
6641.1 82.93195084303842
6641.4 90.66594316498151
6641.7 98.45550740241765
6642.0 106.20147060163436
6642.3 113.80444750763036
6642.6 121.17229310752737
6642.9 128.2298162659572
6643.2 134.93080670581548
6643.5 141.2721544522792
6643.8 147.30935462843627
6644.1 153.17219742375892
6644.4 159.07892003282905
6644.7 165.34680174058303
6645.0 172.3970701880753
6645.3 180.75230702385306
6645.6 191.02484694868326
6645.9 203.8950451053679
6646.2 220.07806015014648
6646.5 240.27721285820007
6646.8 265.12114188075066
6647.1 295.0819385647774
6647.4 330.37340956926346
6647.7 370.8337385058403
6648.0 415.80519610643387
6648.3 464.0337710380554
6648.6 513.620109796524
6648.9 562.05573117733
6649.2 606.3711445331573
6649.5 643.4033901691437
6649.8 670.1628088951111
6650.1 684.2487117052078
6650.4 684.2406833171844
6650.7 669.9850673675537
6651.0 642.7099794149399
6651.3 604.934873342514
6651.6 560.1842957735062
6651.9 512.5583491325378
6652.2 466.2415894269943
6652.5 425.0406556725502
6652.8 392.02698427438736
6653.1 369.3306853175163
6653.4 358.0947355031967
6653.7 358.56532937288284
6654.0 370.2729759812355
6654.3 392.2520124614239
6654.6 423.2524463683367
6654.9 461.912627607584
6655.2 506.87836284935474
6655.5 556.8689209483564
6655.8 610.7007498797029
6656.1 667.2842385964468
6656.4 725.6093649053946
6656.7 784.7339061158709
6657.0 843.784337593941
6657.3 901.9766354456078
6657.6 958.6611080006696
6657.9 1013.3928577590268
6658.2 1066.0263361311518
6658.5 1116.828759027645
6658.8 1166.6019634022377
6659.1 1216.79708718881
6659.4 1269.601843835786
6659.7 1327.9782462716103
6660.0 1395.6308532729745
6660.3 1476.8924988210201
6660.6 1576.5243586301804
6660.9 1699.4371140301228
6661.2 1850.3448621630669
6661.5 2033.360798716545
6661.8 2251.5340844392776
6662.1 2506.3169202804565
6662.4 2796.9517085552216
6662.7 3119.790790081024
6663.0 3467.6123337745667
6663.3 3829.0660524368286
6663.6 4188.450922966003
6663.9 4526.055901527405
6664.2 4819.25558757782
6664.5 5044.425745010376
6664.8 5179.547888755798
6665.1 5207.151992797852
6665.4 5117.075318336487
6665.7 4908.457185268402
6666.0 4590.484495162964
6666.3 4181.642613887787
6666.6 3707.5469422340393
6666.9 3197.745704770088
6667.2 2682.103166103363
6667.5 2187.4316964149475
6667.8 1734.9361037015915
6668.1 1338.8058284521103
6668.4 1006.0129528939724
6668.7 737.1265038847923
6669.0 527.7954349294305
6669.3 370.50278863683343
6669.6 256.2432894781232
6669.9 175.88588181883097
6670.2 121.11154874414206
6670.5 84.92744251899421
6670.8 61.83235765155405
6671.1 47.74103616178036
6671.4 39.77412340324372
6671.7 35.99941902793944
6672.0 35.181459898129106
6672.3 36.56963494606316
6672.6 39.73479029699229
6672.9 44.451800230075605
6673.2 50.61964451306267
6673.5 58.20909926359309
6673.8 67.22918995589134
6674.1 77.70556742631015
6674.4 89.66605293049724
6674.7 103.13030503457503
6675.0 118.10183386161088
6675.3 134.56142254299618
6675.6 152.461553776399
6675.9 171.72177705895245
6676.2 192.22511514510936
6676.5 213.81577503449702
6676.8 236.29856366889047
6677.1 259.44038313146336
6677.4 282.9744959246458
6677.7 306.6081888212366
6678.0 330.0347450124791
6678.3 352.9506528357415
6678.6 375.0789580010023
6678.9 396.19949768218794
6679.2 416.18600879842415
6679.5 435.0492083650315
6679.8 452.9835177413188
6680.1 470.4134722072631
6680.4 488.03441223409027
6680.7 506.8411892578006
6681.0 528.1386638917029
6681.3 553.5286513380706
6681.6 584.869310900569
6681.9 624.203754991293
6682.2 673.6540611386299
6682.5 735.2744669616222
6682.8 810.8549448847771
6683.1 901.6663291454315
6683.4 1008.1445574760437
6683.7 1129.528307914734
6684.0 1263.490728378296
6684.3 1405.8373544216156
6684.6 1550.3681416511536
6684.9 1689.007194519043
6685.2 1812.2785549163818
6685.5 1910.1460700035095
6685.8 1973.148422241211
6686.1 1993.6691222190857
6686.4 1967.1142978668213
6686.7 1892.7541444301605
6687.0 1774.030555844307
6687.3 1618.2376663684845
6687.6 1435.6164380311966
6687.9 1238.0325675010681
6688.2 1037.4923664927483
6688.5 844.7709599584341
6688.8 668.3799205645919
6689.1 514.0058747380972
6689.4 384.4381975531578
6689.7 279.9050186891109
6690.0 198.6741580441594
6690.3 137.75834282115102
6690.6 93.58536932710558
6690.9 62.53922493488062
6691.2 41.329951174499
6691.5 27.1942571507534
6691.8 17.957877991488203
6692.1 12.003081990173087
6692.4 8.183954898733646
6692.7 5.7233646003951435
6693.0 4.1139955425933294
6693.3 3.035171068020645
6693.6 2.289205076388498
6693.9 1.7561505567105087
6694.2 1.3635283901835464
6694.5 1.0670976703754604
6694.8 0.8391611680300457
6695.1 0.6617011408315534
6695.4 0.522451769105885
6695.7 0.41268070728764883
6696.0 0.32593199062176836
6696.3 0.2572968979883328
6696.6 0.20297244947295923
6696.9 0.15997822185142496
6697.2 0.1259630072150726
6697.5 0.09906564817861341
6697.8 0.07781050423238484
6698.1 0.061026872617134326
6698.4 0.04778585507561741
6698.7 0.037350453811212825
6699.0 0.029136001757202747
6699.3 0.022678704862262956
6699.6 0.017610687988817382
6699.9 0.013640170839266344
6700.2 0.010535755246164867
6700.5 0.008113965646942627
6700.8 0.006229377895168043
6701.1 0.004766794492375633
6701.4 0.0036350373236197987
6701.7 0.0027620222504690763
6702.0 0.0020908413860721946
6702.3 0.0015766498213414892
6702.6 0.001184183551914981
6702.9 0.0008857809098790459
6703.2 0.0006598047007190136
6703.5 0.0004893828591324371
6703.8 0.0003614037446535461
6704.1 0.00026571555339178826
6704.4 0.00019448891127286046
6704.7 0.00014171066043346662
6705.0 0.00010278242810582793
6705.3 7.420365106462332e-5
6705.6 5.3321856919093436e-5
6705.9 3.813681699851077e-5
6706.2 2.7147519080951968e-5
6706.5 1.9233186440128036e-5
6706.8 1.356119574287231e-5
6707.1 9.516164327793506e-6
6707.4 6.645622124664047e-6
6707.7 4.6186249736614954e-6
6708.0 3.194385891641112e-6
6708.3 2.198644077689081e-6
6708.6 1.5059513714362901e-6
6708.9 1.0264833378617572e-6
6709.2 6.962647194151698e-7
6709.5 4.699762586252141e-7
6709.8 3.156848382903678e-7
6710.1 2.1101143432172338e-7
6710.4 1.4035596170128926e-7
6710.7 9.290225831817472e-8
6711.0 6.11917390082655e-8
6711.3 4.010756076051631e-8
6711.6 2.6159373016542308e-8
6711.9 1.6978370961835664e-8
6712.2 1.0965457832812041e-8
6712.5 7.0474002863258214e-9
6712.8 4.507061213470737e-9
6713.1 2.8682327999145864e-9
6713.4 1.8163918030748854e-9
6713.7 1.1446704689194732e-9
6714.0 7.177478561317245e-10
6714.3 4.4789203462809366e-10
6714.6 2.781001510450225e-10
6714.9 1.7182200670349748e-10
6715.2 1.0566040931172968e-10
6715.5 6.463338197981727e-11
6715.8 3.9348930364058177e-11
6716.1 2.3847835164958475e-11
6716.4 1.4366166242729683e-11
6716.7 8.619699572165462e-12
6717.0 5.150270401127477e-12
6717.3 3.059993447865339e-12
6717.6 1.8029538365743614e-12
6717.9 1.0630963340543809e-12
6718.2 6.249282233188047e-13
6718.5 3.6633722314341477e-13
6718.8 2.0830940325542585e-13
6719.1 1.221124167494897e-13
6719.4 7.183083338205276e-14
6719.7 3.591541669102638e-14
6720.0 2.1549248320549934e-14
6720.3 1.4366166676410552e-14
6720.6 3.073154086999551e-37
6720.9 1.4366166676410552e-14
6721.2 3.1068402931470254e-37
6721.5 3.1237818794768353e-37
6721.8 3.1407890465747756e-37
6722.1 3.157861850492785e-37
6722.4 3.1750004033347402e-37
6722.7 3.1922043687890103e-37
6723.0 3.2094741952711036e-37
6723.3 3.2268094343655117e-37
6723.6 3.2442103102799887e-37
6723.9 3.261676766962596e-37
6724.2 3.2792087483613953e-37
6724.5 3.296806310528325e-37
6724.8 3.3144693413595078e-37
6725.1 3.3321977848030053e-37
6725.4 3.3499918090146333e-37
6725.7 3.367851133734699e-37
6726.0 3.3857756468593247e-37
6726.3 3.4037655165443267e-37
6726.6 3.421820574633889e-37
6726.9 3.439940821128012e-37
6727.2 3.458126368130572e-37
6727.5 3.476376823278e-37
6727.8 3.4946920184144797e-37
6728.1 3.5130724019555197e-37
6728.4 3.531517469433673e-37
6728.7 3.550027276900878e-37
6729.0 3.5686020485648893e-37
6729.3 3.5872407754908122e-37
6729.6 3.605944354509664e-37
6729.9 3.6247121690501207e-37
6730.2 3.6435443872679977e-37
6730.5 3.6624406728516635e-37
6730.8 3.681400913697241e-37
6731.1 3.700425165856669e-37
6731.4 3.7195128127586232e-37
6731.7 3.7386646391302434e-37
6732.0 3.7578794678808196e-37
6732.3 3.777157915581676e-37
6732.6 3.796499870128936e-37
6732.9 3.8159043225877044e-37
6733.2 3.835372057685122e-37
6733.5 3.854902514901803e-37
6733.8 3.874495638185808e-37
6734.1 3.894151259381322e-37
6734.4 3.913869098228652e-37
6734.7 3.933648818416167e-37
6735.0 3.953490532047744e-37
6735.3 3.973393958863689e-37
6735.6 3.993359042812065e-37
6735.9 4.013385279425424e-37
6736.2 4.033472668703766e-37
6736.5 4.053620874335459e-37
6736.8 4.073829952372443e-37
6737.1 4.0940996225550245e-37
6737.4 4.114429156208002e-37
6737.7 4.134819001746884e-37
6738.0 4.1552684304964686e-37
6738.3 4.175777106145125e-37
6738.6 4.196345421056423e-37
6738.9 4.216972646555162e-37
6739.2 4.237658838693279e-37
6739.5 4.258403324847512e-37
6739.8 4.279205992913984e-37
6740.1 4.300066562633002e-37
6740.4 4.320984977952627e-37
6740.7 4.341960622301535e-37
6741.0 4.362993327523911e-37
6741.3 4.384082869411999e-37
6741.6 4.405228687446415e-37
6741.9 4.426430893731035e-37
6742.2 4.447688815642597e-37
6742.5 4.469002116869469e-37
6742.8 4.490370685307774e-37
6743.1 4.511794296749757e-37
6743.4 4.533271942260525e-37
6743.7 4.554804182359463e-37
6744.0 4.5763898960078e-37
6744.3 4.598029083205535e-37
6744.6 4.619721519744915e-37
6744.9 4.641466533002676e-37
6745.2 4.663263786667187e-37
6745.5 4.6851129444268166e-37
6745.8 4.707013445762179e-37
6746.1 4.7289652906732745e-37
6746.4 4.75096780653684e-37
6746.7 4.773020544937367e-37
6747.0 4.795123281667101e-37
6747.3 4.817275344102779e-37
6747.6 4.83947639593277e-37
6747.9 4.861726100845442e-37
6748.2 4.88402389832141e-37
6748.5 4.906369339945165e-37
6748.8 4.928762201508953e-37
6749.1 4.951201698285633e-37
6749.4 4.973687606067452e-37
6749.7 4.996219028023392e-37
6750.0 5.0187958520495765e-37
6750.3 5.041417517626619e-37
6750.6 5.064083800546766e-37
6750.9 5.086793579771245e-37
6751.2 5.10954674319618e-37
6751.5 5.132342618198308e-37
6751.8 5.155180980569874e-37
6752.1 5.1780608213759836e-37
6752.4 5.200981916408883e-37
6752.7 5.223943705149187e-37
6753.0 5.246945627077509e-37
6753.3 5.269987121674463e-37
6753.6 5.2930678526284185e-37
6753.9 5.316186474692849e-37
6754.2 5.33934321207551e-37
6754.5 5.362537055841506e-37
6754.8 5.385767781783082e-37
6755.1 5.4090346051731e-37
6755.4 5.432336629180542e-37
6755.7 5.455673517493776e-37
6756.0 5.479044709593417e-37
6756.3 5.50244919654457e-37
6756.6 5.525886978347235e-37
6756.9 5.549357046066519e-37
6757.2 5.57285861497528e-37
6757.5 5.596391236658011e-37
6757.8 5.619954462699203e-37
6758.1 5.643547172060084e-37
6758.4 5.667168804221269e-37
6758.7 5.690818910767249e-37
6759.0 5.71449648276313e-37
6759.3 5.73820118389728e-37
6759.6 5.761932229442559e-37
6759.9 5.785688834671828e-37
6760.2 5.8094701027540685e-37
6760.5 5.833275473169896e-37
6760.8 5.857104273296046e-37
6761.1 5.880955830509258e-37
6761.4 5.904829135874635e-37
6761.7 5.928724077288302e-37
6762.0 5.952638973192101e-37
6762.3 5.9765734872744e-37
6762.6 6.000527171119691e-37
6762.9 6.024498903689203e-37
6763.2 6.048487788151918e-37
6763.5 6.072493151884574e-37
6763.8 6.096514546471661e-37
6764.1 6.1205510750821634e-37
6764.4 6.144601504573432e-37
6764.7 6.168665162322203e-37
6765.0 6.192741599912969e-37
6765.3 6.216829472099204e-37
6765.6 6.2409283304654e-37
6765.9 6.265037278180538e-37
6766.2 6.289155642621357e-37
6766.5 6.31328207854133e-37
6766.8 6.337416025421072e-37
6767.1 6.361556586429566e-37
6767.4 6.385703201047425e-37
6767.7 6.409854299820371e-37
6768.0 6.434009770644525e-37
6768.3 6.45816793196173e-37
6768.6 6.4823288958758645e-37
6768.9 6.506490756621016e-37
6769.2 6.530653402093307e-37
6769.5 6.5548151507345814e-37
6769.8 6.578975890440961e-37
6770.1 6.603134275965921e-37
6770.4 6.627289298374567e-37
6770.7 6.651440172939758e-37
6771.0 6.6755862270382315e-37
6771.3 6.699726115423462e-37
6771.6 6.723858829160556e-37
6771.9 6.747983583522372e-37
6772.2 6.772099481677893e-37
6772.5 6.7962059631077345e-37
6772.8 6.820301122045984e-37
6773.1 6.844384958492642e-37
6773.4 6.868455790889551e-37
6773.7 6.892512610301816e-37
6774.0 6.91655496831393e-37
6774.3 6.940581631783243e-37
6774.6 6.96459125546323e-37
6774.9 6.988583390938383e-37
6775.2 7.012556805066052e-37
6775.5 7.036510488911343e-37
6775.8 7.060443097227731e-37
6776.1 7.084354293703584e-37
6776.4 7.108242396780745e-37
6776.7 7.132106733835951e-37
6777.0 7.155946408038184e-37
6777.3 7.179759737829289e-37
6777.6 7.203546611105387e-37
6777.9 7.227304897892813e-37
6778.2 2.0280652157644852e-14
6778.5 7.274734142547368e-37
6778.8 2.0280652157644852e-14
6779.1 2.0280652157644852e-14
6779.4 2.0280652157644852e-14
6779.7 4.0561304315289703e-14
6780.0 8.112260863057941e-14
6780.3 1.0140326078822426e-13
6780.6 1.6224521726115881e-13
6780.9 2.2308717373409337e-13
6781.2 3.7786491846258864e-13
6781.5 5.232868732158103e-13
6781.8 7.960778030754485e-13
6782.1 1.1481903458083798e-12
6782.4 1.7834845691353527e-12
6782.7 2.580441567210821e-12
6783.0 3.8728224336977705e-12
6783.3 5.7304243324113454e-12
6783.6 8.516154602969666e-12
6783.9 1.2648286122788146e-11
6784.2 1.8933357071255508e-11
6784.5 2.80114399436905e-11
6784.8 4.1884422689661004e-11
6785.1 6.263976647239079e-11
6785.4 9.384761117283948e-11
6785.7 1.4109302045552235e-10
6786.0 2.1278355635316696e-10
6786.3 3.2218078100780003e-10
6786.6 4.894178719103868e-10
6786.9 7.464784282199275e-10
6787.2 1.142626242196914e-9
6787.5 1.7551984909441427e-9
6787.8 2.7050238519233986e-9
6788.1 4.18079590781582e-9
6788.4 6.478263195791336e-9
6788.7 1.0058665250784645e-8
6789.0 1.5641841157887743e-8
6789.3 2.434939260545274e-8
6789.6 3.7923871454211225e-8
6789.9 5.906803839775597e-8
6790.2 9.196015801844396e-8
6790.5 1.4304320949926248e-7
6790.8 2.2221761045094414e-7
6791.1 3.446481827802458e-7
6791.4 5.334795992943518e-7
6791.7 8.239054719518176e-7
6792.0 1.2692417067404084e-6
6792.3 1.9499403077191762e-6
6792.6 2.986921901922012e-6
6792.9 4.561196484290363e-6
6793.2 6.942608941960384e-6
6793.5 1.0531760040890353e-5
6793.8 1.5920850059906644e-5
6794.1 2.398157476259667e-5
6794.4 3.5991477366651194e-5
6794.7 5.381470819514486e-5
6795.0 8.015933439111837e-5
6795.3 0.00011894174565837046
6795.6 0.0001758001329044632
6795.9 0.0002588141621857107
6796.2 0.0003795083486097443
6796.5 0.0005542431476072628
6796.8 0.0008061330785884528
6797.1 0.0011676760349377637
6797.4 0.0016843364610304265
6797.7 0.0024193987189139177
6798.0 0.0034604998675041325
6798.3 0.004928366390137569
6798.6 0.006988420885007384
6798.9 0.009866094082086352
6799.2 0.013866883016225224
6799.5 0.019402430873320903
6799.8 0.02702417450387476
6800.1 0.03746640923526992
6800.4 0.05170094568517367
6800.7 0.0710058741254231
6801.0 0.09705128542698425
6801.3 0.13200509973127192
6801.6 0.17866239764328723
6801.9 0.24060178481605693
6802.2 0.32237226909295724
6802.5 0.42971389116650555
6802.8 0.5698147668165114
6803.1 0.7516063213033363
6803.4 0.9860970157855221
6803.7 1.2867429951874427
6804.0 1.6698517111453852
6804.3 2.1550111721472223
6804.6 2.765534376384252
6804.9 3.52890311677126
6805.2 4.4771921143013715
6805.5 5.647448523481808
6805.8 7.0819963608864
6806.1 8.828632458930416
6806.4 10.940675531075462
6806.7 13.476825536060176
6807.0 16.500791940443218
6807.3 20.08065034546192
6807.6 24.28788480540223
6807.9 29.196087423881288
6808.2 34.87929035909117
6808.5 41.40992205970306
6808.8 48.85638722906976
6809.1 57.28030874021132
6809.4 66.73346486607468
6809.7 77.25451498519195
6810.0 88.86558902254329
6810.3 101.56890726238159
6810.6 115.34355210772452
6810.9 130.14261123383787
6811.2 145.89091715949144
6811.5 162.48365834022485
6811.8 179.78617916237806
6812.1 197.63539314055606
6812.4 215.8433097868243
6812.7 234.20330019342123
6813.0 252.49982055929058
6813.3 270.522373988415
6813.6 288.08438033818675
6813.9 305.04733019815467
6814.2 321.3497947807191
6814.5 337.03982751403237
6814.8 352.30790992837865
6815.1 367.51582680200227
6815.4 383.21609443053603
6815.7 400.1559419874102
6816.0 419.26127364486456
6816.3 441.59857058152556
6816.6 468.31615863740444
6816.9 500.569535382092
6817.2 539.43695949018
6817.5 585.8300552070141
6817.8 640.3997784256935
6818.1 703.4329871535301
6818.4 774.7316557168961
6818.7 853.4703084230423
6819.0 938.0389232635498
6819.3 1025.8979165554047
6819.6 1113.4925906658173
6819.9 1196.2877416610718
6820.2 1268.979215145111
6820.5 1325.9120664596558
6820.8 1361.6876249313354
6821.1 1371.8840579986572
6821.4 1353.7659668922424
6821.7 1306.8354051113129
6822.0 1233.092425107956
6822.3 1136.9264011383057
6822.6 1024.6388504505157
6822.9 903.6800599098206
6823.2 781.7432185411453
6823.5 665.8838517665863
6823.8 561.814083814621
6824.1 473.4699808359146
6824.4 402.8827829360962
6824.7 350.32171934843063
6825.0 314.6319772005081
6825.3 293.67324739694595
6825.6 284.77040660381317
6825.9 285.10979574918747
6826.2 292.04260520637035
6826.5 303.2828042730689
6826.8 317.00598718598485
6827.1 331.8666654936969
6827.4 346.9562670625746
6827.7 361.7245149612427
6828.0 375.8850198420696
6828.3 389.322583575733
6828.6 402.0155811168952
6828.9 413.981736881542
6829.2 425.2501606774167
6829.5 435.85725180988084
6829.8 445.8598686730402
6830.1 455.3564121220079
6830.4 464.5061117149162
6830.7 473.5381454197732
6831.0 482.7452982976979
6831.3 492.46063028653816
6831.6 503.01925559049374
6831.9 514.7101620554952
6832.2 527.7239988305133
6832.5 542.1027001695529
6832.8 557.6953911227424
6833.1 574.1236592923101
6833.4 590.758973315506
6833.7 606.7159386142217
6834.0 620.8672157616087
6834.3 631.8877761320917
6834.6 638.3355217966512
6834.9 638.7713072928725
6835.2 631.9127284895752
6835.5 616.8054846529
6835.8 592.9856326581298
6836.1 560.6007403135701
6836.4 520.4602259993678
6836.7 473.9962012171784
6837.0 423.1335177421581
6837.3 370.0874902606014
6837.6 317.1233771443368
6837.9 266.31976386904716
6838.2 219.37530207633972
6838.5 177.48672642558813
6838.8 141.30919959582388
6839.1 110.9926028046757
6839.4 86.27426750492305
6839.7 66.60186643293127
6840.0 51.26068024337292
6840.3 39.48503384855576
6840.6 30.542092808987945
6840.9 23.78453579498455
6841.2 18.675070842000423
6841.5 14.789479539147578
6841.8 11.805959964622161
6842.1 9.487752481851203
6842.4 7.664230987120391
6842.7 6.21365237023565
6843.0 5.049052108086471
6843.3 4.107580910109391
6843.6 3.3429129674782416
6843.9 2.720071638825175
6844.2 2.2120085623348587
6844.5 1.7973684618209518
6844.8 1.4590231271498624
6845.1 1.1830857974755276
6845.4 0.958222581699701
6845.7 0.7751497173220709
6846.0 0.6262505535130103
6846.3 0.5052741989222502
6846.6 0.4070922573215218
6846.9 0.32750059301478257
6847.2 0.2630557396189462
6847.5 0.21094013712818016
6847.8 0.1688505232012684
6848.1 0.13490582325408257
6848.4 0.10757107977025616
6848.7 0.08559479352475483
6849.0 0.06795735805275975
6849.3 0.05382872915243674
6849.6 0.04253370351372834
6849.9 0.03352349356421309
6850.2 0.026352465347133678
6850.5 0.020659137093799986
6850.8 0.016150640257816942
6851.1 0.012590028806996096
6851.4 0.009785916678238905
6851.7 0.007583998180309153
6852.0 0.005860126891413151
6852.3 0.004514650655005481
6852.6 0.003467783894937628
6852.9 0.0026558236427516825
6853.2 0.0020280581200596394
6853.5 0.0015442448686761403
6853.8 0.0011725539883052066
6854.1 0.0008878966819695402
6854.4 0.000670566826926587
6854.7 0.0005051424529084287
6855.0 0.00037959844428389947
6855.3 0.00028459310414643494
6855.6 0.000212896139125195
6855.9 0.00015893208825442466
6856.2 0.00011841718994971195
6856.5 8.807194970200788e-5
6856.8 6.539445777525049e-5
6857.1 4.8482493922064626e-5
6857.4 3.589454274411664e-5
6857.7 2.6541639710901573e-5
6858.0 1.960359350153576e-5
6858.3 1.4464411512424433e-5
6858.6 1.0662672445685452e-5
6858.9 7.853599132336036e-6
6859.2 5.780149983036699e-6
6859.5 4.251089885232142e-6
6859.8 3.1244093923817563e-6
6860.1 2.2948275997139483e-6
6860.4 1.6844073938114537e-6
6860.7 1.235527164697973e-6
6861.0 9.056325488579217e-7
6861.3 6.633249004564332e-7
6861.6 4.854559979421854e-7
6861.9 3.5497068418420505e-7
6862.2 2.593104565538554e-7
6862.5 1.8923247264211437e-7
6862.8 1.3793671323547735e-7
6863.1 1.0042276963818494e-7
6863.4 7.301478788322787e-8
6863.7 5.3012096408278354e-8
6864.0 3.8431191135757875e-8
6864.3 2.781612309527015e-8
6864.6 2.0099093537828672e-8
6864.9 1.4497293945370777e-8
6865.2 1.0437406099879048e-8
6865.5 7.500013492951445e-9
6865.8 5.378487766272144e-9
6866.1 3.849202567796084e-9
6866.4 2.748924664286445e-9
6866.7 1.9588366970135773e-9
6867.0 1.392800118293902e-9
6867.3 9.88052011735574e-10
6867.6 6.993168049848619e-10
6867.9 4.937989808717624e-10
6868.2 3.4785032363218726e-10
6868.5 2.4447850124550974e-10
6868.8 1.7139634920755945e-10
6869.1 1.1982890238881536e-10
6869.4 8.362429108552116e-11
6869.7 5.821248100527573e-11
