6165.0 0.0
6165.3 0.0
6165.6 0.0
6165.9 0.0
6166.2 0.0
6166.5 0.0
6166.8 0.0
6167.1 0.0
6167.4 0.0
6167.7 0.0
6168.0 0.0
6168.3 0.0
6168.6 0.0
6168.9 0.0
6169.2 0.0
6169.5 0.0
6169.8 0.0
6170.1 0.0
6170.4 0.0
6170.7 0.0
6171.0 0.0
6171.3 0.0
6171.6 0.0
6171.9 0.0
6172.2 0.0
6172.5 0.0
6172.8 0.0
6173.1 0.0
6173.4 0.0
6173.7 0.0
6174.0 0.0
6174.3 0.0
6174.6 0.0
6174.9 0.0
6175.2 0.0
6175.5 0.0
6175.8 0.0
6176.1 0.0
6176.4 0.0
6176.7 0.0
6177.0 0.0
6177.3 0.0
6177.6 0.0
6177.9 0.0
6178.2 0.0
6178.5 0.0
6178.8 0.0
6179.1 0.0
6179.4 0.0
6179.7 0.0
6180.0 0.0
6180.3 0.0
6180.6 0.0
6180.9 0.0
6181.2 0.0
6181.5 0.0
6181.8 0.0
6182.1 0.0
6182.4 0.0
6182.7 0.0
6183.0 0.0
6183.3 0.0
6183.6 0.0
6183.9 0.0
6184.2 0.0
6184.5 0.0
6184.8 0.0
6185.1 0.0
6185.4 0.0
6185.7 0.0
6186.0 0.0
6186.3 0.0
6186.6 0.0
6186.9 0.0
6187.2 0.0
6187.5 0.0
6187.8 0.0
6188.1 0.0
6188.4 0.0
6188.7 0.0
6189.0 0.0
6189.3 0.0
6189.6 0.0
6189.9 0.0
6190.2 0.0
6190.5 0.0
6190.8 0.0
6191.1 0.0
6191.4 0.0
6191.7 0.0
6192.0 0.0
6192.3 0.0
6192.6 0.0
6192.9 0.0
6193.2 0.0
6193.5 0.0
6193.8 0.0
6194.1 0.0
6194.4 0.0
6194.7 0.0
6195.0 0.0
6195.3 0.0
6195.6 0.0
6195.9 0.0
6196.2 0.0
6196.5 0.0
6196.8 0.0
6197.1 0.0
6197.4 0.0
6197.7 0.0
6198.0 0.0
6198.3 0.0
6198.6 0.0
6198.9 0.0
6199.2 0.0
6199.5 0.0
6199.8 0.0
6200.1 0.0
6200.4 0.0
6200.7 0.0
6201.0 0.0
6201.3 0.0
6201.6 0.0
6201.9 0.0
6202.2 0.0
6202.5 0.0
6202.8 0.0
6203.1 0.0
6203.4 0.0
6203.7 0.0
6204.0 0.0
6204.3 0.0
6204.6 0.0
6204.9 0.0
6205.2 0.0
6205.5 0.0
6205.8 0.0
6206.1 0.0
6206.4 0.0
6206.7 0.0
6207.0 0.0
6207.3 0.0
6207.6 0.0
6207.9 0.0
6208.2 0.0
6208.5 0.0
6208.8 0.0
6209.1 0.0
6209.4 0.0
6209.7 0.0
6210.0 0.0
6210.3 0.0
6210.6 0.0
6210.9 0.0
6211.2 0.0
6211.5 0.0
6211.8 0.0
6212.1 0.0
6212.4 0.0
6212.7 0.0
6213.0 0.0
6213.3 0.0
6213.6 0.0
6213.9 0.0
6214.2 0.0
6214.5 0.0
6214.8 0.0
6215.1 0.0
6215.4 0.0
6215.7 0.0
6216.0 0.0
6216.3 0.0
6216.6 0.0
6216.9 0.0
6217.2 0.0
6217.5 0.0
6217.8 0.0
6218.1 0.0
6218.4 0.0
6218.7 0.0
6219.0 0.0
6219.3 0.0
6219.6 0.0
6219.9 0.0
6220.2 0.0
6220.5 0.0
6220.8 0.0
6221.1 0.0
6221.4 0.0
6221.7 0.0
6222.0 0.0
6222.3 0.0
6222.6 0.0
6222.9 0.0
6223.2 0.0
6223.5 0.0
6223.8 0.0
6224.1 0.0
6224.4 0.0
6224.7 0.0
6225.0 0.0
6225.3 0.0
6225.6 0.0
6225.9 0.0
6226.2 0.0
6226.5 0.0
6226.8 0.0
6227.1 0.0
6227.4 0.0
6227.7 0.0
6228.0 0.0
6228.3 0.0
6228.6 0.0
6228.9 0.0
6229.2 0.0
6229.5 0.0
6229.8 0.0
6230.1 0.0
6230.4 0.0
6230.7 0.0
6231.0 0.0
6231.3 0.0
6231.6 0.0
6231.9 0.0
6232.2 0.0
6232.5 0.0
6232.8 0.0
6233.1 0.0
6233.4 0.0
6233.7 0.0
6234.0 0.0
6234.3 0.0
6234.6 0.0
6234.9 0.0
6235.2 0.0
6235.5 0.0
6235.8 0.0
6236.1 0.0
6236.4 0.0
6236.7 0.0
6237.0 0.0
6237.3 0.0
6237.6 0.0
6237.9 0.0
6238.2 0.0
6238.5 0.0
6238.8 0.0
6239.1 0.0
6239.4 0.0
6239.7 0.0
6240.0 0.0
6240.3 0.0
6240.6 0.0
6240.9 0.0
6241.2 0.0
6241.5 0.0
6241.8 0.0
6242.1 0.0
6242.4 0.0
6242.7 0.0
6243.0 0.0
6243.3 0.0
6243.6 0.0
6243.9 0.0
6244.2 0.0
6244.5 0.0
6244.8 0.0
6245.1 0.0
6245.4 0.0
6245.7 0.0
6246.0 0.0
6246.3 0.0
6246.6 0.0
6246.9 0.0
6247.2 0.0
6247.5 0.0
6247.8 0.0
6248.1 0.0
6248.4 0.0
6248.7 0.0
6249.0 0.0
6249.3 0.0
6249.6 0.0
6249.9 0.0
6250.2 0.0
6250.5 0.0
6250.8 0.0
6251.1 0.0
6251.4 0.0
6251.7 0.0
6252.0 0.0
6252.3 0.0
6252.6 0.0
6252.9 0.0
6253.2 0.0
6253.5 0.0
6253.8 0.0
6254.1 0.0
6254.4 0.0
6254.7 0.0
6255.0 0.0
6255.3 0.0
6255.6 0.0
6255.9 0.0
6256.2 0.0
6256.5 0.0
6256.8 0.0
6257.1 0.0
6257.4 0.0
6257.7 0.0
6258.0 0.0
6258.3 0.0
6258.6 0.0
6258.9 0.0
6259.2 0.0
6259.5 0.0
6259.8 0.0
6260.1 0.0
6260.4 0.0
6260.7 0.0
6261.0 0.0
6261.3 0.0
6261.6 0.0
6261.9 0.0
6262.2 0.0
6262.5 0.0
6262.8 0.0
6263.1 0.0
6263.4 0.0
6263.7 0.0
6264.0 0.0
6264.3 0.0
6264.6 0.0
6264.9 0.0
6265.2 0.0
6265.5 0.0
6265.8 0.0
6266.1 0.0
6266.4 0.0
6266.7 0.0
6267.0 0.0
6267.3 0.0
6267.6 0.0
6267.9 0.0
6268.2 0.0
6268.5 0.0
6268.8 0.0
6269.1 0.0
6269.4 0.0
6269.7 0.0
6270.0 0.0
6270.3 0.0
6270.6 0.0
6270.9 0.0
6271.2 0.0
6271.5 0.0
6271.8 0.0
6272.1 0.0
6272.4 0.0
6272.7 0.0
6273.0 0.0
6273.3 0.0
6273.6 0.0
6273.9 0.0
6274.2 0.0
6274.5 0.0
6274.8 0.0
6275.1 0.0
6275.4 0.0
6275.7 0.0
6276.0 0.0
6276.3 0.0
6276.6 0.0
6276.9 0.0
6277.2 0.0
6277.5 0.0
6277.8 0.0
6278.1 0.0
6278.4 0.0
6278.7 0.0
6279.0 0.0
6279.3 0.0
6279.6 0.0
6279.9 0.0
6280.2 0.0
6280.5 0.0
6280.8 0.0
6281.1 0.0
6281.4 0.0
6281.7 0.0
6282.0 0.0
6282.3 0.0
6282.6 0.0
6282.9 0.0
6283.2 0.0
6283.5 0.0
6283.8 0.0
6284.1 0.0
6284.4 0.0
6284.7 0.0
6285.0 0.0
6285.3 0.0
6285.6 0.0
6285.9 0.0
6286.2 0.0
6286.5 0.0
6286.8 0.0
6287.1 0.0
6287.4 0.0
6287.7 0.0
6288.0 0.0
6288.3 0.0
6288.6 0.0
6288.9 0.0
6289.2 0.0
6289.5 0.0
6289.8 0.0
6290.1 0.0
6290.4 0.0
6290.7 0.0
6291.0 0.0
6291.3 0.0
6291.6 0.0
6291.9 0.0
6292.2 0.0
6292.5 0.0
6292.8 0.0
6293.1 0.0
6293.4 0.0
6293.7 0.0
6294.0 0.0
6294.3 0.0
6294.6 0.0
6294.9 0.0
6295.2 0.0
6295.5 0.0
6295.8 0.0
6296.1 0.0
6296.4 0.0
6296.7 0.0
6297.0 0.0
6297.3 0.0
6297.6 0.0
6297.9 0.0
6298.2 0.0
6298.5 0.0
6298.8 0.0
6299.1 0.0
6299.4 0.0
6299.7 0.0
6300.0 0.0
6300.3 0.0
6300.6 0.0
6300.9 0.0
6301.2 0.0
6301.5 0.0
6301.8 0.0
6302.1 0.0
6302.4 0.0
6302.7 0.0
6303.0 0.0
6303.3 0.0
6303.6 0.0
6303.9 0.0
6304.2 0.0
6304.5 0.0
6304.8 0.0
6305.1 0.0
6305.4 0.0
6305.7 0.0
6306.0 0.0
6306.3 0.0
6306.6 0.0
6306.9 0.0
6307.2 0.0
6307.5 0.0
6307.8 0.0
6308.1 0.0
6308.4 0.0
6308.7 0.0
6309.0 0.0
6309.3 0.0
6309.6 0.0
6309.9 0.0
6310.2 0.0
6310.5 0.0
6310.8 0.0
6311.1 0.0
6311.4 0.0
6311.7 0.0
6312.0 0.0
6312.3 0.0
6312.6 0.0
6312.9 0.0
6313.2 0.0
6313.5 0.0
6313.8 0.0
6314.1 0.0
6314.4 0.0
6314.7 0.0
6315.0 0.0
6315.3 0.0
6315.6 0.0
6315.9 0.0
6316.2 0.0
6316.5 0.0
6316.8 0.0
6317.1 0.0
6317.4 0.0
6317.7 0.0
6318.0 0.0
6318.3 0.0
6318.6 0.0
6318.9 0.0
6319.2 0.0
6319.5 0.0
6319.8 0.0
6320.1 0.0
6320.4 0.0
6320.7 0.0
6321.0 0.0
6321.3 0.0
6321.6 0.0
6321.9 0.0
6322.2 0.0
6322.5 0.0
6322.8 0.0
6323.1 0.0
6323.4 0.0
6323.7 0.0
6324.0 0.0
6324.3 0.0
6324.6 0.0
6324.9 0.0
6325.2 0.0
6325.5 0.0
6325.8 0.0
6326.1 0.0
6326.4 0.0
6326.7 0.0
6327.0 0.0
6327.3 0.0
6327.6 0.0
6327.9 0.0
6328.2 0.0
6328.5 0.0
6328.8 0.0
6329.1 0.0
6329.4 0.0
6329.7 0.0
6330.0 0.0
6330.3 0.0
6330.6 0.0
6330.9 0.0
6331.2 0.0
6331.5 0.0
6331.8 0.0
6332.1 0.0
6332.4 0.0
6332.7 0.0
6333.0 0.0
6333.3 0.0
6333.6 0.0
6333.9 0.0
6334.2 0.0
6334.5 0.0
6334.8 0.0
6335.1 0.0
6335.4 0.0
6335.7 0.0
6336.0 0.0
6336.3 0.0
6336.6 0.0
6336.9 0.0
6337.2 0.0
6337.5 0.0
6337.8 0.0
6338.1 0.0
6338.4 0.0
6338.7 0.0
6339.0 0.0
6339.3 0.0
6339.6 0.0
6339.9 0.0
6340.2 0.0
6340.5 0.0
6340.8 0.0
6341.1 0.0
6341.4 0.0
6341.7 0.0
6342.0 0.0
6342.3 0.0
6342.6 0.0
6342.9 0.0
6343.2 0.0
6343.5 0.0
6343.8 0.0
6344.1 0.0
6344.4 0.0
6344.7 0.0
6345.0 0.0
6345.3 0.0
6345.6 0.0
6345.9 0.0
6346.2 0.0
6346.5 0.0
6346.8 0.0
6347.1 0.0
6347.4 0.0
6347.7 0.0
6348.0 0.0
6348.3 0.0
6348.6 0.0
6348.9 0.0
6349.2 0.0
6349.5 0.0
6349.8 0.0
6350.1 0.0
6350.4 0.0
6350.7 0.0
6351.0 0.0
6351.3 0.0
6351.6 0.0
6351.9 0.0
6352.2 0.0
6352.5 0.0
6352.8 0.0
6353.1 0.0
6353.4 0.0
6353.7 0.0
6354.0 0.0
6354.3 0.0
6354.6 0.0
6354.9 0.0
6355.2 0.0
6355.5 0.0
6355.8 0.0
6356.1 0.0
6356.4 0.0
6356.7 0.0
6357.0 0.0
6357.3 0.0
6357.6 2.5102619720433978e-15
6357.9 2.5102619720433978e-15
6358.2 0.0
6358.5 1.7831970539658026e-14
6358.8 2.2852494907261295e-14
6359.1 5.2227592012326273e-14
6359.4 8.185924396216979e-14
6359.7 1.7194287354559254e-13
6360.0 3.1436713232342736e-13
6360.3 5.470067176320218e-13
6360.6 1.0072023585004963e-12
6360.9 1.7945390416523348e-12
6361.2 3.293700216495745e-12
6361.5 5.846902038979716e-12
6361.8 1.0467869145865386e-11
6362.1 1.8483079349542588e-11
6362.4 3.25848413850746e-11
6362.7 5.7046852364218834e-11
6363.0 9.948984095416912e-11
6363.3 1.725023594470117e-10
6363.6 2.976026674275576e-10
6363.9 5.10753001097094e-10
6364.2 8.721341573666439e-10
6364.5 1.4812903296360054e-9
6364.8 2.5031854651616843e-9
6365.1 4.207904086697187e-9
6365.4 7.03719112462588e-9
6365.7 1.170801817122337e-8
6366.0 1.937835237867244e-8
6366.3 3.1908244595583496e-8
6366.6 5.226862111381169e-8
6366.9 8.517873583905929e-8
6367.2 1.380941846343261e-7
6367.5 2.227273146357069e-7
6367.8 3.573773417527421e-7
6368.1 5.704748524776439e-7
6368.4 9.059479953209844e-7
6368.7 1.4312928194789822e-6
6369.0 2.2496425328923223e-6
6369.3 3.5177081133674555e-6
6369.6 5.4722875015641786e-6
6369.9 8.469200919331797e-6
6370.2 1.3040135872456563e-5
6370.5 1.997513196478564e-5
6370.8 3.0441549255370293e-5
6371.1 4.615460954689242e-5
6371.4 6.962034829329041e-5
6371.7 0.00010447960002024875
6372.0 0.00015599195031630207
6372.3 0.00023171233295620972
6372.6 0.00034243086023368264
6372.9 0.0005034698950846116
6373.2 0.0007364622737414064
6373.5 0.001071772968672096
6373.8 0.0015517743479924026
6374.1 0.0022352454289895447
6374.4 0.003203237965850707
6374.7 0.004566842878583312
6375.0 0.0064773936644312215
6375.3 0.009139769151361757
6375.6 0.012829600294840201
6375.9 0.01791534033877607
6376.2 0.024886334207863136
6376.5 0.034388205425451124
6376.8 0.04726705340944107
6377.1 0.06462413483025613
6377.4 0.08788284795329734
6377.7 0.11886993756432887
6378.0 0.15991292147690953
6378.3 0.21395566698309423
6378.6 0.2846939676472768
6378.9 0.376732817305936
6379.2 0.4957667168267448
6379.5 0.648784084907094
6379.8 0.8442966305210875
6380.1 1.0925941969111053
6380.4 1.4060258620947887
6380.7 1.7993082511118508
6381.0 2.2898633925183387
6381.3 2.898189589128352
6381.6 3.6482718311683406
6381.9 4.568040704596697
6382.2 5.6898924816343595
6382.5 7.0512867517696804
6382.8 8.695438879099584
6383.1 10.672126607565588
6383.4 13.038621328513727
6383.7 15.860746448603095
6384.0 19.214039601971308
6384.3 23.184960994645735
6384.6 27.872037478715356
6384.9 33.38676435938396
6385.2 39.85401189395634
6385.5 47.411599852785
6385.8 56.20864939398598
6386.1 66.40229741425719
6386.4 78.15238398930524
6386.7 91.61381282983348
6387.0 106.92643061373383
6387.3 124.20240173861384
6387.6 143.51119974721223
6387.9 164.8624758310616
6388.2 188.18720982037485
6388.5 213.31788820773363
6388.8 239.96906615793705
6389.1 267.7205449566245
6389.4 296.0067011862993
6389.7 324.1164764612913
6390.0 351.2089902162552
6390.3 376.34901317954063
6390.6 398.5637506246567
6390.9 416.91854614019394
6391.2 430.603973031044
6391.5 439.0222018957138
6391.8 441.85820615291595
6392.1 439.12182354927063
6392.4 431.1510663032532
6392.7 418.574027299881
6393.0 402.2350050210953
6393.3 383.0973924398422
6393.6 362.1400349140167
6393.9 340.2639684677124
6394.2 318.2226747274399
6394.5 296.58308386802673
6394.8 275.71774047613144
6395.1 255.8229342699051
6395.4 236.9542642235756
6395.7 219.0700786113739
6396.0 202.07462987303734
6396.3 185.85493949055672
6396.6 170.30832090973854
6396.9 155.35969591140747
6397.2 140.96955966204405
6397.5 127.13437751680613
6397.8 113.88150553777814
6398.1 101.26073664799333
6398.4 89.33430784195662
6398.7 78.16690206574276
6399.0 67.8168110200204
6399.3 58.32902343268506
6399.6 49.73064144421369
6399.9 42.0286776398425
6400.2 35.21001294949383
6400.5 29.243096418053028
6400.8 24.080870679168584
6401.1 19.664402885953677
6401.4 15.926741497860348
6401.7 12.796622604976164
6402.0 10.201758455164622
6402.3 8.071553874858466
6402.6 6.339181785746419
6402.9 4.943032019049646
6403.2 3.827589230208897
6403.5 2.9438287217853683
6403.8 2.249229778833792
6404.1 1.7075060657187056
6404.4 1.2881451009223364
6404.7 0.9658326389813088
6405.0 0.7198260230917982
6405.3 0.5333219996269322
6405.6 0.39285253186569025
6405.9 0.28772936167435725
6406.2 0.209548786499398
6406.5 0.1517610196055345
6406.8 0.10930348554706373
6407.1 0.0782940071094058
6407.4 0.055778129993615956
6407.7 0.03952384853205544
6408.0 0.027856880883814363
6408.3 0.019529964236171458
6408.6 0.013620205393880426
6408.9 0.009449234849723258
6409.2 0.006521657208408942
6409.5 0.00447801065677343
6409.8 0.0030591129839154766
6410.1 0.0020792474703204764
6410.4 0.0014061563869423406
6410.7 0.0009462231603551397
6411.0 0.0006335789201392711
6411.3 0.00042215163261545736
6411.6 0.0002799038005663118
6411.9 0.000184685129834012
6412.2 0.00012126802917951244
6412.5 7.924255718387996e-5
6412.8 5.153151588381977e-5
6413.1 3.3349715651483e-5
6413.4 2.1479125695026784e-5
6413.7 1.3767177593616972e-5
6414.0 8.781602658836551e-6
6414.3 5.574401482538904e-6
6414.6 3.5213706084222713e-6
6414.9 2.21363654550705e-6
6415.2 1.3847545760652989e-6
6415.5 8.619876603215533e-7
6415.8 5.339244659750258e-7
6416.1 3.290769371415113e-7
6416.4 2.018095212243507e-7
6416.7 1.2314017690466928e-7
6417.0 7.475824104415407e-8
6417.3 4.515506030018979e-8
6417.6 2.713493789860997e-8
6417.9 1.6222370744769564e-8
6418.2 9.648400260752472e-9
6418.5 5.708690342882403e-9
6418.8 3.3601697712416717e-9
6419.1 1.967610449429814e-9
6419.4 1.1464755011773296e-9
6419.7 6.650080071875665e-10
6420.0 3.845573585409146e-10
6420.3 2.2256912512819326e-10
6420.6 1.30361024045493e-10
6420.9 7.936533854023325e-11
6421.2 5.341626108859605e-11
6421.5 4.3627104047377045e-11
6421.8 4.5643001590279113e-11
6422.1 5.865400156950204e-11
6422.4 8.415331647582333e-11
6422.7 1.26440878870896e-10
6423.0 1.9282128608317399e-10
6423.3 2.9488800323747344e-10
6423.6 4.503717085696392e-10
6423.9 6.857773629379697e-10
6424.2 1.0403864452988113e-9
6424.5 1.5723567451502396e-9
6424.8 2.367197917736889e-9
6425.1 3.5498637323167156e-9
6425.4 5.302548801912885e-9
6425.7 7.889710506733762e-9
6426.0 1.1693260151230044e-8
6426.3 1.7263013706770017e-8
6426.6 2.538641058899351e-8
6426.9 3.718732457251297e-8
6427.2 5.4262600891541265e-8
6427.5 7.887176077115917e-8
6427.8 1.1419923941785342e-7
6428.1 1.6471402245730856e-7
6428.4 2.3666260180545354e-7
6428.7 3.387407000112224e-7
6429.0 4.830053801596504e-7
6429.3 6.861081681473616e-7
6429.6 9.709566106023273e-7
6429.9 1.3689443609408915e-6
6430.2 1.922933439344967e-6
6430.5 2.6912305157485675e-6
6430.8 3.7528696119932034e-6
6431.1 5.214614593195506e-6
6431.4 7.220209272042102e-6
6431.7 9.96257911832313e-6
6432.0 1.3699886923573202e-5
6432.3 1.8776617962786832e-5
6432.6 2.5651259369492106e-5
6432.9 3.493256858008389e-5
6433.2 4.742709185751406e-5
6433.5 6.42013908923889e-5
6433.8 8.666356823023364e-5
6434.1 0.00011667007223466304
6434.4 0.0001566656829949549
6434.7 0.00020986725207741453
6435.0 0.0002805048269721178
6435.3 0.0003741386142661286
6435.6 0.0004980755171067237
6435.9 0.0006619173144133852
6436.2 0.000878281661154298
6436.5 0.0011637504937304366
6436.8 0.0015401169076949821
6437.1 0.0020360225519953524
6437.4 0.002689104040932074
6437.7 0.0035488018003544826
6438.0 0.004680024563430788
6438.3 0.006167915052524284
6438.6 0.008124026250790102
6438.9 0.010694285870539288
6439.2 0.014069223122818577
6439.5 0.0184970232770144
6439.8 0.024300093490691385
6440.1 0.03189594618799715
6440.4 0.04182334430944297
6440.7 0.054774767061624596
6441.0 0.07163641682169485
6441.3 0.09353706636387307
6441.6 0.12190711669094352
6441.9 0.15854934723460345
6442.2 0.20572261442140477
6442.5 0.2662398770826062
6442.8 0.34358134937806684
6443.1 0.44202344995356446
6443.4 0.5667833669646474
6443.7 0.7241784982197479
6444.0 0.9217985791750308
6444.3 1.1686876943590923
6444.6 1.47553070170983
6444.9 1.854838396956831
6445.2 2.321121803278754
6445.5 2.891045123339821
6445.8 3.583544081887898
6446.1 4.419893700415088
6446.4 5.4237071845945195
6446.7 6.620846717773503
6447.0 8.039224469484708
6447.3 9.708475072783983
6447.6 11.659480205463183
6447.9 13.923735472202907
6448.2 16.532554864183567
6448.5 19.51612638546885
6448.8 22.902444925792224
6449.1 26.716172563941655
6449.4 30.977495657927648
6449.7 35.70106137518451
6450.0 40.89508880508947
6450.3 46.56072397471871
6450.6 52.691688386083115
6450.9 59.274188001058064
6451.2 66.2869821441127
6451.5 73.70141900191084
6451.8 81.48117442196235
6452.1 89.58145668637007
6452.4 97.9475002810359
6452.7 106.51238386146724
6453.0 115.19451393187046
6453.3 123.89536414295435
6453.6 132.49836444482207
6453.9 140.86982185393572
6454.2 148.86260556429625
6454.5 156.322818800807
6454.8 163.09905588626862
6455.1 169.05309602618217
6455.4 174.07042223215103
6455.7 178.06875106692314
6456.0 181.00297439098358
6456.3 182.86564296483994
6456.6 183.6829251050949
6456.9 183.50690138339996
6457.2 182.40572845935822
6457.5 180.4534512758255
6457.8 177.72116720676422
6458.1 174.27081912755966
6458.4 170.15218257904053
6458.7 165.40307092666626
6459.0 160.05219343304634
6459.3 154.12382701039314
6459.6 147.64330726861954
6459.9 140.64246010780334
6460.2 133.16417783498764
6460.5 125.26561707258224
6460.8 117.01966400444508
6461.1 108.51455754041672
6461.4 99.85171780735254
6461.7 91.14203653484583
6462.0 82.5010154042393
6462.3 74.04325740970671
6462.6 65.87690167035908
6462.9 58.09852904593572
6463.2 50.7890499944333
6463.5 44.010886539006606
6463.8 37.80661326786503
6464.1 32.1990248519287
6464.4 27.192445857363055
6464.7 22.774988977420435
6465.0 18.92142307589529
6465.3 15.596308827382018
6465.6 12.757119633261027
6465.9 10.357122672237892
6466.2 8.347878007632175
6466.5 6.681282999136215
6466.8 5.31114465362495
6467.1 4.194303519161181
6467.4 3.2913585266697076
6467.7 2.5670561708631583
6468.0 1.990410042507786
6468.3 1.5346159769864238
6468.6 1.176821456531572
6468.9 0.8978000664382932
6469.2 0.6815729397698911
6469.5 0.5150096501929089
6469.8 0.3874333926366468
6470.1 0.29024710001582443
6470.4 0.21659135384551303
6470.7 0.1610397829222283
6471.0 0.11933400476542447
6471.3 0.08815729953056514
6471.6 0.06494464089881176
6471.9 0.047725542211834907
6472.2 0.03499575017153174
6472.5 0.025613721920731202
6472.8 0.018717987783350317
6473.1 0.013661830790367625
6473.4 0.009962117946268213
6473.7 0.007259556912179726
6474.0 0.005288064954707147
6474.3 0.00385133475459963
6474.6 0.002805029969798654
6474.9 0.0020433434466101976
6475.2 0.001488911298055908
6475.5 0.0010852878126436614
6475.8 0.000791358628349002
6476.1 0.0005772141542257688
6476.4 0.000421113347064463
6476.7 0.00030725928292654227
6477.0 0.00022417400495383817
6477.3 0.00016351493783540013
6477.6 0.00011921467659828654
6477.9 8.685674703813371e-5
6478.2 6.322321014260197e-5
6478.5 4.59668575429166e-5
6478.8 3.337377049884889e-5
6479.1 2.419120306126693e-5
6479.4 1.7502690258748176e-5
6479.7 1.2637343272050043e-5
6480.0 9.10384153073227e-6
6480.3 6.54232172019578e-6
6480.6 4.689259360329038e-6
6480.9 3.3517755978835296e-6
6481.2 2.3888198328353556e-6
6481.5 1.6973640875056068e-6
6481.8 1.2022667496337514e-6
6482.1 8.488232357369713e-7
6482.4 5.972902344680379e-7
6482.7 4.1886210166589874e-7
6483.0 2.927141826243134e-7
6483.3 2.0383421274568807e-7
6483.6 1.414319248153859e-7
6483.9 9.777653710666649e-8
6484.2 6.734738268668316e-8
6484.5 4.6215749547313235e-8
6484.8 3.1595844243676136e-8
6485.1 2.151923923459651e-8
6485.4 1.4600668123673718e-8
6485.7 9.868657995544842e-9
6486.0 6.644702541502785e-9
6486.3 4.456769559795612e-9
6486.6 2.9776560607691726e-9
6486.9 1.9818146869273464e-9
6487.2 1.313828206685746e-9
6487.5 8.676467981257061e-10
6487.8 5.707559412223197e-10
6488.1 3.739725965490572e-10
6488.4 2.441013795408601e-10
6488.7 1.5868065478955433e-10
6489.0 1.0276105422150808e-10
6489.3 6.628220769468819e-11
6489.6 4.260901581567368e-11
6489.9 2.7246769077060584e-11
6490.2 1.7373522759323023e-11
6490.5 1.1031481284007327e-11
6490.8 6.977658902063144e-12
6491.1 4.3998801997624515e-12
6491.4 2.761401567477617e-12
6491.7 1.723227571921726e-12
6492.0 1.073486026632875e-12
6492.3 6.638663685616664e-13
6492.6 4.096196580712086e-13
6492.9 2.5424668338540346e-13
6493.2 1.5537297468580513e-13
6493.5 9.887370869959833e-14
6493.8 5.6499262598075015e-14
6494.1 2.8249631299037507e-14
6494.4 2.8249631299037507e-14
6494.7 1.4124815649518754e-14
6495.0 0.0
6495.3 7.062407824759377e-15
6495.6 7.062407824759377e-15
6495.9 0.0
6496.2 0.0
6496.5 0.0
6496.8 0.0
6497.1 0.0
6497.4 0.0
6497.7 0.0
6498.0 0.0
6498.3 0.0
6498.6 0.0
6498.9 0.0
6499.2 0.0
6499.5 0.0
6499.8 0.0
6500.1 0.0
6500.4 0.0
6500.7 0.0
6501.0 0.0
6501.3 0.0
6501.6 0.0
6501.9 0.0
6502.2 0.0
6502.5 0.0
6502.8 0.0
6503.1 0.0
6503.4 0.0
6503.7 0.0
6504.0 0.0
6504.3 0.0
6504.6 0.0
6504.9 0.0
6505.2 0.0
6505.5 0.0
6505.8 0.0
6506.1 0.0
6506.4 0.0
6506.7 0.0
6507.0 0.0
6507.3 0.0
6507.6 0.0
6507.9 0.0
6508.2 0.0
6508.5 0.0
6508.8 0.0
6509.1 0.0
6509.4 0.0
6509.7 0.0
6510.0 0.0
6510.3 0.0
6510.6 0.0
6510.9 0.0
6511.2 0.0
6511.5 0.0
6511.8 0.0
6512.1 0.0
6512.4 0.0
6512.7 0.0
6513.0 0.0
6513.3 0.0
6513.6 0.0
6513.9 0.0
6514.2 0.0
6514.5 0.0
6514.8 0.0
6515.1 0.0
6515.4 0.0
6515.7 0.0
6516.0 0.0
6516.3 0.0
6516.6 0.0
6516.9 0.0
6517.2 0.0
6517.5 0.0
6517.8 0.0
6518.1 0.0
6518.4 0.0
6518.7 0.0
6519.0 0.0
6519.3 0.0
6519.6 0.0
6519.9 0.0
6520.2 0.0
6520.5 0.0
6520.8 0.0
6521.1 0.0
6521.4 0.0
6521.7 0.0
6522.0 0.0
6522.3 0.0
6522.6 0.0
6522.9 0.0
6523.2 0.0
6523.5 0.0
6523.8 0.0
6524.1 0.0
6524.4 0.0
6524.7 0.0
6525.0 0.0
6525.3 0.0
6525.6 0.0
6525.9 0.0
6526.2 0.0
6526.5 0.0
6526.8 0.0
6527.1 0.0
6527.4 0.0
6527.7 0.0
6528.0 0.0
6528.3 0.0
6528.6 0.0
6528.9 0.0
6529.2 0.0
6529.5 0.0
6529.8 0.0
6530.1 0.0
6530.4 0.0
6530.7 0.0
6531.0 0.0
6531.3 0.0
6531.6 0.0
6531.9 0.0
6532.2 0.0
6532.5 0.0
6532.8 0.0
6533.1 0.0
6533.4 0.0
6533.7 0.0
6534.0 0.0
6534.3 0.0
6534.6 0.0
6534.9 0.0
6535.2 0.0
6535.5 0.0
6535.8 0.0
6536.1 0.0
6536.4 0.0
6536.7 0.0
6537.0 0.0
6537.3 0.0
6537.6 0.0
6537.9 0.0
6538.2 0.0
6538.5 0.0
6538.8 0.0
6539.1 0.0
6539.4 0.0
6539.7 0.0
6540.0 0.0
6540.3 0.0
6540.6 0.0
6540.9 0.0
6541.2 0.0
6541.5 0.0
6541.8 0.0
6542.1 0.0
6542.4 0.0
6542.7 0.0
6543.0 0.0
6543.3 0.0
6543.6 0.0
6543.9 0.0
6544.2 0.0
6544.5 0.0
6544.8 0.0
6545.1 0.0
6545.4 0.0
6545.7 0.0
6546.0 0.0
6546.3 0.0
6546.6 0.0
6546.9 0.0
6547.2 0.0
6547.5 0.0
6547.8 0.0
6548.1 0.0
6548.4 0.0
6548.7 0.0
6549.0 0.0
6549.3 0.0
6549.6 0.0
6549.9 0.0
6550.2 0.0
6550.5 0.0
6550.8 0.0
6551.1 0.0
6551.4 0.0
6551.7 0.0
6552.0 0.0
6552.3 0.0
6552.6 0.0
6552.9 0.0
6553.2 0.0
6553.5 0.0
6553.8 0.0
6554.1 0.0
6554.4 0.0
6554.7 0.0
6555.0 0.0
6555.3 0.0
6555.6 0.0
6555.9 0.0
6556.2 0.0
6556.5 0.0
6556.8 0.0
6557.1 0.0
6557.4 0.0
6557.7 0.0
6558.0 0.0
6558.3 0.0
6558.6 0.0
6558.9 0.0
6559.2 0.0
6559.5 0.0
6559.8 0.0
6560.1 0.0
6560.4 0.0
6560.7 0.0
6561.0 0.0
6561.3 0.0
6561.6 0.0
6561.9 0.0
6562.2 0.0
6562.5 0.0
6562.8 0.0
6563.1 0.0
6563.4 0.0
6563.7 0.0
6564.0 0.0
6564.3 0.0
6564.6 0.0
6564.9 0.0
6565.2 0.0
6565.5 0.0
6565.8 0.0
6566.1 0.0
6566.4 0.0
6566.7 0.0
6567.0 0.0
6567.3 0.0
6567.6 0.0
6567.9 0.0
6568.2 0.0
6568.5 0.0
6568.8 0.0
6569.1 0.0
6569.4 0.0
6569.7 0.0
6570.0 0.0
6570.3 0.0
6570.6 0.0
6570.9 0.0
6571.2 0.0
6571.5 0.0
6571.8 0.0
6572.1 0.0
6572.4 0.0
6572.7 0.0
6573.0 0.0
6573.3 0.0
6573.6 0.0
6573.9 0.0
6574.2 0.0
6574.5 0.0
6574.8 0.0
6575.1 0.0
6575.4 0.0
6575.7 0.0
6576.0 0.0
6576.3 0.0
6576.6 0.0
6576.9 0.0
6577.2 0.0
6577.5 0.0
6577.8 0.0
6578.1 0.0
6578.4 0.0
6578.7 0.0
6579.0 0.0
6579.3 0.0
6579.6 0.0
6579.9 0.0
6580.2 0.0
6580.5 0.0
6580.8 0.0
6581.1 0.0
6581.4 0.0
6581.7 0.0
6582.0 0.0
6582.3 0.0
6582.6 0.0
6582.9 0.0
6583.2 0.0
6583.5 0.0
6583.8 0.0
6584.1 0.0
6584.4 0.0
6584.7 0.0
6585.0 0.0
6585.3 0.0
6585.6 0.0
6585.9 0.0
6586.2 0.0
6586.5 0.0
6586.8 0.0
6587.1 0.0
6587.4 0.0
6587.7 0.0
6588.0 0.0
6588.3 0.0
6588.6 0.0
6588.9 0.0
6589.2 0.0
6589.5 0.0
6589.8 0.0
6590.1 0.0
6590.4 0.0
6590.7 0.0
6591.0 0.0
6591.3 0.0
6591.6 0.0
6591.9 0.0
6592.2 0.0
6592.5 0.0
6592.8 0.0
6593.1 0.0
6593.4 0.0
6593.7 0.0
6594.0 0.0
6594.3 0.0
6594.6 0.0
6594.9 0.0
6595.2 0.0
6595.5 0.0
6595.8 0.0
6596.1 0.0
6596.4 0.0
6596.7 0.0
6597.0 0.0
6597.3 0.0
6597.6 0.0
6597.9 0.0
6598.2 0.0
6598.5 0.0
6598.8 0.0
6599.1 0.0
6599.4 0.0
6599.7 0.0
6600.0 0.0
6600.3 0.0
6600.6 0.0
6600.9 0.0
6601.2 0.0
6601.5 0.0
6601.8 0.0
6602.1 2.6943467954372276e-15
6602.4 2.6943467954372276e-15
6602.7 5.388693590874455e-15
6603.0 5.388693590874455e-15
6603.3 8.08304059806992e-15
6603.6 1.3471733765427901e-14
6603.9 2.6943467530855802e-14
6604.2 4.310954872699564e-14
6604.5 6.466432478455936e-14
6604.8 1.0777387012342321e-13
6605.1 1.7243819490798257e-13
6605.4 2.7212902612740175e-13
6605.7 4.3378983131253657e-13
6606.0 6.951414812696177e-13
6606.3 1.0912104553284507e-12
6606.6 1.7216875711559276e-12
6606.9 2.6943466988754716e-12
6607.2 4.216652634697615e-12
6607.5 6.560734160804271e-12
6607.8 1.0182617339300507e-11
6608.1 1.572219394922583e-11
6608.4 2.4200622408820927e-11
6608.7 3.713441320620195e-11
6609.0 5.6723676583699445e-11
6609.3 8.63499508975437e-11
6609.6 1.3096738221642003e-10
6609.9 1.9786924230458824e-10
6610.2 2.9783830810761424e-10
6610.5 4.4672491133683847e-10
6610.8 6.67434599355512e-10
6611.1 9.935821618610955e-10
6611.4 1.4737545131488498e-9
6611.7 2.1777342429181132e-9
6612.0 3.206326066168626e-9
6612.3 4.703437253408762e-9
6612.6 6.87464631096128e-9
6612.9 1.0011552090312863e-8
6613.2 1.4527543565048578e-8
6613.5 2.1004964867631197e-8
6613.8 3.026284316570648e-8
6614.1 4.344754679499418e-8
6614.4 6.215922029177606e-8
6614.7 8.862303554794827e-8
6615.0 1.2592422920995368e-7
6615.3 1.7832673463171785e-7
6615.6 2.517061645017772e-7
6615.9 3.5413669567995733e-7
6616.2 4.966850448821613e-7
6616.5 6.94482755512779e-7
6616.8 9.681755890694569e-7
6617.1 1.3458783918766158e-6
6617.4 1.8658137554537844e-6
6617.7 2.579876533271257e-6
6618.0 3.5584459789789984e-6
6618.3 4.896896950971721e-6
6618.6 6.724414669669003e-6
6618.9 9.215945596852477e-6
6619.2 1.2608423176211534e-5
6619.5 1.7222839445397998e-5
6619.8 2.3494291944956466e-5
6620.1 3.20129475901412e-5
6620.4 4.357996844722822e-5
6620.7 5.9283848352533914e-5
6621.0 8.060472103390958e-5
6621.3 0.00010955680385037711
6621.6 0.00014888283201758767
6621.9 0.00020231914123680376
6622.2 0.00027495661796591626
6622.5 0.0003737309527946809
6622.8 0.000508087229160156
6623.1 0.0006908777844000604
6623.4 0.0009395715799271415
6623.7 0.0012778766321548726
6624.0 0.0017379078760048844
6624.3 0.0023630708517436605
6624.6 0.0032118783924656737
6624.9 0.00436297665569592
6625.2 0.0059217272290557395
6625.5 0.008028775647011118
6625.8 0.010871139920811474
6626.1 0.014696462733356962
6626.4 0.01983121504286247
6626.7 0.026703770946165894
6627.0 0.03587344798975524
6627.3 0.04806678080161861
6627.6 0.06422244763159007
6627.9 0.08554647286121968
6628.2 0.11357946419189796
6628.5 0.15027777601058
6628.8 0.19811062283941838
6629.1 0.2601751879822918
6629.4 0.34033187025190104
6629.7 0.4433616656283548
6630.0 0.5751479600507872
6630.3 0.7428846541973397
6630.6 0.9553132199890074
6630.9 1.2229912342704559
6631.2 1.55859588100844
6631.5 1.9772675284810841
6631.8 2.4969997035993403
6632.1 3.1390856559305074
6632.4 3.9286344325057465
6632.7 4.895175086893403
6633.0 6.07337285611592
6633.3 7.50388858879198
6633.6 9.234418577350908
6633.9 11.320961477548963
6634.2 13.82936300283177
6634.5 16.837196425830598
6634.8 20.436032778722165
6635.1 24.73414579323253
6635.4 29.85966283101152
6635.7 35.964113321813784
6636.0 43.2262167670051
6636.3 51.855600701128424
6636.6 62.0959226093255
6636.9 74.22662399266846
6637.2 88.56230492540635
6637.5 105.44854192540515
6637.8 125.2528727739118
6638.1 148.34982689772733
6638.4 175.09911609254777
6638.7 205.81651669554412
6639.0 240.73754948750138
6639.3 279.9746986813843
6639.6 323.4697335883975
6639.9 370.9439145103097
6640.2 421.8505424037576
6640.5 475.33623507618904
6640.8 530.2196121811867
6641.1 584.9971020817757
6641.4 637.8853865265846
6641.7 686.9066707491875
6642.0 730.0168882608414
6642.3 765.2681105136871
6642.6 790.987530708313
6642.9 805.948073387146
6643.2 809.5027022361755
6643.5 801.658712387085
6643.8 783.0771431922913
6644.1 754.9965119361877
6644.4 719.0940968990326
6644.7 677.3091781139374
6645.0 631.657438993454
6645.3 584.0644233226776
6645.6 536.2378690242767
6645.9 489.58869302272797
6646.2 445.19973504543304
6646.5 403.8339682817459
6646.8 365.97008723020554
6647.1 331.8535372018814
6647.4 301.55328238010406
6647.7 275.0179876983166
6648.0 252.12792032957077
6648.3 232.74077832698822
6648.6 216.7304621040821
6648.9 204.01827883720398
6649.2 194.5965183377266
6649.5 188.54489922523499
6649.8 186.04137629270554
6650.1 187.36951959133148
6650.4 192.92521995306015
6650.7 203.22543865442276
6651.0 218.92109641432762
6651.3 240.81504082679749
6651.6 269.8844174295664
6651.9 307.30498872697353
6652.2 354.47296020388603
6652.5 413.0180973261595
6652.8 484.8001862168312
6653.1 571.879460901022
6653.4 676.4507309794426
6653.7 800.7303997725248
6654.0 946.7863770872355
6654.3 1116.3041477650404
6654.6 1310.2879276871681
6654.9 1528.7079710662365
6655.2 1770.1206585168839
6655.5 2031.3082375526428
6655.8 2307.00503385067
6656.1 2589.789022922516
6656.4 2870.2151987552643
6656.7 3137.245185852051
6657.0 3378.9802570343018
6657.3 3583.6462936401367
6657.6 3740.7139835357666
6657.9 3841.9903316497803
6658.2 3882.501256942749
6658.5 3861.0104122161865
6658.8 3780.082368850708
6659.1 3645.6865882873535
6659.4 3466.4260997772217
6659.7 3252.540199279785
6660.0 3014.8575830459595
6660.3 2763.858503341675
6660.6 2508.957100868225
6660.9 2258.049695968628
6661.2 2017.3164110183716
6661.5 1791.2240591049194
6661.8 1582.6629376411438
6662.1 1393.1564009189606
6662.4 1223.0995535850525
6662.7 1072.0020599365234
6663.0 938.7232115268707
6663.3 821.693769454956
6663.6 719.1183463335037
6663.9 629.1507557034492
6664.2 550.0336888432503
6664.5 480.1964909285307
6664.8 418.3092882335186
6665.1 363.2973610125482
6665.4 314.32423580624163
6665.7 270.75443668849766
6666.0 232.10700842179358
6666.3 198.00906797451898
6666.6 168.1558034294285
6666.9 142.28024919191375
6667.2 120.13362928340212
6667.5 101.47525525279343
6667.8 86.06999192852527
6668.1 73.69103034585714
6668.4 64.12585272686556
6668.7 57.18371472530998
6669.0 52.70344967243727
6669.3 50.56091080082115
6669.6 50.6757497638464
6669.9 53.017563067696756
6670.2 57.6116398160957
6670.5 64.54467333389039
6670.8 73.97083853562071
6671.1 86.11859692324651
6671.4 101.29845207504695
6671.7 119.91163225192577
6672.0 142.45926356501877
6672.3 169.55104405037127
6672.6 201.91170986928046
6672.9 240.38281220337376
6673.2 285.91662975167856
6673.5 339.5585308568552
6673.8 402.4140874943696
6674.1 475.59769670758396
6674.4 560.1604135110974
6674.7 656.9961020573974
6675.0 766.7265850752592
6675.3 889.5685873404145
6675.6 1025.1877848654985
6675.9 1172.5492453873158
6676.2 1329.7785082161427
6676.5 1494.0541574954987
6676.8 1661.5588408708572
6677.1 1827.5187776088715
6677.4 1986.3590128421783
6677.7 2131.9903559684753
6678.0 2258.2230501174927
6678.3 2359.275029182434
6678.6 2430.3155212402344
6678.9 2467.9649906158447
6679.2 2470.667914390564
6679.5 2438.870011329651
6679.8 2374.963728904724
6680.1 2283.0091314315796
6680.4 2168.278356552124
6680.7 2036.7034225463867
6681.0 1894.3167071342468
6681.3 1746.7650775909424
6681.6 1598.9514093399048
6681.9 1454.8256168365479
6682.2 1317.3164942264557
6682.5 1188.3749220371246
6682.8 1069.0909593105316
6683.1 959.8492571115494
6683.4 860.4955590963364
6683.7 770.4971885085106
6684.0 689.0879647731781
6684.3 615.3925963938236
6684.6 548.527634754777
6684.9 487.67680947482586
6685.2 432.1395231410861
6685.5 381.353181514889
6685.8 334.89247744344175
6686.1 292.45099548250437
6686.4 253.81199932657182
6686.7 218.81541290017776
6687.0 187.32692085125018
6687.3 159.21323774312623
6687.6 134.32548408734147
6687.9 112.49073207595211
6688.2 93.51046409993432
6688.5 77.16405827082053
6688.8 63.215271212344305
6689.1 51.4199932150068
6689.4 41.53395641971656
6689.7 33.31956228355227
6690.0 26.551383984218376
6690.3 21.020200061152053
6690.6 16.535602521904543
6690.9 12.927345133021337
6691.2 10.045637702392778
6691.5 7.76062267468474
6691.8 5.961247835216843
6692.1 4.553738977721203
6692.4 3.4598401786475326
6692.7 2.614961071372888
6693.0 1.966336766606991
6693.3 1.4712771419330983
6693.6 1.0955550383442674
6693.9 0.8119619562748149
6694.2 0.5990427882319129
6694.5 0.440008141889178
6694.8 0.3218150403175342
6695.1 0.2344011430184402
6695.4 0.17005512230957717
6695.7 0.12290507949478073
6696.0 0.08850729206730885
6696.3 0.06351882875572476
6696.6 0.045439326985168914
6696.9 0.03240903552739382
6697.2 0.023052137848424276
6697.5 0.016356126152586782
6697.8 0.011579611595227784
6698.1 0.008182352768969437
6698.4 0.005772509832824398
6698.7 0.004067137568836976
6699.0 0.002862781092225722
6699.3 0.002013722765437098
6699.6 0.0014159819132368648
6699.9 0.0009956131611762523
6700.2 0.0007001930552646427
6700.5 0.0004926588354723285
6700.8 0.0003468708072689886
6701.1 0.0002444306598062472
6701.4 0.0001724102203349318
6701.7 0.00012173642038935892
6702.0 8.604707829752302e-5
6702.3 6.088283197010318e-5
6702.6 4.3118125130057625e-5
6702.9 3.0561466708822706e-5
6703.2 2.1675207877567287e-5
6703.5 1.5379338824555763e-5
6703.8 1.0914313386775627e-5
6704.1 7.745158628301986e-6
6704.4 5.494458844613518e-6
6704.7 3.8955030532162596e-6
6705.0 2.759497167447451e-6
6705.3 1.95258668719603e-6
6705.6 1.3797329091047758e-6
6705.9 9.733751427421683e-7
6706.2 6.854375657306236e-7
6706.5 4.81690682601948e-7
6706.8 3.377513717811476e-7
6707.1 2.362541792372104e-7
6707.4 1.6483346934759507e-7
6707.7 1.1469237337621149e-7
6708.0 7.957760875148269e-8
6708.3 5.505088212760724e-8
6708.6 3.796765366054485e-8
6708.9 2.6103432172552692e-8
6709.2 1.7888918854124416e-8
6709.5 1.2219283499481174e-8
6709.8 8.318588964604162e-9
6710.1 5.6439908249496445e-9
6710.4 3.816029978702404e-9
6710.7 2.5712447552493723e-9
6711.0 1.726429803968488e-9
6711.3 1.1551385921376356e-9
6711.6 7.699515114664528e-10
6711.9 5.114919510076227e-10
6712.2 3.385971096542991e-10
6712.5 2.233270192649535e-10
6712.8 1.4667590226565648e-10
6713.1 9.591534511077526e-11
6713.4 6.281109827540416e-11
6713.7 4.0676791795979383e-11
6714.0 2.6355379684206426e-11
6714.3 1.6998390542366515e-11
6714.6 1.0931680907710906e-11
6714.9 6.994949758309943e-12
6715.2 4.467154077203439e-12
6715.5 2.8427342944892242e-12
6715.8 1.7984645890589679e-12
6716.1 1.135436146146307e-12
6716.4 7.127555381840345e-13
6716.7 4.4754418270301355e-13
6717.0 2.817870719748483e-13
6717.3 1.6575711072816524e-13
6717.6 1.1602997479921023e-13
6717.9 6.630283887025523e-14
6718.2 3.3151419435127616e-14
6718.5 3.3151419435127616e-14
6718.8 8.287854858781904e-15
6719.1 8.287854858781904e-15
6719.4 8.287854858781904e-15
6719.7 8.287854858781904e-15
6720.0 0.0
6720.3 0.0
6720.6 0.0
6720.9 0.0
6721.2 0.0
6721.5 0.0
6721.8 0.0
6722.1 0.0
6722.4 0.0
6722.7 0.0
6723.0 0.0
6723.3 0.0
6723.6 0.0
6723.9 0.0
6724.2 0.0
6724.5 0.0
6724.8 0.0
6725.1 0.0
6725.4 0.0
6725.7 0.0
6726.0 0.0
6726.3 0.0
6726.6 0.0
6726.9 0.0
6727.2 0.0
6727.5 0.0
6727.8 0.0
6728.1 0.0
6728.4 0.0
6728.7 0.0
6729.0 0.0
6729.3 0.0
6729.6 0.0
6729.9 0.0
6730.2 0.0
6730.5 0.0
6730.8 0.0
6731.1 0.0
6731.4 0.0
6731.7 0.0
6732.0 0.0
6732.3 0.0
6732.6 0.0
6732.9 0.0
6733.2 0.0
6733.5 0.0
6733.8 0.0
6734.1 0.0
6734.4 0.0
6734.7 0.0
6735.0 0.0
6735.3 0.0
6735.6 0.0
6735.9 0.0
6736.2 0.0
6736.5 0.0
6736.8 0.0
6737.1 0.0
6737.4 0.0
6737.7 0.0
6738.0 0.0
6738.3 0.0
6738.6 0.0
6738.9 0.0
6739.2 0.0
6739.5 0.0
6739.8 0.0
6740.1 0.0
6740.4 0.0
6740.7 0.0
6741.0 0.0
6741.3 0.0
6741.6 0.0
6741.9 0.0
6742.2 0.0
6742.5 0.0
6742.8 0.0
6743.1 0.0
6743.4 0.0
6743.7 0.0
6744.0 0.0
6744.3 0.0
6744.6 0.0
6744.9 0.0
6745.2 0.0
6745.5 0.0
6745.8 0.0
6746.1 0.0
6746.4 0.0
6746.7 0.0
6747.0 0.0
6747.3 0.0
6747.6 0.0
6747.9 0.0
6748.2 0.0
6748.5 0.0
6748.8 0.0
6749.1 0.0
6749.4 0.0
6749.7 0.0
6750.0 0.0
6750.3 0.0
6750.6 0.0
6750.9 0.0
6751.2 0.0
6751.5 0.0
6751.8 0.0
6752.1 0.0
6752.4 0.0
6752.7 0.0
6753.0 0.0
6753.3 0.0
6753.6 0.0
6753.9 0.0
6754.2 0.0
6754.5 0.0
6754.8 0.0
6755.1 0.0
6755.4 0.0
6755.7 0.0
6756.0 0.0
6756.3 0.0
6756.6 0.0
6756.9 0.0
6757.2 0.0
6757.5 0.0
6757.8 0.0
6758.1 0.0
6758.4 0.0
6758.7 0.0
6759.0 0.0
6759.3 0.0
6759.6 0.0
6759.9 0.0
6760.2 0.0
6760.5 0.0
6760.8 0.0
6761.1 0.0
6761.4 0.0
6761.7 0.0
6762.0 0.0
6762.3 0.0
6762.6 0.0
6762.9 0.0
6763.2 0.0
6763.5 0.0
6763.8 0.0
6764.1 0.0
6764.4 0.0
6764.7 0.0
6765.0 0.0
6765.3 0.0
6765.6 0.0
6765.9 0.0
6766.2 0.0
6766.5 0.0
6766.8 0.0
6767.1 0.0
6767.4 0.0
6767.7 0.0
6768.0 0.0
6768.3 0.0
6768.6 0.0
6768.9 0.0
6769.2 0.0
6769.5 0.0
6769.8 0.0
6770.1 0.0
6770.4 0.0
6770.7 0.0
6771.0 0.0
6771.3 0.0
6771.6 0.0
6771.9 9.736047417493315e-15
6772.2 9.736047417493315e-15
6772.5 0.0
6772.8 1.947209483498663e-14
6773.1 2.9208142252479946e-14
6773.4 4.8680240475598366e-14
6773.7 6.815233192245321e-14
6774.0 1.1683256900991978e-13
6774.3 1.8498490770863657e-13
6774.6 2.920814360773266e-13
6774.9 4.673302760396791e-13
6775.2 7.399396308345463e-13
6775.5 1.1683257443093065e-12
6775.8 1.8303769958039062e-12
6776.1 2.88187008978813e-12
6776.4 4.488318137291225e-12
6776.7 7.0002185471873535e-12
6777.0 1.0845956945060298e-11
6777.3 1.6765474425417537e-11
6777.6 2.5800526645691768e-11
6777.9 3.96171306582527e-11
6778.2 6.05496363870184e-11
6778.5 9.223932034840843e-11
6778.8 1.400612714187472e-10
6779.1 2.118256713968831e-10
6779.4 3.1927604211602633e-10
6779.7 4.795363947839772e-10
6780.0 7.17549761509591e-10
6780.3 1.0700445367936272e-9
6780.6 1.5899559092138462e-9
6780.9 2.354261955155184e-9
6781.2 3.4733188298238148e-9
6781.5 5.106624237456852e-9
6781.8 7.481038375761992e-9
6782.1 1.0921264615092695e-8
6782.4 1.5887470077409282e-8
6782.7 2.3031061468727227e-8
6783.0 3.3270613466301146e-8
6783.3 4.789516427958083e-8
6783.6 6.871027224028786e-8
6783.9 9.823301018159821e-8
6784.2 1.3996066408171662e-7
6784.5 1.987377279347259e-7
6784.8 2.8124903594143313e-7
6785.1 3.9669161327251074e-7
6785.4 5.576755304722663e-7
6785.7 7.814382968448136e-7
6786.0 1.0914723888981114e-6
6786.3 1.519702827584038e-6
6786.6 2.109395721999988e-6
6786.9 2.9190400509584793e-6
6787.2 4.027513060366355e-6
6787.5 5.540956504544004e-6
6787.8 7.601924800161046e-6
6788.1 1.0401537820082608e-5
6788.4 1.4195650573726437e-5
6788.7 1.9326350483357083e-5
6789.0 2.6250572160069826e-5
6789.3 3.5578221766027936e-5
6789.6 4.812298401231019e-5
6789.9 6.497020094217097e-5
6790.2 8.756751649018037e-5
6790.5 0.00011784624490759785
6790.8 0.00015838384610704766
6791.1 0.00021262178190406734
6791.4 0.0002851576972477056
6791.7 0.000382137363930378
6792.0 0.0005117805482295757
6792.3 0.0006850860051895865
6792.6 0.0009167758761339632
6792.9 0.0012265591466117684
6793.2 0.0016408189117656069
6793.5 0.0021948605650733907
6793.8 0.002935899659116514
6794.1 0.003927020810731662
6794.4 0.005252404926170146
6794.7 0.007024205209948609
6795.0 0.00939155463863417
6795.3 0.012552311559641047
6795.6 0.016768299637142367
6795.9 0.022384985467293898
6796.2 0.029856736795612814
6796.5 0.0397790637715741
6796.8 0.05292951053867301
6797.1 0.07031919525046443
6797.4 0.09325732000417722
6797.7 0.12343133020646996
6798.0 0.16300581106316372
6798.3 0.21474350502131742
6798.6 0.2821522237529156
6798.9 0.3696616774740874
6799.2 0.4828344008727842
6799.5 0.6286151549994058
6799.8 0.8156228940668828
6800.1 1.0544894653565808
6800.4 1.358248515275526
6800.7 1.7427776949327132
6801.0 2.2272969780716396
6801.3 2.8349243118592766
6801.6 3.5932904792772056
6801.9 4.535214210860592
6802.2 5.699438338235042
6802.5 7.131429753983015
6802.8 8.884246019223342
6803.1 11.019473989123448
6803.4 13.608250106216083
6803.7 16.732373653360128
6804.0 20.485526892301863
6804.3 24.974623399487086
6804.6 30.321303943897306
6804.9 36.66360303808938
6805.2 44.1578047419016
6805.5 52.98050288891227
6805.8 63.33086054639534
6806.1 75.43302032086285
6806.4 89.53856556734536
6806.7 105.92878204064618
6807.0 124.91634312694077
6807.3 146.8457452833827
6807.6 172.09161715535447
6807.9 201.05368034506682
6808.2 234.14705648226663
6808.5 271.7865055366419
6808.8 314.36351490952075
6809.1 362.21561393979937
6809.4 415.5879814699292
6809.7 474.58846702054143
6810.0 539.1378973685205
6810.3 608.9189205244184
6810.6 683.3272412568331
6810.9 761.4313141703606
6811.2 841.9468582570553
6811.5 923.2351920306683
6811.8 1003.333463549614
6812.1 1080.0245625376701
6812.4 1150.9500283002853
6812.7 1213.7625794410706
6813.0 1266.3065881729126
6813.3 1306.8055520057678
6813.6 1334.0297212600708
6813.9 1347.415650844574
6814.2 1347.1149005889893
6814.5 1333.9605646133423
6814.8 1309.3555116653442
6815.1 1275.101644039154
6815.4 1233.1997509002686
6815.7 1185.6540732383728
6816.0 1134.3106350898743
6816.3 1080.748541355133
6816.6 1026.2296423912048
6816.9 971.6997923851013
6817.2 917.8268146514893
6817.5 865.057861328125
6817.8 813.6809782981873
6818.1 763.881206035614
6818.4 715.7870757579803
6818.7 669.5073907971382
6819.0 625.1601498126984
6819.3 582.8950920701027
6819.6 542.9099830389023
6819.9 505.4598381817341
6820.2 470.85782957077026
6820.5 439.46748727560043
6820.8 411.6874482035637
6821.1 387.9312641620636
6821.4 368.6059240102768
6821.7 354.0927140712738
6822.0 344.73339426517487
6822.3 340.82307040691376
6822.6 342.60977298021317
6822.9 350.2991858124733
6823.2 364.0617888569832
6823.5 384.03903260827065
6823.8 410.34465715289116
6824.1 443.05714505910873
6824.4 482.1995813548565
6824.7 527.7040500044823
6825.0 579.3595059812069
6825.3 636.7451961934566
6825.6 699.156151175499
6825.9 765.5324057042599
6826.2 834.4085352420807
6826.5 903.9024469852448
6826.8 971.76106518507
6827.1 1035.4735063314438
6827.4 1092.450352191925
6827.7 1140.2527935504913
6828.0 1176.8404500484467
6828.3 1200.7973458766937
6828.6 1211.494315624237
6828.9 1209.1548418998718
6829.2 1194.809093952179
6829.5 1170.1427564620972
6829.8 1137.2678275108337
6830.1 1098.457007408142
6830.4 1055.8869605064392
6830.7 1011.430112361908
6831.0 966.5201816558838
6831.3 922.0997486114502
6831.6 878.6422238349915
6831.9 836.2293291091919
6832.2 794.6606884002686
6832.5 753.5731704235077
6832.8 712.5522167682648
6833.1 671.2240278720856
6833.4 629.3231086730957
6833.7 586.7339915633202
6834.0 543.5084763467312
6834.3 499.8612608462572
6834.6 456.1475833058357
6834.9 412.8271270096302
6835.2 370.41948195546865
6835.5 329.4566369559616
6835.8 290.4381830962375
6836.1 253.79410174302757
6836.4 219.858530592639
6836.7 188.8559986022301
6837.0 160.89963952981634
6837.3 135.9993796799099
6837.6 114.07703923735244
6837.9 94.98516725487934
6838.2 78.52671935361468
6838.5 64.4734247688566
6838.8 52.5815447359314
6839.1 42.60445119962367
6839.4 34.302041089879765
6839.7 27.44731117749157
6840.0 21.830589759339176
6840.3 17.261915183389647
6840.6 13.572017102395817
6840.9 10.612267669979598
6841.2 8.253899679143029
6841.5 6.386725698965738
6841.8 4.917541556803353
6842.1 3.7683620128533155
6842.4 2.874600228484858
6842.7 2.1832801938938395
6843.0 1.6513431295972363
6843.3 1.2440899717498164
6843.6 0.9337838062650259
6843.9 0.6984216098986784
6844.2 0.5206744388717859
6844.5 0.38698741864045755
6844.8 0.2868261121092066
6845.1 0.21205363063450403
6845.4 0.1564214590085287
6845.7 0.11515769551287544
6846.0 0.08463718055554956
6846.3 0.062119582245942835
6846.6 0.04554312214336289
6846.9 0.033363389863087164
6847.2 0.024428275214778132
6847.5 0.01788159481041739
6847.8 0.013089311050458203
6848.1 0.009583379318929452
6848.4 0.007019265714483608
6848.7 0.005143973501637915
6849.0 0.0037721094272396734
6849.3 0.002768045416887327
6849.6 0.0020326863192128963
6849.9 0.0014936913995352344
6850.2 0.0010982753109985638
6850.5 0.0008079244963478553
6850.8 0.0005945304049908508
6851.1 0.00043756562925969573
6851.4 0.0003220257603255382
6851.7 0.0002369308490805898
6852.0 0.00017423574249871953
6852.3 0.00012803730743510185
6852.6 9.399799601741006e-5
6852.9 6.892622666615397e-5
6853.2 5.047062404341487e-5
6853.5 3.6896907963167305e-5
6853.8 2.692480688068251e-5
6854.1 1.9608591334453083e-5
6854.4 1.4249423706817248e-5
6854.7 1.0330881311928903e-5
6855.0 7.471446103195512e-6
6855.3 5.389434291930967e-6
6855.6 3.877058397205261e-6
6855.9 2.781229770019042e-6
6856.2 1.989328240660356e-6
6856.5 1.4186491864541568e-6
6856.8 1.0085812028842882e-6
6857.1 7.14802301699208e-7
6857.4 5.049810657040949e-7
6857.7 3.555962066378044e-7
6858.0 2.4958163944727755e-7
6858.3 1.7459236248615204e-7
6858.6 1.2172494595720673e-7
6858.9 8.457946052513378e-8
6859.2 5.8569006064543244e-8
6859.5 4.041849146448483e-8
6859.8 2.779681243024091e-8
6860.1 1.9050188754405337e-8
6860.4 1.3010659375185135e-8
6860.7 8.85466611164711e-9
6861.0 6.0052875402323615e-9
6861.3 4.058355122017121e-9
6861.6 2.733113698680356e-9
6861.9 1.8340646095118152e-9
6862.2 1.2265898682848779e-9
6862.5 8.171824727196895e-10
6862.8 5.426607537758815e-10
6863.1 3.589726746226345e-10
6863.4 2.3669570829258624e-10
6863.7 1.5556868652548395e-10
6864.0 1.017643747047714e-10
6864.3 6.637892319139027e-11
6864.6 4.314629903356959e-11
6864.9 2.7949019834605515e-11
6865.2 1.8042090391134913e-11
6865.5 1.1578879348383975e-11
6865.8 7.436436015584302e-12
6866.1 4.7663062732739014e-12
6866.4 3.0194924251908395e-12
6866.7 1.8965406502202686e-12
6867.0 1.2227696069219696e-12
6867.3 7.735889294598064e-13
6867.6 4.4918067746216317e-13
6867.9 2.9945379400979355e-13
6868.2 1.996358536381776e-13
6868.5 9.98179268190888e-14
6868.8 9.98179268190888e-14
6869.1 2.49544817047722e-14
6869.4 2.49544817047722e-14
6869.7 2.49544817047722e-14
