4662.0 0.0
4662.3 0.0
4662.6 0.0
4662.9 0.0
4663.2 0.0
4663.5 0.0
4663.8 0.0
4664.1 0.0
4664.4 0.0
4664.7 0.0
4665.0 0.0
4665.3 0.0
4665.6 0.0
4665.9 0.0
4666.2 0.0
4666.5 0.0
4666.8 0.0
4667.1 0.0
4667.4 0.0
4667.7 0.0
4668.0 0.0
4668.3 0.0
4668.6 0.0
4668.9 0.0
4669.2 0.0
4669.5 0.0
4669.8 0.0
4670.1 0.0
4670.4 0.0
4670.7 0.0
4671.0 0.0
4671.3 0.0
4671.6 0.0
4671.9 0.0
4672.2 0.0
4672.5 0.0
4672.8 0.0
4673.1 0.0
4673.4 0.0
4673.7 0.0
4674.0 0.0
4674.3 0.0
4674.6 0.0
4674.9 0.0
4675.2 0.0
4675.5 0.0
4675.8 0.0
4676.1 0.0
4676.4 0.0
4676.7 0.0
4677.0 0.0
4677.3 0.0
4677.6 0.0
4677.9 0.0
4678.2 0.0
4678.5 0.0
4678.8 0.0
4679.1 0.0
4679.4 0.0
4679.7 0.0
4680.0 0.0
4680.3 0.0
4680.6 0.0
4680.9 0.0
4681.2 0.0
4681.5 0.0
4681.8 0.0
4682.1 0.0
4682.4 0.0
4682.7 0.0
4683.0 0.0
4683.3 0.0
4683.6 0.0
4683.9 0.0
4684.2 0.0
4684.5 0.0
4684.8 0.0
4685.1 0.0
4685.4 0.0
4685.7 0.0
4686.0 0.0
4686.3 0.0
4686.6 0.0
4686.9 0.0
4687.2 0.0
4687.5 0.0
4687.8 0.0
4688.1 0.0
4688.4 0.0
4688.7 0.0
4689.0 0.0
4689.3 0.0
4689.6 0.0
4689.9 0.0
4690.2 0.0
4690.5 0.0
4690.8 0.0
4691.1 0.0
4691.4 0.0
4691.7 0.0
4692.0 0.0
4692.3 0.0
4692.6 0.0
4692.9 0.0
4693.2 0.0
4693.5 0.0
4693.8 0.0
4694.1 0.0
4694.4 0.0
4694.7 0.0
4695.0 0.0
4695.3 0.0
4695.6 0.0
4695.9 0.0
4696.2 0.0
4696.5 0.0
4696.8 0.0
4697.1 0.0
4697.4 0.0
4697.7 0.0
4698.0 0.0
4698.3 0.0
4698.6 0.0
4698.9 0.0
4699.2 0.0
4699.5 0.0
4699.8 0.0
4700.1 0.0
4700.4 0.0
4700.7 0.0
4701.0 0.0
4701.3 0.0
4701.6 0.0
4701.9 0.0
4702.2 0.0
4702.5 0.0
4702.8 0.0
4703.1 0.0
4703.4 0.0
4703.7 0.0
4704.0 0.0
4704.3 0.0
4704.6 0.0
4704.9 0.0
4705.2 0.0
4705.5 0.0
4705.8 0.0
4706.1 0.0
4706.4 0.0
4706.7 0.0
4707.0 0.0
4707.3 0.0
4707.6 0.0
4707.9 0.0
4708.2 0.0
4708.5 0.0
4708.8 0.0
4709.1 0.0
4709.4 0.0
4709.7 0.0
4710.0 0.0
4710.3 0.0
4710.6 0.0
4710.9 0.0
4711.2 0.0
4711.5 0.0
4711.8 0.0
4712.1 0.0
4712.4 0.0
4712.7 0.0
4713.0 0.0
4713.3 0.0
4713.6 0.0
4713.9 0.0
4714.2 0.0
4714.5 0.0
4714.8 0.0
4715.1 0.0
4715.4 0.0
4715.7 0.0
4716.0 0.0
4716.3 0.0
4716.6 0.0
4716.9 0.0
4717.2 0.0
4717.5 0.0
4717.8 0.0
4718.1 0.0
4718.4 0.0
4718.7 0.0
4719.0 0.0
4719.3 0.0
4719.6 0.0
4719.9 0.0
4720.2 0.0
4720.5 0.0
4720.8 0.0
4721.1 0.0
4721.4 0.0
4721.7 0.0
4722.0 0.0
4722.3 0.0
4722.6 0.0
4722.9 0.0
4723.2 0.0
4723.5 0.0
4723.8 0.0
4724.1 0.0
4724.4 0.0
4724.7 0.0
4725.0 0.0
4725.3 0.0
4725.6 0.0
4725.9 0.0
4726.2 0.0
4726.5 0.0
4726.8 0.0
4727.1 0.0
4727.4 0.0
4727.7 0.0
4728.0 0.0
4728.3 0.0
4728.6 0.0
4728.9 0.0
4729.2 0.0
4729.5 0.0
4729.8 0.0
4730.1 0.0
4730.4 0.0
4730.7 0.0
4731.0 0.0
4731.3 0.0
4731.6 0.0
4731.9 0.0
4732.2 0.0
4732.5 0.0
4732.8 0.0
4733.1 0.0
4733.4 0.0
4733.7 0.0
4734.0 0.0
4734.3 0.0
4734.6 0.0
4734.9 0.0
4735.2 0.0
4735.5 0.0
4735.8 0.0
4736.1 0.0
4736.4 0.0
4736.7 0.0
4737.0 0.0
4737.3 0.0
4737.6 0.0
4737.9 0.0
4738.2 0.0
4738.5 0.0
4738.8 0.0
4739.1 0.0
4739.4 0.0
4739.7 0.0
4740.0 0.0
4740.3 0.0
4740.6 0.0
4740.9 0.0
4741.2 0.0
4741.5 0.0
4741.8 0.0
4742.1 0.0
4742.4 0.0
4742.7 0.0
4743.0 0.0
4743.3 0.0
4743.6 0.0
4743.9 0.0
4744.2 0.0
4744.5 0.0
4744.8 0.0
4745.1 0.0
4745.4 0.0
4745.7 0.0
4746.0 0.0
4746.3 0.0
4746.6 0.0
4746.9 0.0
4747.2 0.0
4747.5 0.0
4747.8 0.0
4748.1 0.0
4748.4 0.0
4748.7 0.0
4749.0 0.0
4749.3 0.0
4749.6 0.0
4749.9 0.0
4750.2 0.0
4750.5 0.0
4750.8 0.0
4751.1 0.0
4751.4 0.0
4751.7 0.0
4752.0 0.0
4752.3 0.0
4752.6 0.0
4752.9 0.0
4753.2 0.0
4753.5 0.0
4753.8 0.0
4754.1 0.0
4754.4 0.0
4754.7 0.0
4755.0 0.0
4755.3 0.0
4755.6 0.0
4755.9 0.0
4756.2 0.0
4756.5 0.0
4756.8 0.0
4757.1 0.0
4757.4 0.0
4757.7 0.0
4758.0 0.0
4758.3 0.0
4758.6 0.0
4758.9 0.0
4759.2 0.0
4759.5 0.0
4759.8 0.0
4760.1 0.0
4760.4 0.0
4760.7 0.0
4761.0 0.0
4761.3 0.0
4761.6 0.0
4761.9 0.0
4762.2 0.0
4762.5 0.0
4762.8 0.0
4763.1 0.0
4763.4 0.0
4763.7 0.0
4764.0 0.0
4764.3 0.0
4764.6 0.0
4764.9 0.0
4765.2 0.0
4765.5 0.0
4765.8 0.0
4766.1 0.0
4766.4 0.0
4766.7 0.0
4767.0 0.0
4767.3 0.0
4767.6 0.0
4767.9 0.0
4768.2 0.0
4768.5 0.0
4768.8 0.0
4769.1 0.0
4769.4 0.0
4769.7 0.0
4770.0 0.0
4770.3 0.0
4770.6 0.0
4770.9 0.0
4771.2 0.0
4771.5 0.0
4771.8 0.0
4772.1 0.0
4772.4 0.0
4772.7 0.0
4773.0 0.0
4773.3 0.0
4773.6 0.0
4773.9 0.0
4774.2 0.0
4774.5 0.0
4774.8 0.0
4775.1 0.0
4775.4 0.0
4775.7 0.0
4776.0 0.0
4776.3 0.0
4776.6 0.0
4776.9 0.0
4777.2 0.0
4777.5 0.0
4777.8 0.0
4778.1 0.0
4778.4 0.0
4778.7 0.0
4779.0 0.0
4779.3 0.0
4779.6 0.0
4779.9 0.0
4780.2 0.0
4780.5 0.0
4780.8 0.0
4781.1 0.0
4781.4 0.0
4781.7 0.0
4782.0 0.0
4782.3 0.0
4782.6 0.0
4782.9 0.0
4783.2 0.0
4783.5 0.0
4783.8 0.0
4784.1 0.0
4784.4 0.0
4784.7 0.0
4785.0 0.0
4785.3 0.0
4785.6 0.0
4785.9 0.0
4786.2 0.0
4786.5 0.0
4786.8 0.0
4787.1 0.0
4787.4 0.0
4787.7 0.0
4788.0 0.0
4788.3 0.0
4788.6 0.0
4788.9 0.0
4789.2 0.0
4789.5 0.0
4789.8 0.0
4790.1 0.0
4790.4 0.0
4790.7 0.0
4791.0 0.0
4791.3 0.0
4791.6 0.0
4791.9 0.0
4792.2 0.0
4792.5 0.0
4792.8 0.0
4793.1 0.0
4793.4 0.0
4793.7 0.0
4794.0 0.0
4794.3 0.0
4794.6 0.0
4794.9 0.0
4795.2 0.0
4795.5 0.0
4795.8 0.0
4796.1 0.0
4796.4 0.0
4796.7 0.0
4797.0 0.0
4797.3 0.0
4797.6 0.0
4797.9 0.0
4798.2 0.0
4798.5 0.0
4798.8 0.0
4799.1 0.0
4799.4 0.0
4799.7 0.0
4800.0 0.0
4800.3 0.0
4800.6 0.0
4800.9 0.0
4801.2 0.0
4801.5 0.0
4801.8 0.0
4802.1 0.0
4802.4 0.0
4802.7 0.0
4803.0 0.0
4803.3 0.0
4803.6 0.0
4803.9 0.0
4804.2 0.0
4804.5 0.0
4804.8 0.0
4805.1 0.0
4805.4 0.0
4805.7 0.0
4806.0 0.0
4806.3 0.0
4806.6 0.0
4806.9 0.0
4807.2 0.0
4807.5 0.0
4807.8 0.0
4808.1 0.0
4808.4 0.0
4808.7 0.0
4809.0 0.0
4809.3 0.0
4809.6 0.0
4809.9 0.0
4810.2 0.0
4810.5 0.0
4810.8 0.0
4811.1 0.0
4811.4 0.0
4811.7 0.0
4812.0 0.0
4812.3 0.0
4812.6 0.0
4812.9 0.0
4813.2 0.0
4813.5 0.0
4813.8 0.0
4814.1 0.0
4814.4 0.0
4814.7 0.0
4815.0 0.0
4815.3 0.0
4815.6 0.0
4815.9 0.0
4816.2 0.0
4816.5 0.0
4816.8 0.0
4817.1 0.0
4817.4 0.0
4817.7 0.0
4818.0 0.0
4818.3 0.0
4818.6 0.0
4818.9 0.0
4819.2 0.0
4819.5 0.0
4819.8 0.0
4820.1 0.0
4820.4 0.0
4820.7 0.0
4821.0 0.0
4821.3 0.0
4821.6 0.0
4821.9 0.0
4822.2 0.0
4822.5 0.0
4822.8 0.0
4823.1 0.0
4823.4 0.0
4823.7 0.0
4824.0 0.0
4824.3 0.0
4824.6 0.0
4824.9 0.0
4825.2 0.0
4825.5 0.0
4825.8 0.0
4826.1 0.0
4826.4 0.0
4826.7 0.0
4827.0 0.0
4827.3 0.0
4827.6 0.0
4827.9 0.0
4828.2 0.0
4828.5 0.0
4828.8 0.0
4829.1 0.0
4829.4 0.0
4829.7 0.0
4830.0 0.0
4830.3 0.0
4830.6 0.0
4830.9 0.0
4831.2 0.0
4831.5 0.0
4831.8 0.0
4832.1 0.0
4832.4 0.0
4832.7 0.0
4833.0 0.0
4833.3 0.0
4833.6 0.0
4833.9 0.0
4834.2 0.0
4834.5 0.0
4834.8 0.0
4835.1 0.0
4835.4 0.0
4835.7 0.0
4836.0 0.0
4836.3 0.0
4836.6 0.0
4836.9 0.0
4837.2 0.0
4837.5 0.0
4837.8 0.0
4838.1 0.0
4838.4 0.0
4838.7 0.0
4839.0 0.0
4839.3 0.0
4839.6 0.0
4839.9 0.0
4840.2 0.0
4840.5 0.0
4840.8 0.0
4841.1 0.0
4841.4 0.0
4841.7 0.0
4842.0 0.0
4842.3 0.0
4842.6 0.0
4842.9 0.0
4843.2 0.0
4843.5 0.0
4843.8 0.0
4844.1 0.0
4844.4 0.0
4844.7 0.0
4845.0 0.0
4845.3 0.0
4845.6 0.0
4845.9 0.0
4846.2 0.0
4846.5 0.0
4846.8 0.0
4847.1 0.0
4847.4 0.0
4847.7 0.0
4848.0 0.0
4848.3 0.0
4848.6 0.0
4848.9 0.0
4849.2 0.0
4849.5 0.0
4849.8 0.0
4850.1 0.0
4850.4 0.0
4850.7 0.0
4851.0 0.0
4851.3 0.0
4851.6 0.0
4851.9 0.0
4852.2 0.0
4852.5 0.0
4852.8 0.0
4853.1 0.0
4853.4 0.0
4853.7 0.0
4854.0 0.0
4854.3 0.0
4854.6 0.0
4854.9 0.0
4855.2 0.0
4855.5 0.0
4855.8 0.0
4856.1 0.0
4856.4 0.0
4856.7 0.0
4857.0 0.0
4857.3 0.0
4857.6 0.0
4857.9 0.0
4858.2 0.0
4858.5 0.0
4858.8 0.0
4859.1 0.0
4859.4 0.0
4859.7 0.0
4860.0 0.0
4860.3 0.0
4860.6 0.0
4860.9 0.0
4861.2 0.0
4861.5 0.0
4861.8 0.0
4862.1 0.0
4862.4 0.0
4862.7 0.0
4863.0 0.0
4863.3 0.0
4863.6 0.0
4863.9 0.0
4864.2 0.0
4864.5 0.0
4864.8 0.0
4865.1 0.0
4865.4 0.0
4865.7 0.0
4866.0 0.0
4866.3 0.0
4866.6 0.0
4866.9 0.0
4867.2 0.0
4867.5 0.0
4867.8 0.0
4868.1 0.0
4868.4 0.0
4868.7 0.0
4869.0 0.0
4869.3 0.0
4869.6 0.0
4869.9 0.0
4870.2 0.0
4870.5 0.0
4870.8 0.0
4871.1 0.0
4871.4 0.0
4871.7 0.0
4872.0 0.0
4872.3 0.0
4872.6 0.0
4872.9 0.0
4873.2 0.0
4873.5 0.0
4873.8 0.0
4874.1 0.0
4874.4 0.0
4874.7 0.0
4875.0 0.0
4875.3 0.0
4875.6 0.0
4875.9 0.0
4876.2 0.0
4876.5 0.0
4876.8 0.0
4877.1 0.0
4877.4 0.0
4877.7 0.0
4878.0 0.0
4878.3 0.0
4878.6 0.0
4878.9 0.0
4879.2 0.0
4879.5 0.0
4879.8 0.0
4880.1 0.0
4880.4 0.0
4880.7 0.0
4881.0 0.0
4881.3 0.0
4881.6 0.0
4881.9 0.0
4882.2 0.0
4882.5 0.0
4882.8 0.0
4883.1 0.0
4883.4 0.0
4883.7 0.0
4884.0 0.0
4884.3 0.0
4884.6 0.0
4884.9 0.0
4885.2 0.0
4885.5 0.0
4885.8 0.0
4886.1 0.0
4886.4 0.0
4886.7 0.0
4887.0 0.0
4887.3 0.0
4887.6 0.0
4887.9 0.0
4888.2 0.0
4888.5 0.0
4888.8 0.0
4889.1 0.0
4889.4 0.0
4889.7 0.0
4890.0 0.0
4890.3 0.0
4890.6 0.0
4890.9 0.0
4891.2 0.0
4891.5 0.0
4891.8 0.0
4892.1 0.0
4892.4 0.0
4892.7 0.0
4893.0 0.0
4893.3 0.0
4893.6 0.0
4893.9 0.0
4894.2 0.0
4894.5 0.0
4894.8 0.0
4895.1 0.0
4895.4 0.0
4895.7 0.0
4896.0 0.0
4896.3 0.0
4896.6 0.0
4896.9 0.0
4897.2 0.0
4897.5 0.0
4897.8 0.0
4898.1 0.0
4898.4 0.0
4898.7 0.0
4899.0 0.0
4899.3 0.0
4899.6 0.0
4899.9 0.0
4900.2 3.66443224234566e-15
4900.5 0.0
4900.8 5.4966483635184894e-15
4901.1 9.161080605864149e-15
4901.4 1.465772896938264e-14
4901.7 2.931545793876528e-14
4902.0 5.496648532925079e-14
4902.3 9.893966884926692e-14
4902.6 1.8322161550541477e-13
4902.9 3.371277595195371e-13
4903.2 6.119601895539228e-13
4903.5 1.1048262998913927e-12
4903.8 1.978793431195447e-12
4904.1 3.527016135748684e-12
4904.4 6.2478568325918804e-12
4904.7 1.0996961154197127e-11
4905.0 1.9262915586492615e-11
4905.3 3.3442954045792436e-11
4905.6 5.7813996961983844e-11
4905.9 9.924871138404138e-11
4906.2 1.693562149581427e-10
4906.5 2.872340347570272e-10
4906.8 4.841365199760396e-10
4907.1 8.110707916113522e-10
4907.4 1.350369759251916e-9
4907.7 2.2348297263406866e-9
4908.0 3.6761541064493457e-9
4908.3 6.0109190043028586e-9
4908.6 9.770304542667068e-9
4908.9 1.5787648826793944e-8
4909.2 2.536282565395172e-8
4909.5 4.0512581194746085e-8
4909.8 6.434804413098831e-8
4910.1 1.0164488119765818e-7
4910.4 1.596981550125036e-7
4910.7 2.4960205344535705e-7
4911.0 3.881602082542052e-7
4911.3 6.007338105660031e-7
4911.6 9.254828780015228e-7
4911.9 1.4196858669684792e-6
4912.2 2.169160256811618e-6
4912.5 3.302331840832797e-6
4912.8 5.011291918736915e-6
4913.1 7.583394527737302e-6
4913.4 1.1448812289241557e-5
4913.7 1.7252297222157697e-5
4914.0 2.5961766348509338e-5
4914.3 3.9032914127183686e-5
4914.6 5.8659092143881116e-5
4914.9 8.815076486413747e-5
4915.2 0.0001325113345961896
4915.5 0.00019930945245251594
4915.8 0.0002999966467970936
4916.1 0.00045188964015717425
4916.4 0.0006811376142889514
4916.7 0.0010271365435570445
4917.0 0.0015490498162251676
4917.3 0.002335363218322062
4917.6 0.003517761935853958
4917.9 0.005291089182743569
4918.2 0.0079417514830471
4918.5 0.01188769460020822
4918.8 0.017733987903874038
4919.1 0.026349147061552003
4919.4 0.0389685346635531
4919.7 0.05733250940181733
4920.0 0.08386829898154247
4920.3 0.12192584927629468
4920.6 0.17607878654803244
4920.9 0.25250230314986766
4921.2 0.3594395688314762
4921.5 0.5077674273652519
4921.8 0.7116704713698709
4922.1 0.9894298611034174
4922.4 1.3643296900263522
4922.7 1.865681196373771
4923.0 2.529961312568048
4923.3 3.402064510359196
4923.6 4.536672782793175
4923.9 5.999767851084471
4924.2 7.8703472062479705
4924.5 10.242472343379632
4924.8 13.227875710930675
4925.1 16.95949949370697
4925.4 21.596494649536908
4925.7 27.331368159502745
4926.0 34.39998818747699
4926.3 43.09494423121214
4926.6 53.782093584537506
4926.9 66.91877231001854
4927.2 83.0700972378254
4927.5 102.9170093536377
4927.8 127.24684873223305
4928.1 156.9151953458786
4928.4 192.767857670784
4928.7 235.51579523086548
4929.0 285.5642753839493
4929.3 342.810688495636
4929.6 406.44093132019043
4929.9 474.768025636673
4930.2 545.1636962890625
4930.5 614.1285409927368
4930.8 677.5270547866821
4931.1 730.9810562133789
4931.4 770.3768110275269
4931.7 792.406002998352
4932.0 795.0412483215332
4932.3 777.8505096435547
4932.6 742.0824756622314
4932.9 690.5020866394043
4933.2 627.008053779602
4933.5 556.1089811325073
4933.8 482.3596086502075
4934.1 409.85773372650146
4934.4 341.878445148468
4934.7 280.6843013763428
4935.0 227.50946474075317
4935.3 182.6829013824463
4935.6 145.83788061141968
4935.9 116.15218734741211
4936.2 92.57315456867218
4936.5 73.99817109107971
4936.8 59.39843428134918
4937.1 47.88790571689606
4937.4 38.74801832437515
4937.7 31.422153770923615
4938.0 25.493278615176678
4938.3 20.655251514166594
4938.6 16.684709453955293
4938.9 13.417192030698061
4939.2 10.728759455960244
4939.5 8.522874702233821
4939.8 6.721619011485018
4940.1 5.26011826476315
4940.4 4.083157084591221
4940.7 3.1431717110972386
4941.0 2.399050705083937
4941.3 1.8153660035495705
4941.6 1.3618092001615878
4941.9 1.0127083447252971
4942.2 0.7465672284382663
4942.5 0.5456065752596544
4942.8 0.39530651650279935
4943.1 0.28395959852112185
4943.4 0.20224522136270906
4943.7 0.14283553803612126
4944.0 0.10004008706587886
4944.3 0.06949310496411429
4944.6 0.047884659959903944
4944.9 0.03273429455301137
4945.2 0.022204177904684094
4945.5 0.014947691575641915
4945.8 0.00998881643612353
4946.1 0.006627632617770024
4946.4 0.00436740521507508
4946.7 0.0028591605916243918
4947.0 0.0018601450878551562
4947.3 0.0012031116360810602
4947.6 0.0007739056584916693
4947.9 0.0004953125178142476
4948.2 0.00031555777691182757
4948.5 0.00020021503166993068
4948.8 0.00012657570587200177
4949.1 7.977394102122969e-5
4949.4 5.014735579461638e-5
4949.7 3.145737685738431e-5
4950.0 1.970064735564846e-5
4950.3 1.2322408967334263e-5
4950.6 7.70038142608198e-6
4950.9 4.8088295553862455e-6
4951.2 3.0015551515817793e-6
4951.5 1.8726653629794464e-6
4951.8 1.1677926325099854e-6
4952.1 7.27792370367177e-7
4952.4 4.532046411797247e-7
4952.7 2.8190615899658625e-7
4953.0 1.7510295530022072e-7
4953.3 1.0856743867205875e-7
4953.6 6.716662291923596e-8
4953.9 4.1445742613782364e-8
4954.2 2.549824326118567e-8
4954.5 1.56342100366254e-8
4954.8 9.55050284159764e-9
4955.1 5.810498312549841e-9
4955.4 3.5198211496858164e-9
4955.7 2.122233401984918e-9
4956.0 1.2734210124432641e-9
4956.3 7.602175967305369e-10
4956.6 4.5146051800631714e-10
4956.9 2.667024474514436e-10
4957.2 1.5663004720009095e-10
4957.5 9.149744019473787e-11
4957.8 5.310350054018082e-11
4958.1 3.068742217311732e-11
4958.4 1.7593823077770103e-11
4958.7 1.0028844842050627e-11
4959.0 5.708479162256524e-12
4959.3 3.2008816170520094e-12
4959.6 1.793739635991276e-12
4959.9 9.98557790274357e-13
4960.2 5.533293007814466e-13
4960.5 3.0414787442062385e-13
4960.8 1.6673167295595814e-13
4961.1 8.97785941726334e-14
4961.4 4.946983442463346e-14
4961.7 2.5651025696419617e-14
4962.0 1.465772896938264e-14
4962.3 7.32886448469132e-15
4962.6 3.66443224234566e-15
4962.9 1.83221612117283e-15
4963.2 1.83221612117283e-15
4963.5 0.0
4963.8 0.0
4964.1 0.0
4964.4 0.0
4964.7 0.0
4965.0 0.0
4965.3 0.0
4965.6 0.0
4965.9 0.0
4966.2 0.0
4966.5 0.0
4966.8 0.0
4967.1 0.0
4967.4 0.0
4967.7 0.0
4968.0 0.0
4968.3 0.0
4968.6 0.0
4968.9 0.0
4969.2 0.0
4969.5 0.0
4969.8 0.0
4970.1 0.0
4970.4 0.0
4970.7 0.0
4971.0 0.0
4971.3 0.0
4971.6 0.0
4971.9 0.0
4972.2 0.0
4972.5 0.0
4972.8 0.0
4973.1 0.0
4973.4 0.0
4973.7 0.0
4974.0 0.0
4974.3 0.0
4974.6 0.0
4974.9 0.0
4975.2 0.0
4975.5 0.0
4975.8 0.0
4976.1 0.0
4976.4 0.0
4976.7 0.0
4977.0 0.0
4977.3 0.0
4977.6 0.0
4977.9 0.0
4978.2 0.0
4978.5 0.0
4978.8 0.0
4979.1 0.0
4979.4 0.0
4979.7 0.0
4980.0 0.0
4980.3 0.0
4980.6 0.0
4980.9 0.0
4981.2 0.0
4981.5 0.0
4981.8 0.0
4982.1 0.0
4982.4 0.0
4982.7 0.0
4983.0 0.0
4983.3 0.0
4983.6 0.0
4983.9 0.0
4984.2 0.0
4984.5 0.0
4984.8 0.0
4985.1 0.0
4985.4 0.0
4985.7 0.0
4986.0 0.0
4986.3 0.0
4986.6 0.0
4986.9 0.0
4987.2 0.0
4987.5 0.0
4987.8 0.0
4988.1 0.0
4988.4 0.0
4988.7 0.0
4989.0 0.0
4989.3 0.0
4989.6 0.0
4989.9 0.0
4990.2 0.0
4990.5 0.0
4990.8 0.0
4991.1 0.0
4991.4 0.0
4991.7 0.0
4992.0 0.0
4992.3 0.0
4992.6 0.0
4992.9 0.0
4993.2 0.0
4993.5 0.0
4993.8 0.0
4994.1 0.0
4994.4 0.0
4994.7 0.0
4995.0 0.0
4995.3 0.0
4995.6 0.0
4995.9 0.0
4996.2 0.0
4996.5 0.0
4996.8 0.0
4997.1 0.0
4997.4 0.0
4997.7 0.0
4998.0 0.0
4998.3 0.0
4998.6 1.0059138817861048e-15
4998.9 1.0059138817861048e-15
4999.2 2.0118277635722097e-15
4999.5 4.023655527144419e-15
4999.8 6.0354828672001554e-15
5000.1 1.408279349797252e-14
5000.4 2.3136018857563938e-14
5000.7 4.3254296493286035e-14
5001.0 8.047311054288839e-14
5001.3 1.4485159220093552e-13
5001.6 2.5952577218345263e-13
5001.9 4.677499164905397e-13
5002.2 8.318907628729333e-13
5002.5 1.4726578246790356e-12
5002.8 2.5902281621664747e-12
5003.1 4.531641988742008e-12
5003.4 7.880603938512087e-12
5003.7 1.3614312585272237e-11
5004.0 2.3389455392051775e-11
5004.3 3.9929798286094824e-11
5004.6 6.777023405593957e-11
5004.9 1.1432139526704801e-10
5005.2 1.917032343251936e-10
5005.5 3.195308631575243e-10
5005.8 5.294244738637353e-10
5006.1 8.71956870482666e-10
5006.4 1.4276058583696638e-9
5006.7 2.3235139538903044e-9
5007.0 3.759363575547817e-9
5007.3 6.046849042236169e-9
5007.6 9.669504634553999e-9
5007.9 1.537290517496965e-8
5008.2 2.4299886468225132e-8
5008.5 3.819201055380151e-8
5008.8 5.968806235533512e-8
5009.1 9.276421372438837e-8
5009.4 1.4337975633842039e-7
5009.7 2.2042042906992207e-7
5010.0 3.370704533594418e-7
5010.3 5.128020449198022e-7
5010.6 7.762505698349621e-7
5010.9 1.1693609000000722e-6
5011.2 1.7533542850287103e-6
5011.5 2.6173060327447903e-6
5011.8 3.890466899703029e-6
5012.1 5.7599559328161244e-6
5012.4 8.496177752982685e-6
5012.7 1.2489338573003916e-5
5013.0 1.8301958460407866e-5
5013.3 2.6744399706754488e-5
5013.6 3.898357088413049e-5
5013.9 5.6699336174220765e-5
5014.2 8.230948516487114e-5
5014.5 0.00011929287065613509
5014.8 0.0001726528261843988
5015.1 0.0002495797405972812
5015.4 0.0003603951993579983
5015.7 0.0005198914984974184
5016.0 0.0007492218802559736
5016.3 0.0010785520734730714
5016.6 0.001550753959383755
5016.9 0.0022265110982826464
5017.2 0.0031913174762880914
5017.5 0.004564982580566479
5017.8 0.006514413047437273
5018.1 0.00927062209114382
5018.4 0.013151109050724585
5018.7 0.018588958527658406
5019.0 0.026170208798419026
5019.3 0.036681211865129626
5019.6 0.05116784589301915
5019.9 0.07100848751997546
5020.2 0.09800261126974874
5020.5 0.1344767277014398
5020.8 0.1834089295098238
5021.1 0.2485729302843538
5021.4 0.3347015274739533
5021.7 0.4476686879643239
5022.0 0.5946882221760461
5022.3 0.7845259959576651
5022.6 1.0277223244484048
5022.9 1.3368210520711727
5023.2 1.7266049479949288
5023.5 2.214341785176657
5023.8 2.8200564694125205
5024.1 3.5668592082802206
5024.4 4.481378231663257
5024.7 5.5943650170229375
5025.0 6.94154395069927
5025.3 8.564757599495351
5025.6 10.513385333120823
5025.9 12.845860559493303
5026.2 15.630885154008865
5026.5 18.947626687586308
5026.8 22.883873715996742
5027.1 27.530908979475498
5027.4 32.97389771044254
5027.7 39.27707456052303
5028.0 46.46398124098778
5028.3 54.49453815817833
5028.6 63.242432594299316
5028.9 72.47786891460419
5029.2 81.8614194393158
5029.5 90.95407712459564
5029.8 99.24631381034851
5030.1 106.20521199703217
5030.4 111.33433926105499
5030.7 114.23706674575806
5031.0 114.67192387580872
5031.3 112.58891773223877
5031.6 108.13912105560303
5031.9 101.65515112876892
5032.2 93.6061954498291
5032.5 84.53652095794678
5032.8 74.99914491176605
5033.1 65.49635195732117
5033.4 56.436033487319946
5033.7 48.108406603336334
5034.0 40.68302899599075
5034.3 34.222178280353546
5034.6 28.704526722431183
5034.9 24.05268070101738
5035.2 20.159222818911076
5035.5 16.9077717512846
5035.8 14.187580812722445
5036.1 11.901820221915841
5036.4 9.970736538991332
5036.7 8.331292767077684
5037.0 6.934834534302354
5037.3 5.744014934170991
5037.6 4.729779452783987
5037.9 3.8688445007428527
5038.2 3.141813598864246
5038.5 2.5319001148454845
5038.8 2.0241418365912978
5039.1 1.6049691061052727
5039.4 1.2619999449634633
5039.7 0.9839643653813255
5040.0 0.7606876462286891
5040.3 0.5830888359112123
5040.6 0.44317039385441603
5040.9 0.33398757157880254
5041.2 0.24959599742905425
5041.5 0.18497972643362814
5041.8 0.13596530553707353
5042.1 0.09912752968145
5042.4 0.07169253293300515
5042.7 0.05144284293566154
5043.0 0.03662792327281886
5043.3 0.025882620271778296
5043.6 0.01815486480539958
5043.9 0.012643152518554721
5044.2 0.008743658429717641
5044.5 0.006006395901639523
5044.8 0.004099542904921322
5045.1 0.002780903600560679
5045.4 0.0018754456734732142
5045.7 0.0012578843745078437
5046.0 0.00083937157982231
5046.3 0.0005574599564906143
5046.6 0.0003686335005618352
5046.9 0.00024281656465553053
5047.2 0.00015938469935627628
5047.5 0.00010429900018785361
5047.8 6.806952754608714e-5
5048.1 4.432276789716042e-5
5048.4 2.8803725969105782e-5
5048.7 1.8687140803912616e-5
5049.0 1.2106221194496729e-5
5049.3 7.83278080317042e-6
5049.6 5.06178601708172e-6
5049.9 3.267223792118564e-6
5050.2 2.1062839694805377e-6
5050.5 1.3560155398497603e-6
5050.8 8.716527978148703e-7
5051.1 5.593124194859439e-7
5051.4 3.581658071654093e-7
5051.7 2.2883027714358375e-7
5052.0 1.4582509298584885e-7
5052.3 9.26764108498154e-8
5052.6 5.8744176920561564e-8
5052.9 3.71670287094915e-8
5053.2 2.3532321811468894e-8
5053.5 1.501743640285374e-8
5053.8 9.837547546914175e-9
5054.1 6.893922633766638e-9
5054.4 5.5566862248658605e-9
5054.7 5.53866490571492e-9
5055.0 6.8376514827217235e-9
5055.3 9.734268468683122e-9
5055.6 1.4844076089828329e-8
5055.9 2.323283624806688e-8
5056.2 3.6611767416518935e-8
5056.5 5.7644496721921664e-8
5056.8 9.041396382986015e-8
5057.1 1.4111749871816108e-7
5057.4 2.190967660427045e-7
5057.7 3.3834678616722876e-7
5058.0 5.19721008488219e-7
5058.3 7.941338674808495e-7
5058.6 1.2071972123292685e-6
5058.9 1.825908472198487e-6
5059.2 2.7482721728764757e-6
5059.5 4.117112634952785e-6
5059.8 6.139870715311343e-6
5060.1 9.116945050463237e-6
5060.4 1.348225639412125e-5
5060.7 1.9861286136996955e-5
5061.0 2.9154152449692155e-5
5061.3 4.265459825852742e-5
5061.6 6.222048234767642e-5
5061.9 9.051825363256904e-5
5062.2 0.00013137352680138767
5062.5 0.0001902738815300527
5062.8 0.00027508933218635336
5063.1 0.00039710351278206876
5063.4 0.0005724864776743919
5063.7 0.0008243923482289528
5064.0 0.0011859356565196155
5064.3 0.0017043959868590086
5064.6 0.0024471251819477846
5064.9 0.0035097964041521656
5065.2 0.005027841989708293
5065.5 0.007192191725803099
5065.8 0.010270743990975717
5066.1 0.01463738891732902
5066.4 0.02081085621593104
5066.7 0.029506162184617324
5067.0 0.041701989260673145
5067.3 0.0587278771650972
5067.6 0.0823756865007681
5067.9 0.1150401946938473
5068.2 0.1598940917474465
5068.5 0.22110265676383278
5068.8 0.3040832700262399
5069.1 0.4158142237502034
5069.4 0.5651963751151925
5069.7 0.7634693220461486
5070.0 1.024681850874913
5070.3 1.3662133401376195
5070.6 1.809340109291952
5070.9 2.3798372970777564
5071.2 3.1086057828506455
5071.5 4.032313916366547
5071.8 5.194051677826792
5072.1 6.644010483287275
5072.4 8.440230768173933
5072.7 10.649503287859261
5073.0 13.34856880735606
5073.3 16.62580808252096
5073.6 20.58364667184651
5073.9 25.341831274330616
5074.2 31.04154297709465
5074.5 37.849887415766716
5074.8 45.96363987028599
5075.1 55.61025173962116
5075.4 67.04316635429859
5075.7 80.5278625190258
5076.0 96.31505888700485
5076.3 114.59876990318298
5076.6 135.45971328020096
5076.9 158.7987780570984
5077.2 184.27037262916565
5077.5 211.22999691963196
5077.8 238.71282315254211
5078.1 265.4584515094757
5078.4 289.9908790588379
5078.7 310.7519545555115
5079.0 326.2739233970642
5079.3 335.36483812332153
5079.6 337.2736520767212
5079.9 331.80243587493896
5080.2 319.3419065475464
5080.5 300.8218240737915
5080.8 277.58549451828003
5081.1 251.21305084228516
5081.4 223.32745790481567
5081.7 195.41762113571167
5082.0 168.70568823814392
5082.3 144.0733904838562
5082.6 122.04812264442444
5082.9 102.83832371234894
5083.2 86.40070253610611
5083.5 72.52047538757324
5083.8 60.888462603092194
5084.1 51.16436368227005
5084.4 43.021298959851265
5084.7 36.17169024050236
5085.0 30.377731554210186
5085.3 25.451104037463665
5085.6 21.24649683199823
5085.9 17.652652910910547
5086.2 14.583416007459164
5086.5 11.970133170019835
5086.8 9.75591279193759
5087.1 7.891690373769961
5087.4 6.333779395790771
5087.7 5.042508281127084
5088.0 3.981566778224078
5088.3 3.1177637511318608
5088.6 2.420982538662429
5088.9 1.864197185451303
5089.2 1.423469224811015
5089.5 1.0778899774611546
5089.8 0.8094557876190152
5090.1 0.60288383852442
5090.4 0.4453813907799926
5090.7 0.3263855020644737
5091.0 0.23728963712819384
5091.3 0.17117130644907141
5091.6 0.12253192896367998
5091.9 0.08705678943049479
5092.2 0.06139988837390939
5092.5 0.04299606323832345
5092.8 0.029900557722033577
5093.1 0.02065484677607925
5093.4 0.014176504128888712
5093.7 0.009670377635297798
5094.0 0.006558098056084495
5094.3 0.004422991057092058
5094.6 0.002967641460219388
5094.9 0.0019816488141311947
5095.2 0.001317444509694558
5095.5 0.0008723774618021596
5095.8 0.0005756017623401166
5096.1 0.0003785854051804871
5096.4 0.00024831539986302706
5096.7 0.0001624823288637299
5097.0 0.00010610159867702846
5097.3 6.916441167780125e-5
5097.6 4.501908511033017e-5
5097.9 2.9264757946086004e-5
5098.2 1.9001102510963432e-5
5098.5 1.2323054679287218e-5
5098.8 7.982755122311367e-6
5099.1 5.164659988504106e-6
5099.4 3.336707754619378e-6
5099.7 2.152248418336168e-6
5100.0 1.385659200914101e-6
5100.3 8.902025774548862e-7
5100.6 5.705052312792726e-7
5100.9 3.646151058935519e-7
5101.2 2.3231617331718503e-7
5101.5 1.475239567297888e-7
5101.8 9.333798517006829e-8
5102.1 5.8823147905554004e-8
5102.4 3.691668962603305e-8
5102.7 2.3066514037333098e-8
5103.0 1.434612564066305e-8
5103.3 8.879730996152235e-9
5103.6 5.469013358750986e-9
5103.9 3.3511360842573633e-9
5104.2 2.0426840047996914e-9
5104.5 1.2384501236867342e-9
5104.8 7.467832228685896e-10
5105.1 4.4781976657239786e-10
5105.4 2.6708905920015533e-10
5105.7 1.5835516766872715e-10
5106.0 9.333981551091898e-11
5106.3 5.4756626392720776e-11
5106.6 3.189134691140768e-11
5106.9 1.8469977480230996e-11
5107.2 1.0656449010162331e-11
5107.5 6.089780155843494e-12
5107.8 3.46538921690287e-12
5108.1 1.965311160340155e-12
5108.4 1.1064194265636429e-12
5108.7 6.143460848546944e-13
5109.0 3.459424587071158e-13
5109.3 1.9086480714056858e-13
5109.6 1.0139693175804237e-13
5109.9 5.964525477252652e-14
5110.2 2.982262738626326e-14
5110.5 1.7893576092944778e-14
5110.8 5.964525223142768e-15
5111.1 5.964525223142768e-15
5111.4 2.982262611571384e-15
5111.7 2.982262611571384e-15
5112.0 0.0
5112.3 0.0
5112.6 0.0
5112.9 0.0
5113.2 0.0
5113.5 0.0
5113.8 0.0
5114.1 0.0
5114.4 0.0
5114.7 0.0
5115.0 0.0
5115.3 0.0
5115.6 0.0
5115.9 0.0
5116.2 0.0
5116.5 0.0
5116.8 0.0
5117.1 0.0
5117.4 0.0
5117.7 0.0
5118.0 0.0
5118.3 0.0
5118.6 0.0
5118.9 0.0
5119.2 0.0
5119.5 0.0
5119.8 0.0
5120.1 0.0
5120.4 0.0
5120.7 0.0
5121.0 0.0
5121.3 0.0
5121.6 0.0
5121.9 0.0
5122.2 0.0
5122.5 0.0
5122.8 0.0
5123.1 0.0
5123.4 0.0
5123.7 0.0
5124.0 0.0
5124.3 0.0
5124.6 0.0
5124.9 0.0
5125.2 0.0
5125.5 0.0
5125.8 0.0
5126.1 0.0
5126.4 0.0
5126.7 0.0
5127.0 0.0
5127.3 0.0
5127.6 0.0
5127.9 0.0
5128.2 0.0
5128.5 0.0
5128.8 0.0
5129.1 0.0
5129.4 0.0
5129.7 0.0
5130.0 0.0
5130.3 0.0
5130.6 0.0
5130.9 0.0
5131.2 0.0
5131.5 0.0
5131.8 0.0
5132.1 0.0
5132.4 0.0
5132.7 0.0
5133.0 0.0
5133.3 0.0
5133.6 0.0
5133.9 0.0
5134.2 0.0
5134.5 0.0
5134.8 0.0
5135.1 0.0
5135.4 0.0
5135.7 0.0
5136.0 0.0
5136.3 0.0
5136.6 0.0
5136.9 0.0
5137.2 0.0
5137.5 0.0
5137.8 0.0
5138.1 0.0
5138.4 0.0
5138.7 0.0
5139.0 0.0
5139.3 0.0
5139.6 0.0
5139.9 0.0
5140.2 0.0
5140.5 0.0
5140.8 0.0
5141.1 0.0
5141.4 0.0
5141.7 0.0
5142.0 0.0
5142.3 0.0
5142.6 0.0
5142.9 0.0
5143.2 0.0
5143.5 0.0
5143.8 0.0
5144.1 0.0
5144.4 0.0
5144.7 0.0
5145.0 0.0
5145.3 0.0
5145.6 0.0
5145.9 0.0
5146.2 0.0
5146.5 0.0
5146.8 0.0
5147.1 0.0
5147.4 0.0
5147.7 0.0
5148.0 0.0
5148.3 0.0
5148.6 0.0
5148.9 0.0
5149.2 0.0
5149.5 0.0
5149.8 0.0
5150.1 0.0
5150.4 0.0
5150.7 0.0
5151.0 0.0
5151.3 0.0
5151.6 0.0
5151.9 0.0
5152.2 0.0
5152.5 0.0
5152.8 0.0
5153.1 0.0
5153.4 0.0
5153.7 0.0
5154.0 0.0
5154.3 0.0
5154.6 0.0
5154.9 0.0
5155.2 0.0
5155.5 0.0
5155.8 0.0
5156.1 0.0
5156.4 0.0
5156.7 0.0
5157.0 0.0
5157.3 0.0
5157.6 0.0
5157.9 0.0
5158.2 0.0
5158.5 0.0
5158.8 0.0
5159.1 0.0
5159.4 0.0
5159.7 0.0
5160.0 0.0
5160.3 0.0
5160.6 0.0
5160.9 0.0
5161.2 0.0
5161.5 0.0
5161.8 0.0
5162.1 0.0
5162.4 0.0
5162.7 0.0
5163.0 0.0
5163.3 0.0
5163.6 0.0
5163.9 0.0
5164.2 0.0
5164.5 0.0
5164.8 0.0
5165.1 0.0
5165.4 0.0
5165.7 0.0
5166.0 0.0
5166.3 0.0
5166.6 0.0
5166.9 0.0
5167.2 0.0
5167.5 0.0
5167.8 0.0
5168.1 0.0
5168.4 0.0
5168.7 0.0
5169.0 0.0
5169.3 0.0
5169.6 0.0
5169.9 0.0
5170.2 0.0
5170.5 0.0
5170.8 0.0
5171.1 0.0
5171.4 0.0
5171.7 0.0
5172.0 0.0
5172.3 0.0
5172.6 0.0
5172.9 0.0
5173.2 0.0
5173.5 0.0
5173.8 0.0
5174.1 0.0
5174.4 0.0
5174.7 0.0
5175.0 0.0
5175.3 0.0
5175.6 0.0
5175.9 0.0
5176.2 0.0
5176.5 0.0
5176.8 0.0
5177.1 0.0
5177.4 0.0
5177.7 0.0
5178.0 0.0
5178.3 0.0
5178.6 0.0
5178.9 0.0
5179.2 0.0
5179.5 0.0
5179.8 0.0
5180.1 0.0
5180.4 0.0
5180.7 0.0
5181.0 0.0
5181.3 0.0
5181.6 0.0
5181.9 0.0
5182.2 0.0
5182.5 0.0
5182.8 0.0
5183.1 0.0
5183.4 0.0
5183.7 0.0
5184.0 0.0
5184.3 0.0
5184.6 0.0
5184.9 0.0
5185.2 0.0
5185.5 0.0
5185.8 0.0
5186.1 0.0
5186.4 0.0
5186.7 0.0
5187.0 0.0
5187.3 0.0
5187.6 0.0
5187.9 0.0
5188.2 0.0
5188.5 0.0
5188.8 0.0
5189.1 0.0
5189.4 0.0
5189.7 0.0
5190.0 0.0
5190.3 0.0
5190.6 0.0
5190.9 0.0
5191.2 0.0
5191.5 0.0
5191.8 0.0
5192.1 0.0
5192.4 0.0
5192.7 0.0
5193.0 0.0
5193.3 0.0
5193.6 0.0
5193.9 0.0
5194.2 0.0
5194.5 0.0
5194.8 0.0
5195.1 0.0
5195.4 0.0
5195.7 0.0
5196.0 0.0
5196.3 0.0
5196.6 0.0
5196.9 0.0
5197.2 0.0
5197.5 0.0
5197.8 0.0
5198.1 0.0
5198.4 0.0
5198.7 0.0
5199.0 0.0
5199.3 0.0
5199.6 0.0
5199.9 0.0
5200.2 0.0
5200.5 0.0
5200.8 0.0
5201.1 0.0
5201.4 0.0
5201.7 0.0
5202.0 0.0
5202.3 0.0
5202.6 0.0
5202.9 0.0
5203.2 0.0
5203.5 0.0
5203.8 0.0
5204.1 0.0
5204.4 0.0
5204.7 0.0
5205.0 0.0
5205.3 0.0
5205.6 0.0
5205.9 0.0
5206.2 0.0
5206.5 0.0
5206.8 0.0
5207.1 0.0
5207.4 0.0
5207.7 0.0
5208.0 0.0
5208.3 0.0
5208.6 0.0
5208.9 0.0
5209.2 0.0
5209.5 0.0
5209.8 0.0
5210.1 0.0
5210.4 0.0
5210.7 0.0
5211.0 0.0
5211.3 0.0
5211.6 0.0
5211.9 0.0
5212.2 0.0
5212.5 0.0
5212.8 0.0
5213.1 0.0
5213.4 0.0
5213.7 0.0
5214.0 0.0
5214.3 0.0
5214.6 0.0
5214.9 0.0
5215.2 0.0
5215.5 0.0
5215.8 0.0
5216.1 0.0
5216.4 0.0
5216.7 0.0
5217.0 0.0
5217.3 0.0
5217.6 0.0
5217.9 0.0
5218.2 0.0
5218.5 0.0
5218.8 0.0
5219.1 0.0
5219.4 0.0
5219.7 0.0
5220.0 0.0
5220.3 0.0
5220.6 0.0
5220.9 0.0
5221.2 0.0
5221.5 0.0
5221.8 0.0
5222.1 0.0
5222.4 0.0
5222.7 0.0
5223.0 0.0
5223.3 0.0
5223.6 0.0
5223.9 0.0
5224.2 0.0
5224.5 0.0
5224.8 0.0
5225.1 0.0
5225.4 0.0
5225.7 0.0
5226.0 0.0
5226.3 0.0
5226.6 0.0
5226.9 0.0
5227.2 0.0
5227.5 0.0
5227.8 0.0
5228.1 0.0
5228.4 0.0
5228.7 0.0
5229.0 0.0
5229.3 0.0
5229.6 0.0
5229.9 0.0
5230.2 0.0
5230.5 0.0
5230.8 0.0
5231.1 0.0
5231.4 0.0
5231.7 0.0
5232.0 0.0
5232.3 0.0
5232.6 0.0
5232.9 0.0
5233.2 0.0
5233.5 0.0
5233.8 0.0
5234.1 0.0
5234.4 0.0
5234.7 0.0
5235.0 0.0
5235.3 0.0
5235.6 0.0
5235.9 0.0
5236.2 0.0
5236.5 0.0
5236.8 0.0
5237.1 0.0
5237.4 0.0
5237.7 0.0
5238.0 0.0
5238.3 0.0
5238.6 0.0
5238.9 0.0
5239.2 0.0
5239.5 0.0
5239.8 0.0
5240.1 0.0
5240.4 0.0
5240.7 0.0
5241.0 0.0
5241.3 0.0
5241.6 0.0
5241.9 0.0
5242.2 0.0
5242.5 0.0
5242.8 0.0
5243.1 0.0
5243.4 0.0
5243.7 0.0
5244.0 0.0
5244.3 0.0
5244.6 0.0
5244.9 0.0
5245.2 0.0
5245.5 0.0
5245.8 0.0
5246.1 0.0
5246.4 0.0
5246.7 0.0
5247.0 0.0
5247.3 0.0
5247.6 0.0
5247.9 0.0
5248.2 0.0
5248.5 0.0
5248.8 0.0
5249.1 0.0
5249.4 0.0
5249.7 0.0
5250.0 0.0
5250.3 0.0
5250.6 0.0
5250.9 0.0
5251.2 0.0
5251.5 0.0
5251.8 0.0
5252.1 0.0
5252.4 0.0
5252.7 0.0
5253.0 0.0
5253.3 0.0
5253.6 0.0
5253.9 0.0
5254.2 0.0
5254.5 0.0
5254.8 0.0
5255.1 0.0
5255.4 0.0
5255.7 0.0
5256.0 0.0
5256.3 0.0
5256.6 0.0
5256.9 0.0
5257.2 0.0
5257.5 0.0
5257.8 0.0
5258.1 0.0
5258.4 0.0
5258.7 0.0
5259.0 0.0
5259.3 0.0
5259.6 0.0
5259.9 0.0
5260.2 0.0
5260.5 0.0
5260.8 0.0
5261.1 0.0
5261.4 0.0
5261.7 0.0
5262.0 0.0
5262.3 0.0
5262.6 0.0
5262.9 0.0
5263.2 0.0
5263.5 0.0
5263.8 0.0
5264.1 0.0
5264.4 0.0
5264.7 0.0
5265.0 0.0
5265.3 0.0
5265.6 0.0
5265.9 0.0
5266.2 0.0
5266.5 0.0
5266.8 0.0
5267.1 0.0
5267.4 0.0
5267.7 0.0
5268.0 0.0
5268.3 0.0
5268.6 0.0
5268.9 0.0
5269.2 0.0
5269.5 0.0
5269.8 0.0
5270.1 0.0
5270.4 0.0
5270.7 0.0
5271.0 0.0
5271.3 0.0
5271.6 0.0
5271.9 0.0
5272.2 0.0
5272.5 0.0
5272.8 0.0
5273.1 0.0
5273.4 0.0
5273.7 0.0
5274.0 0.0
5274.3 0.0
5274.6 0.0
5274.9 0.0
5275.2 0.0
5275.5 0.0
5275.8 0.0
5276.1 0.0
5276.4 0.0
5276.7 0.0
5277.0 0.0
5277.3 0.0
5277.6 0.0
5277.9 0.0
5278.2 0.0
5278.5 0.0
5278.8 0.0
5279.1 0.0
5279.4 0.0
5279.7 0.0
5280.0 0.0
5280.3 0.0
5280.6 0.0
5280.9 0.0
5281.2 0.0
5281.5 0.0
5281.8 0.0
5282.1 0.0
5282.4 0.0
5282.7 0.0
5283.0 0.0
5283.3 0.0
5283.6 0.0
5283.9 0.0
5284.2 0.0
5284.5 0.0
5284.8 0.0
5285.1 0.0
5285.4 0.0
5285.7 0.0
5286.0 0.0
5286.3 0.0
5286.6 0.0
5286.9 0.0
5287.2 0.0
5287.5 0.0
5287.8 0.0
5288.1 0.0
5288.4 0.0
5288.7 0.0
5289.0 0.0
5289.3 0.0
5289.6 0.0
5289.9 0.0
5290.2 0.0
5290.5 0.0
5290.8 0.0
5291.1 0.0
5291.4 0.0
5291.7 0.0
5292.0 0.0
5292.3 0.0
5292.6 0.0
5292.9 0.0
5293.2 0.0
5293.5 0.0
5293.8 0.0
5294.1 0.0
5294.4 0.0
5294.7 0.0
5295.0 0.0
5295.3 0.0
5295.6 0.0
5295.9 0.0
5296.2 0.0
5296.5 0.0
5296.8 0.0
5297.1 0.0
5297.4 0.0
5297.7 0.0
5298.0 0.0
5298.3 0.0
5298.6 0.0
5298.9 0.0
5299.2 0.0
5299.5 0.0
5299.8 0.0
5300.1 0.0
5300.4 0.0
5300.7 0.0
5301.0 0.0
5301.3 0.0
5301.6 0.0
5301.9 0.0
5302.2 0.0
5302.5 0.0
5302.8 0.0
5303.1 0.0
5303.4 0.0
5303.7 0.0
5304.0 0.0
5304.3 0.0
5304.6 0.0
5304.9 0.0
5305.2 0.0
5305.5 0.0
5305.8 0.0
5306.1 0.0
5306.4 0.0
5306.7 0.0
5307.0 0.0
5307.3 0.0
5307.6 0.0
5307.9 0.0
5308.2 0.0
5308.5 0.0
5308.8 0.0
5309.1 0.0
5309.4 0.0
5309.7 0.0
5310.0 0.0
5310.3 0.0
5310.6 0.0
5310.9 0.0
5311.2 0.0
5311.5 0.0
5311.8 0.0
5312.1 0.0
5312.4 0.0
5312.7 0.0
5313.0 0.0
5313.3 0.0
5313.6 0.0
5313.9 0.0
5314.2 0.0
5314.5 0.0
5314.8 0.0
5315.1 0.0
5315.4 0.0
5315.7 0.0
5316.0 0.0
5316.3 0.0
5316.6 0.0
5316.9 0.0
5317.2 0.0
5317.5 0.0
5317.8 0.0
5318.1 0.0
5318.4 0.0
5318.7 0.0
5319.0 0.0
5319.3 0.0
5319.6 0.0
5319.9 0.0
5320.2 0.0
5320.5 0.0
5320.8 0.0
5321.1 0.0
5321.4 0.0
5321.7 0.0
5322.0 0.0
5322.3 0.0
5322.6 0.0
5322.9 0.0
5323.2 0.0
5323.5 0.0
5323.8 0.0
5324.1 0.0
5324.4 0.0
5324.7 0.0
5325.0 0.0
5325.3 0.0
5325.6 0.0
5325.9 0.0
5326.2 0.0
5326.5 0.0
5326.8 0.0
5327.1 0.0
5327.4 0.0
5327.7 0.0
5328.0 0.0
5328.3 0.0
5328.6 0.0
5328.9 0.0
5329.2 0.0
5329.5 0.0
5329.8 0.0
