6165.0 0.0
6165.3 0.0
6165.6 0.0
6165.9 0.0
6166.2 0.0
6166.5 0.0
6166.8 0.0
6167.1 0.0
6167.4 0.0
6167.7 0.0
6168.0 0.0
6168.3 0.0
6168.6 0.0
6168.9 0.0
6169.2 0.0
6169.5 0.0
6169.8 0.0
6170.1 0.0
6170.4 0.0
6170.7 0.0
6171.0 0.0
6171.3 0.0
6171.6 0.0
6171.9 0.0
6172.2 0.0
6172.5 0.0
6172.8 0.0
6173.1 0.0
6173.4 0.0
6173.7 0.0
6174.0 0.0
6174.3 0.0
6174.6 0.0
6174.9 0.0
6175.2 0.0
6175.5 0.0
6175.8 0.0
6176.1 0.0
6176.4 0.0
6176.7 0.0
6177.0 0.0
6177.3 0.0
6177.6 0.0
6177.9 0.0
6178.2 0.0
6178.5 0.0
6178.8 0.0
6179.1 0.0
6179.4 0.0
6179.7 0.0
6180.0 0.0
6180.3 0.0
6180.6 0.0
6180.9 0.0
6181.2 0.0
6181.5 0.0
6181.8 0.0
6182.1 0.0
6182.4 0.0
6182.7 0.0
6183.0 0.0
6183.3 0.0
6183.6 0.0
6183.9 0.0
6184.2 0.0
6184.5 0.0
6184.8 0.0
6185.1 0.0
6185.4 0.0
6185.7 0.0
6186.0 0.0
6186.3 0.0
6186.6 0.0
6186.9 0.0
6187.2 0.0
6187.5 0.0
6187.8 0.0
6188.1 0.0
6188.4 0.0
6188.7 0.0
6189.0 0.0
6189.3 0.0
6189.6 0.0
6189.9 0.0
6190.2 0.0
6190.5 0.0
6190.8 0.0
6191.1 0.0
6191.4 0.0
6191.7 0.0
6192.0 0.0
6192.3 0.0
6192.6 0.0
6192.9 0.0
6193.2 0.0
6193.5 0.0
6193.8 0.0
6194.1 0.0
6194.4 0.0
6194.7 0.0
6195.0 0.0
6195.3 0.0
6195.6 0.0
6195.9 0.0
6196.2 0.0
6196.5 0.0
6196.8 0.0
6197.1 0.0
6197.4 0.0
6197.7 0.0
6198.0 0.0
6198.3 0.0
6198.6 0.0
6198.9 0.0
6199.2 0.0
6199.5 0.0
6199.8 0.0
6200.1 0.0
6200.4 0.0
6200.7 0.0
6201.0 0.0
6201.3 0.0
6201.6 0.0
6201.9 0.0
6202.2 0.0
6202.5 0.0
6202.8 0.0
6203.1 0.0
6203.4 0.0
6203.7 0.0
6204.0 0.0
6204.3 0.0
6204.6 0.0
6204.9 0.0
6205.2 0.0
6205.5 0.0
6205.8 0.0
6206.1 0.0
6206.4 0.0
6206.7 0.0
6207.0 0.0
6207.3 0.0
6207.6 0.0
6207.9 0.0
6208.2 0.0
6208.5 0.0
6208.8 0.0
6209.1 0.0
6209.4 0.0
6209.7 0.0
6210.0 0.0
6210.3 0.0
6210.6 0.0
6210.9 0.0
6211.2 0.0
6211.5 0.0
6211.8 0.0
6212.1 0.0
6212.4 0.0
6212.7 0.0
6213.0 0.0
6213.3 0.0
6213.6 0.0
6213.9 0.0
6214.2 0.0
6214.5 0.0
6214.8 0.0
6215.1 0.0
6215.4 0.0
6215.7 0.0
6216.0 0.0
6216.3 0.0
6216.6 0.0
6216.9 0.0
6217.2 0.0
6217.5 0.0
6217.8 0.0
6218.1 0.0
6218.4 0.0
6218.7 0.0
6219.0 0.0
6219.3 0.0
6219.6 0.0
6219.9 0.0
6220.2 0.0
6220.5 0.0
6220.8 0.0
6221.1 0.0
6221.4 0.0
6221.7 0.0
6222.0 0.0
6222.3 0.0
6222.6 0.0
6222.9 0.0
6223.2 0.0
6223.5 0.0
6223.8 0.0
6224.1 0.0
6224.4 0.0
6224.7 0.0
6225.0 0.0
6225.3 0.0
6225.6 0.0
6225.9 0.0
6226.2 0.0
6226.5 0.0
6226.8 0.0
6227.1 0.0
6227.4 0.0
6227.7 0.0
6228.0 0.0
6228.3 0.0
6228.6 0.0
6228.9 0.0
6229.2 0.0
6229.5 0.0
6229.8 0.0
6230.1 0.0
6230.4 0.0
6230.7 0.0
6231.0 0.0
6231.3 0.0
6231.6 0.0
6231.9 0.0
6232.2 0.0
6232.5 0.0
6232.8 0.0
6233.1 0.0
6233.4 0.0
6233.7 0.0
6234.0 0.0
6234.3 0.0
6234.6 0.0
6234.9 0.0
6235.2 0.0
6235.5 0.0
6235.8 0.0
6236.1 0.0
6236.4 0.0
6236.7 0.0
6237.0 0.0
6237.3 0.0
6237.6 0.0
6237.9 0.0
6238.2 0.0
6238.5 0.0
6238.8 0.0
6239.1 0.0
6239.4 0.0
6239.7 0.0
6240.0 0.0
6240.3 0.0
6240.6 0.0
6240.9 0.0
6241.2 0.0
6241.5 0.0
6241.8 0.0
6242.1 0.0
6242.4 0.0
6242.7 0.0
6243.0 0.0
6243.3 0.0
6243.6 0.0
6243.9 0.0
6244.2 0.0
6244.5 0.0
6244.8 0.0
6245.1 0.0
6245.4 0.0
6245.7 0.0
6246.0 0.0
6246.3 0.0
6246.6 0.0
6246.9 0.0
6247.2 0.0
6247.5 0.0
6247.8 0.0
6248.1 0.0
6248.4 0.0
6248.7 0.0
6249.0 0.0
6249.3 0.0
6249.6 0.0
6249.9 0.0
6250.2 0.0
6250.5 0.0
6250.8 0.0
6251.1 0.0
6251.4 0.0
6251.7 0.0
6252.0 0.0
6252.3 0.0
6252.6 0.0
6252.9 0.0
6253.2 0.0
6253.5 0.0
6253.8 0.0
6254.1 0.0
6254.4 0.0
6254.7 0.0
6255.0 0.0
6255.3 0.0
6255.6 0.0
6255.9 0.0
6256.2 0.0
6256.5 0.0
6256.8 0.0
6257.1 0.0
6257.4 0.0
6257.7 0.0
6258.0 0.0
6258.3 0.0
6258.6 0.0
6258.9 0.0
6259.2 0.0
6259.5 0.0
6259.8 0.0
6260.1 0.0
6260.4 0.0
6260.7 0.0
6261.0 0.0
6261.3 0.0
6261.6 0.0
6261.9 0.0
6262.2 0.0
6262.5 0.0
6262.8 0.0
6263.1 0.0
6263.4 0.0
6263.7 0.0
6264.0 0.0
6264.3 0.0
6264.6 0.0
6264.9 0.0
6265.2 0.0
6265.5 0.0
6265.8 0.0
6266.1 0.0
6266.4 0.0
6266.7 0.0
6267.0 0.0
6267.3 0.0
6267.6 0.0
6267.9 0.0
6268.2 0.0
6268.5 0.0
6268.8 0.0
6269.1 0.0
6269.4 0.0
6269.7 0.0
6270.0 0.0
6270.3 0.0
6270.6 0.0
6270.9 0.0
6271.2 0.0
6271.5 0.0
6271.8 0.0
6272.1 0.0
6272.4 0.0
6272.7 0.0
6273.0 0.0
6273.3 0.0
6273.6 0.0
6273.9 0.0
6274.2 0.0
6274.5 0.0
6274.8 0.0
6275.1 0.0
6275.4 0.0
6275.7 0.0
6276.0 0.0
6276.3 0.0
6276.6 0.0
6276.9 0.0
6277.2 0.0
6277.5 0.0
6277.8 0.0
6278.1 0.0
6278.4 0.0
6278.7 0.0
6279.0 0.0
6279.3 0.0
6279.6 0.0
6279.9 0.0
6280.2 0.0
6280.5 0.0
6280.8 0.0
6281.1 0.0
6281.4 0.0
6281.7 0.0
6282.0 0.0
6282.3 0.0
6282.6 0.0
6282.9 0.0
6283.2 0.0
6283.5 0.0
6283.8 0.0
6284.1 0.0
6284.4 0.0
6284.7 0.0
6285.0 0.0
6285.3 0.0
6285.6 0.0
6285.9 0.0
6286.2 0.0
6286.5 0.0
6286.8 0.0
6287.1 0.0
6287.4 0.0
6287.7 0.0
6288.0 0.0
6288.3 0.0
6288.6 0.0
6288.9 0.0
6289.2 0.0
6289.5 0.0
6289.8 0.0
6290.1 0.0
6290.4 0.0
6290.7 0.0
6291.0 0.0
6291.3 0.0
6291.6 0.0
6291.9 0.0
6292.2 0.0
6292.5 0.0
6292.8 0.0
6293.1 0.0
6293.4 0.0
6293.7 0.0
6294.0 0.0
6294.3 0.0
6294.6 0.0
6294.9 0.0
6295.2 0.0
6295.5 0.0
6295.8 0.0
6296.1 0.0
6296.4 0.0
6296.7 0.0
6297.0 0.0
6297.3 0.0
6297.6 0.0
6297.9 0.0
6298.2 0.0
6298.5 0.0
6298.8 0.0
6299.1 0.0
6299.4 0.0
6299.7 0.0
6300.0 0.0
6300.3 0.0
6300.6 0.0
6300.9 0.0
6301.2 0.0
6301.5 0.0
6301.8 0.0
6302.1 0.0
6302.4 0.0
6302.7 0.0
6303.0 0.0
6303.3 0.0
6303.6 0.0
6303.9 0.0
6304.2 0.0
6304.5 0.0
6304.8 0.0
6305.1 0.0
6305.4 0.0
6305.7 0.0
6306.0 0.0
6306.3 0.0
6306.6 0.0
6306.9 0.0
6307.2 0.0
6307.5 0.0
6307.8 0.0
6308.1 0.0
6308.4 0.0
6308.7 0.0
6309.0 0.0
6309.3 0.0
6309.6 0.0
6309.9 0.0
6310.2 0.0
6310.5 0.0
6310.8 0.0
6311.1 0.0
6311.4 0.0
6311.7 0.0
6312.0 0.0
6312.3 0.0
6312.6 0.0
6312.9 0.0
6313.2 0.0
6313.5 0.0
6313.8 0.0
6314.1 0.0
6314.4 0.0
6314.7 0.0
6315.0 0.0
6315.3 0.0
6315.6 0.0
6315.9 0.0
6316.2 0.0
6316.5 0.0
6316.8 0.0
6317.1 0.0
6317.4 0.0
6317.7 0.0
6318.0 0.0
6318.3 0.0
6318.6 0.0
6318.9 0.0
6319.2 0.0
6319.5 0.0
6319.8 0.0
6320.1 0.0
6320.4 0.0
6320.7 0.0
6321.0 0.0
6321.3 0.0
6321.6 0.0
6321.9 0.0
6322.2 0.0
6322.5 0.0
6322.8 0.0
6323.1 0.0
6323.4 0.0
6323.7 0.0
6324.0 0.0
6324.3 0.0
6324.6 0.0
6324.9 0.0
6325.2 0.0
6325.5 0.0
6325.8 0.0
6326.1 0.0
6326.4 0.0
6326.7 0.0
6327.0 0.0
6327.3 0.0
6327.6 0.0
6327.9 0.0
6328.2 0.0
6328.5 0.0
6328.8 0.0
6329.1 0.0
6329.4 0.0
6329.7 0.0
6330.0 0.0
6330.3 0.0
6330.6 0.0
6330.9 0.0
6331.2 0.0
6331.5 0.0
6331.8 0.0
6332.1 0.0
6332.4 0.0
6332.7 0.0
6333.0 0.0
6333.3 0.0
6333.6 0.0
6333.9 0.0
6334.2 0.0
6334.5 0.0
6334.8 0.0
6335.1 0.0
6335.4 0.0
6335.7 0.0
6336.0 0.0
6336.3 0.0
6336.6 0.0
6336.9 0.0
6337.2 0.0
6337.5 0.0
6337.8 0.0
6338.1 0.0
6338.4 0.0
6338.7 0.0
6339.0 0.0
6339.3 0.0
6339.6 0.0
6339.9 0.0
6340.2 0.0
6340.5 0.0
6340.8 0.0
6341.1 0.0
6341.4 0.0
6341.7 0.0
6342.0 0.0
6342.3 0.0
6342.6 0.0
6342.9 0.0
6343.2 0.0
6343.5 0.0
6343.8 0.0
6344.1 0.0
6344.4 0.0
6344.7 0.0
6345.0 0.0
6345.3 0.0
6345.6 0.0
6345.9 0.0
6346.2 0.0
6346.5 0.0
6346.8 0.0
6347.1 0.0
6347.4 0.0
6347.7 0.0
6348.0 0.0
6348.3 0.0
6348.6 0.0
6348.9 0.0
6349.2 0.0
6349.5 0.0
6349.8 0.0
6350.1 0.0
6350.4 0.0
6350.7 0.0
6351.0 0.0
6351.3 0.0
6351.6 0.0
6351.9 0.0
6352.2 0.0
6352.5 0.0
6352.8 0.0
6353.1 0.0
6353.4 0.0
6353.7 0.0
6354.0 0.0
6354.3 0.0
6354.6 0.0
6354.9 0.0
6355.2 0.0
6355.5 0.0
6355.8 0.0
6356.1 0.0
6356.4 0.0
6356.7 0.0
6357.0 0.0
6357.3 0.0
6357.6 0.0
6357.9 0.0
6358.2 0.0
6358.5 1.0301184411769596e-14
6358.8 1.0301184411769596e-14
6359.1 2.060236882353919e-14
6359.4 2.060236882353919e-14
6359.7 7.223692215279015e-14
6360.0 1.2428934563404187e-13
6360.3 2.1712863661037122e-13
6360.6 3.930525491261912e-13
6360.9 6.83326964924394e-13
6361.2 1.2732359357984992e-12
6361.5 2.2599543628631577e-12
6361.8 4.052703534430089e-12
6362.1 7.116272781010173e-12
6362.4 1.2539281772984444e-11
6362.7 2.192015814433295e-11
6363.0 3.820984748315241e-11
6363.3 6.610236331008128e-11
6363.6 1.1387525723992908e-10
6363.9 1.952046995780454e-10
6364.2 3.3286568785250093e-10
6364.5 5.646278718401623e-10
6364.8 9.530784907157402e-10
6365.1 1.6003985404443714e-9
6365.4 2.6740402965113485e-9
6365.7 4.445490050704201e-9
6366.0 7.353609419965591e-9
6366.3 1.2103967886338611e-8
6366.6 1.9824600220579753e-8
6366.9 3.2310541989275726e-8
6367.2 5.240347087249794e-8
6367.5 8.45787281339387e-8
6367.8 1.3585034270117166e-7
6368.1 2.1715452947163125e-7
6368.4 3.4545958493237093e-7
6368.7 5.469614391067069e-7
6369.0 8.61902040199703e-7
6369.3 1.3517958568644862e-6
6369.6 2.110211806968569e-6
6369.9 3.2787761572913747e-6
6370.2 5.070801425127202e-6
6370.5 7.805988913808043e-6
6370.8 1.1961126168960934e-5
6371.1 1.8243752068272297e-5
6371.4 2.7698607591013084e-5
6371.7 4.1860621619683146e-5
6372.0 6.29735148889685e-5
6372.3 9.430039366484103e-5
6372.6 0.0001405624180414681
6372.9 0.00020855464124566042
6373.2 0.0003080051813203512
6373.5 0.00045276628626571974
6373.8 0.0006624545359830425
6374.1 0.0009646944351326403
6374.4 0.001398165297539944
6374.7 0.002016709918820636
6375.0 0.002894832076889786
6375.3 0.004134995523958018
6375.6 0.005877236652128026
6375.9 0.008311715411378984
6376.2 0.011694960307179869
6376.5 0.016370702444916674
6376.8 0.0227963381346439
6377.1 0.03157620751580883
6377.4 0.043503009530165525
6377.7 0.05960877864951716
6378.0 0.08122692296241944
6378.3 0.11006680179977654
6378.6 0.1483022419990943
6378.9 0.1986751868328625
6379.2 0.26461527849949584
6379.5 0.3503755997936103
6379.8 0.46118404153750175
6380.1 0.6034086923520537
6380.4 0.7847341535966175
6380.7 1.014343848446667
6381.0 1.303101489485
6381.3 1.6637214756063443
6381.6 2.1109157411399195
6381.9 2.661500507693262
6382.2 3.334442840899783
6382.5 4.1508247775495875
6382.8 5.1336999409068085
6383.1 6.307819072724669
6383.4 7.699205776043527
6383.7 9.334572657484387
6384.0 11.24059015437524
6384.3 13.443043938226765
6384.6 15.9659598901344
6384.9 18.830817848269362
6385.2 22.056032737833448
6385.5 25.65692242188379
6385.8 29.646408763248473
6386.1 34.036673402413726
6386.4 38.84189924970269
6386.7 44.082014843821526
6387.0 49.78706414997578
6387.3 56.001375027000904
6387.6 62.7862251624465
6387.9 70.21929846704006
6388.2 78.38901528716087
6388.5 87.38211727142334
6388.8 97.26374959945679
6389.1 108.0508229136467
6389.4 119.68157368898392
6389.7 131.986434340477
6390.0 144.6669751405716
6390.3 157.29024064540863
6390.6 169.30424165725708
6390.9 180.07719039916992
6391.2 188.95803546905518
6391.5 195.350572347641
6391.8 198.78916549682617
6392.1 199.00217390060425
6392.4 195.95067691802979
6392.7 189.8345537185669
6393.0 181.06478452682495
6393.3 170.20766687393188
6393.6 157.91215753555298
6393.9 144.83409214019775
6394.2 131.57010889053345
6394.5 118.6105465888977
6394.8 106.31541013717651
6395.1 94.91235184669495
6395.4 84.51176631450653
6395.7 75.13214218616486
6396.0 66.7288568019867
6396.3 59.220953583717346
6396.6 52.512612879276276
6396.9 46.5080698877573
6397.2 41.12032274901867
6397.5 36.27493242919445
6397.8 31.910479452461004
6398.1 27.97714990749955
6398.4 24.434525346383452
6398.7 21.249285876285285
6399.0 18.39319683983922
6399.3 15.84150068438612
6399.6 13.571723501896486
6399.9 11.562843321880791
6400.2 9.79474644853326
6400.5 8.247911874947022
6400.8 6.903264236938412
6401.1 5.74215497294972
6401.4 4.746429145299771
6401.7 3.8985464091733775
6402.0 3.181725458805545
6402.3 2.580092337398412
6402.6 2.078810598529813
6402.9 1.6641850178233781
6403.2 1.3237307070839925
6403.5 1.0462055478061272
6403.8 0.8216082025361953
6404.1 0.6411452292119632
6404.4 0.4971730975063772
6404.7 0.3831207911981409
6405.0 0.2933995669465538
6405.3 0.22330515963386124
6405.6 0.1689173729532249
6405.9 0.12700112089098067
6406.2 0.09491180757891886
6406.5 0.07050734631629593
6406.8 0.05206812282270378
6407.1 0.0382256311285194
6407.4 0.027899984616564875
6407.7 0.020246063998284256
6408.0 0.014607794584187546
6408.3 0.010479854495415549
6408.6 0.007476021273148606
6408.9 0.005303315105013593
6409.2 0.0037411204976643183
6409.5 0.0026245064218326725
6409.8 0.0018310418366452863
6410.1 0.0012704719065212144
6410.4 0.0008767143059719568
6410.7 0.0006017081849339287
6411.0 0.0004107292848839067
6411.3 0.0002788515199386877
6411.6 0.00018829653148211885
6411.9 0.00012646390103924002
6412.2 8.447876872276711e-5
6412.5 5.6128829562616424e-5
6412.8 3.709209710123977e-5
6413.1 2.437993014463317e-5
6413.4 1.5938114588889432e-5
6413.7 1.0363154212776811e-5
6414.0 6.70183762438088e-6
6414.3 4.31060945814495e-6
6414.6 2.7575394441820467e-6
6414.9 1.7544386498049663e-6
6415.2 1.1101531152252255e-6
6415.5 6.986354019179461e-7
6415.8 4.372559860593942e-7
6416.1 2.721655196708328e-7
6416.4 1.6847564297704796e-7
6416.7 1.0371525948988313e-7
6417.0 6.349572749309151e-8
6417.3 3.865783068580686e-8
6417.6 2.3405427537299207e-8
6417.9 1.4092191251056062e-8
6418.2 8.437588847914047e-9
6418.5 5.0237907582012785e-9
6418.8 2.9745183918771564e-9
6419.1 1.751289287077614e-9
6419.4 1.0253623313575557e-9
6419.7 5.969851935893938e-10
6420.0 3.456182309413221e-10
6420.3 1.9896270465396994e-10
6420.6 1.1389237479937586e-10
6420.9 6.483111631563963e-11
6421.2 3.669435207381453e-11
6421.5 2.069125069696485e-11
6421.8 1.1557424963941869e-11
6422.1 6.4332878695892205e-12
6422.4 3.5420197777271322e-12
6422.7 1.9844397629862395e-12
6423.0 1.0758593735640495e-12
6423.3 6.029393056063235e-13
6423.6 3.5222037087414963e-13
6423.9 2.4059447950968414e-13
6424.2 2.462108115110673e-13
6424.5 2.7717273548083727e-13
6424.8 4.80223620980371e-13
6425.1 8.474845386349642e-13
6425.4 1.4274218200667488e-12
6425.7 2.5691189330624632e-12
6426.0 4.475415785002172e-12
6426.3 7.884621058756527e-12
6426.6 1.3728993129436803e-11
6426.9 2.384404412119579e-11
6427.2 4.117706436621929e-11
6427.5 7.070298511925477e-11
6427.8 1.2087366435421917e-10
6428.1 2.0556570646336185e-10
6428.4 3.478097191613789e-10
6428.7 5.855559016316883e-10
6429.0 9.808846294473124e-10
6429.3 1.6349810810981752e-9
6429.6 2.7118207435611894e-9
6429.9 4.475837603500001e-9
6430.2 7.351209502271547e-9
6430.5 1.201524972370304e-8
6430.8 1.9543424516484647e-8
6431.1 3.163588770841102e-8
6431.4 5.0965871905552326e-8
6431.7 8.171687563805627e-8
6432.0 1.3040310552449232e-7
6432.3 2.0711871414244554e-7
6432.6 3.274287232297087e-7
6432.9 5.152179555390918e-7
6433.2 8.069597801568445e-7
6433.5 1.2580818301140075e-6
6433.8 1.9524087840411555e-6
6434.1 3.0160976345501694e-6
6434.4 4.63809604320744e-6
6434.7 7.100020650057265e-6
6435.0 1.081956315981907e-5
6435.3 1.64132047357348e-5
6435.6 2.4786346566623533e-5
6435.9 3.726210694064159e-5
6436.2 5.5764353997974356e-5
6436.5 8.307631039048628e-5
6436.8 0.00012320375395026627
6437.1 0.00018188207075852184
6437.4 0.00026727973336114225
6437.7 0.0003909680544899475
6438.0 0.0005692492337097364
6438.3 0.0008249626307929928
6438.6 0.0011899244906235507
6438.9 0.0017081990218960619
6439.2 0.0024404511824952513
6439.5 0.00346969424172916
6439.8 0.004908816356352208
6440.1 0.0069103548913189705
6440.4 0.009679078157149412
6440.7 0.013488031574484083
6441.0 0.018698808540710488
6441.3 0.025786901581131616
6441.6 0.03537307317952809
6441.9 0.04826175777249375
6442.2 0.06548750571508322
6442.5 0.08837049617795856
6442.8 0.11858199247046741
6443.1 0.1582204570902377
6443.4 0.20989871253664205
6443.7 0.27684210530333075
6444.0 0.36299694415629347
6444.3 0.473147767813316
6444.6 0.6130408803419414
6444.9 0.7895103712871787
6445.2 1.0106013165604963
6445.5 1.285683036505361
6445.8 1.6255432563339127
6446.1 2.042452260706341
6446.4 2.5501829488785006
6446.7 3.1639721321698744
6447.0 3.900405405613128
6447.3 4.777209498686716
6447.6 5.8129342827014625
6447.9 7.026513510849327
6448.2 8.43669636757113
6448.5 10.061352824326605
6448.8 11.91666858503595
6449.1 14.016257448121905
6449.4 16.370239241980016
6449.7 18.984339218586683
6450.0 21.85907845199108
6450.3 24.98912389203906
6450.6 28.362853083759546
6450.9 31.962170589715242
6451.2 35.76257013529539
6451.5 39.73340989649296
6451.8 43.83830927312374
6452.1 48.035594433546066
6452.4 52.27867464721203
6452.7 56.51631252467632
6453.0 60.692809015512466
6453.3 64.74819174408913
6453.6 68.61861911416054
6453.9 72.2372036576271
6454.2 75.53550201654434
6454.5 78.44578903913498
6454.8 80.90410530567169
6455.1 82.85384559631348
6455.4 84.24951183795929
6455.7 85.06010782718658
6456.0 85.27162659168243
6456.3 84.88820350170135
6456.6 83.93170964717865
6456.9 82.43978810310364
6457.2 80.46264398097992
6457.5 78.05905771255493
6457.8 75.29218816757202
6458.1 72.22574162483215
6458.4 68.92089986801147
6458.7 65.43425416946411
6459.0 61.816770792007446
6459.3 58.113651752471924
6459.6 54.36481636762619
6459.9 50.6057345867157
6460.2 46.86832323670387
6460.5 43.18170553445816
6460.8 39.572715520858765
6461.1 36.06611210107803
6461.4 32.68454200029373
6461.7 29.448308747261763
6462.0 26.375054674223065
6462.3 23.479423638433218
6462.6 20.77278971578926
6462.9 18.263079480733722
6463.2 15.954729771474376
6463.5 13.848770557902753
6463.8 11.943032341194339
6464.1 10.232453548844205
6464.4 8.70946404899587
6464.7 7.36441898317571
6465.0 6.186057587270625
6465.3 5.161959660774301
6465.6 4.278985930581257
6465.9 3.5236812033454044
6466.2 2.882630682158492
6466.5 2.3427626162709885
6466.8 1.8915925723660791
6467.1 1.5174094774423708
6467.4 1.2094061519361183
6467.7 0.9577590731415642
6468.0 0.7536637831686082
6468.3 0.5893327283608699
6468.6 0.45796336833212437
6468.9 0.35368375099126714
6469.2 0.27148228976853844
6469.5 0.2071277945731081
6469.8 0.1570849297000356
6470.1 0.11842919412137089
6470.4 0.08876458849054532
6470.7 0.066146301381826
6471.0 0.049009878811264423
6471.3 0.0361077420993924
6471.6 0.026453361842831136
6471.9 0.019272989519488436
6472.2 0.013964558596551768
6472.5 0.01006319389626853
6472.8 0.007212631087748278
6473.1 0.005141830431880656
6473.4 0.0036460523922379195
6473.7 0.0025717112866356917
6474.0 0.0018043749390850294
6474.3 0.0012593482782987664
6474.6 0.0008743530150031598
6474.9 0.0006038865583583575
6475.2 0.00041491156960341696
6475.5 0.00028358934442529113
6475.8 0.00019282334526301952
6476.1 0.00013042612498118632
6476.4 8.776142692111695e-5
6476.7 5.874551282417269e-5
6477.0 3.911782811633969e-5
6477.3 2.5911951177630844e-5
6477.6 1.7074445446046097e-5
6477.9 1.1192048748785764e-5
6478.2 7.297667268184054e-6
6478.5 4.7333084154415225e-6
6478.8 3.0538410266375844e-6
6479.1 1.9598531958848185e-6
6479.4 1.2510961742533743e-6
6479.7 7.94406058785076e-7
6480.0 5.017343201669042e-7
6480.3 3.151951519012882e-7
6480.6 1.9694942563365413e-7
6480.9 1.2240372121351174e-7
6481.2 7.566497105871469e-8
6481.5 4.6521263398628155e-8
6481.8 2.8448552519756736e-8
6482.1 1.7302848249830234e-8
6482.4 1.0466927406978721e-8
6482.7 6.297465276054668e-9
6483.0 3.768317850880194e-9
6483.3 2.2427071346246355e-9
6483.6 1.3274734560881904e-9
6483.9 7.814607497805814e-10
6484.2 4.5753603486170644e-10
6484.5 2.6642390753956434e-10
6484.8 1.543224245427791e-10
6485.1 8.884367228166717e-11
6485.4 5.091193038789756e-11
6485.7 2.900538420151687e-11
6486.0 1.6413679423054554e-11
6486.3 9.287237035730637e-12
6486.6 5.167050987786191e-12
6486.9 2.9043821824826805e-12
6487.2 1.5958923923711137e-12
6487.5 8.818908534750751e-13
6487.8 4.884056661774478e-13
6488.1 2.701301761791309e-13
6488.4 1.447688561402301e-13
6488.7 6.717157110755229e-14
6489.0 4.5391856980515725e-14
6489.3 2.2695928490257863e-14
6489.6 2.2695928490257863e-14
6489.9 0.0
6490.2 0.0
6490.5 0.0
6490.8 0.0
6491.1 0.0
6491.4 0.0
6491.7 0.0
6492.0 0.0
6492.3 0.0
6492.6 0.0
6492.9 0.0
6493.2 0.0
6493.5 0.0
6493.8 0.0
6494.1 0.0
6494.4 0.0
6494.7 0.0
6495.0 0.0
6495.3 0.0
6495.6 0.0
6495.9 0.0
6496.2 0.0
6496.5 0.0
6496.8 0.0
6497.1 0.0
6497.4 0.0
6497.7 0.0
6498.0 0.0
6498.3 0.0
6498.6 0.0
6498.9 0.0
6499.2 0.0
6499.5 0.0
6499.8 0.0
6500.1 0.0
6500.4 0.0
6500.7 0.0
6501.0 0.0
6501.3 0.0
6501.6 0.0
6501.9 0.0
6502.2 0.0
6502.5 0.0
6502.8 0.0
6503.1 0.0
6503.4 0.0
6503.7 0.0
6504.0 0.0
6504.3 0.0
6504.6 0.0
6504.9 0.0
6505.2 0.0
6505.5 0.0
6505.8 0.0
6506.1 0.0
6506.4 0.0
6506.7 0.0
6507.0 0.0
6507.3 0.0
6507.6 0.0
6507.9 0.0
6508.2 0.0
6508.5 0.0
6508.8 0.0
6509.1 0.0
6509.4 0.0
6509.7 0.0
6510.0 0.0
6510.3 0.0
6510.6 0.0
6510.9 0.0
6511.2 0.0
6511.5 0.0
6511.8 0.0
6512.1 0.0
6512.4 0.0
6512.7 0.0
6513.0 0.0
6513.3 0.0
6513.6 0.0
6513.9 0.0
6514.2 0.0
6514.5 0.0
6514.8 0.0
6515.1 0.0
6515.4 0.0
6515.7 0.0
6516.0 0.0
6516.3 0.0
6516.6 0.0
6516.9 0.0
6517.2 0.0
6517.5 0.0
6517.8 0.0
6518.1 0.0
6518.4 0.0
6518.7 0.0
6519.0 0.0
6519.3 0.0
6519.6 0.0
6519.9 0.0
6520.2 0.0
6520.5 0.0
6520.8 0.0
6521.1 0.0
6521.4 0.0
6521.7 0.0
6522.0 0.0
6522.3 0.0
6522.6 0.0
6522.9 0.0
6523.2 0.0
6523.5 0.0
6523.8 0.0
6524.1 0.0
6524.4 0.0
6524.7 0.0
6525.0 0.0
6525.3 0.0
6525.6 0.0
6525.9 0.0
6526.2 0.0
6526.5 0.0
6526.8 0.0
6527.1 0.0
6527.4 0.0
6527.7 0.0
6528.0 0.0
6528.3 0.0
6528.6 0.0
6528.9 0.0
6529.2 0.0
6529.5 0.0
6529.8 0.0
6530.1 0.0
6530.4 0.0
6530.7 0.0
6531.0 0.0
6531.3 0.0
6531.6 0.0
6531.9 0.0
6532.2 0.0
6532.5 0.0
6532.8 0.0
6533.1 0.0
6533.4 0.0
6533.7 0.0
6534.0 0.0
6534.3 0.0
6534.6 0.0
6534.9 0.0
6535.2 0.0
6535.5 0.0
6535.8 0.0
6536.1 0.0
6536.4 0.0
6536.7 0.0
6537.0 0.0
6537.3 0.0
6537.6 0.0
6537.9 0.0
6538.2 0.0
6538.5 0.0
6538.8 0.0
6539.1 0.0
6539.4 0.0
6539.7 0.0
6540.0 0.0
6540.3 0.0
6540.6 0.0
6540.9 0.0
6541.2 0.0
6541.5 0.0
6541.8 0.0
6542.1 0.0
6542.4 0.0
6542.7 0.0
6543.0 0.0
6543.3 0.0
6543.6 0.0
6543.9 0.0
6544.2 0.0
6544.5 0.0
6544.8 0.0
6545.1 0.0
6545.4 0.0
6545.7 0.0
6546.0 0.0
6546.3 0.0
6546.6 0.0
6546.9 0.0
6547.2 0.0
6547.5 0.0
6547.8 0.0
6548.1 0.0
6548.4 0.0
6548.7 0.0
6549.0 0.0
6549.3 0.0
6549.6 0.0
6549.9 0.0
6550.2 0.0
6550.5 0.0
6550.8 0.0
6551.1 0.0
6551.4 0.0
6551.7 0.0
6552.0 0.0
6552.3 0.0
6552.6 0.0
6552.9 0.0
6553.2 0.0
6553.5 0.0
6553.8 0.0
6554.1 0.0
6554.4 0.0
6554.7 0.0
6555.0 0.0
6555.3 0.0
6555.6 0.0
6555.9 0.0
6556.2 0.0
6556.5 0.0
6556.8 0.0
6557.1 0.0
6557.4 0.0
6557.7 0.0
6558.0 0.0
6558.3 0.0
6558.6 0.0
6558.9 0.0
6559.2 0.0
6559.5 0.0
6559.8 0.0
6560.1 0.0
6560.4 0.0
6560.7 0.0
6561.0 0.0
6561.3 0.0
6561.6 0.0
6561.9 0.0
6562.2 0.0
6562.5 0.0
6562.8 0.0
6563.1 0.0
6563.4 0.0
6563.7 0.0
6564.0 0.0
6564.3 0.0
6564.6 0.0
6564.9 0.0
6565.2 0.0
6565.5 0.0
6565.8 0.0
6566.1 0.0
6566.4 0.0
6566.7 0.0
6567.0 0.0
6567.3 0.0
6567.6 0.0
6567.9 0.0
6568.2 0.0
6568.5 0.0
6568.8 0.0
6569.1 0.0
6569.4 0.0
6569.7 0.0
6570.0 0.0
6570.3 0.0
6570.6 0.0
6570.9 0.0
6571.2 0.0
6571.5 0.0
6571.8 0.0
6572.1 0.0
6572.4 0.0
6572.7 0.0
6573.0 0.0
6573.3 0.0
6573.6 0.0
6573.9 0.0
6574.2 0.0
6574.5 0.0
6574.8 0.0
6575.1 0.0
6575.4 0.0
6575.7 0.0
6576.0 0.0
6576.3 0.0
6576.6 0.0
6576.9 0.0
6577.2 0.0
6577.5 0.0
6577.8 0.0
6578.1 0.0
6578.4 0.0
6578.7 0.0
6579.0 0.0
6579.3 0.0
6579.6 0.0
6579.9 0.0
6580.2 0.0
6580.5 0.0
6580.8 0.0
6581.1 0.0
6581.4 0.0
6581.7 0.0
6582.0 0.0
6582.3 0.0
6582.6 0.0
6582.9 0.0
6583.2 0.0
6583.5 0.0
6583.8 0.0
6584.1 0.0
6584.4 0.0
6584.7 0.0
6585.0 0.0
6585.3 0.0
6585.6 0.0
6585.9 0.0
6586.2 0.0
6586.5 0.0
6586.8 0.0
6587.1 0.0
6587.4 0.0
6587.7 0.0
6588.0 0.0
6588.3 0.0
6588.6 0.0
6588.9 0.0
6589.2 0.0
6589.5 0.0
6589.8 0.0
6590.1 0.0
6590.4 0.0
6590.7 0.0
6591.0 0.0
6591.3 0.0
6591.6 0.0
6591.9 0.0
6592.2 0.0
6592.5 0.0
6592.8 0.0
6593.1 0.0
6593.4 0.0
6593.7 0.0
6594.0 0.0
6594.3 0.0
6594.6 0.0
6594.9 0.0
6595.2 0.0
6595.5 0.0
6595.8 0.0
6596.1 0.0
6596.4 0.0
6596.7 0.0
6597.0 0.0
6597.3 0.0
6597.6 0.0
6597.9 0.0
6598.2 0.0
6598.5 0.0
6598.8 0.0
6599.1 0.0
6599.4 0.0
6599.7 0.0
6600.0 0.0
6600.3 0.0
6600.6 0.0
6600.9 0.0
6601.2 0.0
6601.5 0.0
6601.8 0.0
6602.1 0.0
6602.4 0.0
6602.7 0.0
6603.0 0.0
6603.3 0.0
6603.6 0.0
6603.9 0.0
6604.2 0.0
6604.5 0.0
6604.8 0.0
6605.1 0.0
6605.4 0.0
6605.7 0.0
6606.0 0.0
6606.3 0.0
6606.6 0.0
6606.9 0.0
6607.2 0.0
6607.5 0.0
6607.8 0.0
6608.1 0.0
6608.4 0.0
6608.7 1.3035179760676613e-14
6609.0 1.3035179760676613e-14
6609.3 1.3035179760676613e-14
6609.6 3.910553928202984e-14
6609.9 6.446231504993573e-14
6610.2 1.1660303409264218e-13
6610.5 2.380777951220764e-13
6610.8 3.6355787934457765e-13
6611.1 6.801351414912325e-13
6611.4 1.2532747209410876e-12
6611.7 2.1165083777924774e-12
6612.0 3.7627817994342005e-12
6612.3 6.496092494998084e-12
6612.6 1.1344078681383178e-11
6612.9 1.9469238758473102e-11
6613.2 3.346502426215071e-11
6613.5 5.7065306578290556e-11
6613.8 9.696904905096083e-11
6614.1 1.639019178426109e-10
6614.4 2.758262147169223e-10
6614.7 4.617837189846487e-10
6615.0 7.695588746394031e-10
6615.3 1.2764407720565279e-9
6615.6 2.1071307354395084e-9
6615.9 3.4620543436453353e-9
6616.2 5.66184116762927e-9
6616.5 9.216062175359412e-9
6616.8 1.493223829777518e-8
6617.1 2.408238298610321e-8
6617.4 3.866134250157215e-8
6617.7 6.178330002844503e-8
6618.0 9.828508927967587e-8
6618.3 1.5564602537359174e-7
6618.6 2.453754473821768e-7
6618.9 3.8510165414039083e-7
6619.2 6.016998517575652e-7
6619.5 9.359501050968165e-7
6619.8 1.449444900494817e-6
6620.1 2.234777036522829e-6
6620.4 3.4304949860084795e-6
6620.7 5.2429476909403694e-6
6621.0 7.978027224005298e-6
6621.3 1.208707112739734e-5
6621.6 1.823288950008502e-5
6621.9 2.7384256115081577e-5
6622.2 4.09504295942831e-5
6622.5 6.0971632192546085e-5
6622.8 9.038728964499922e-5
6623.1 0.00013341173900663166
6623.4 0.00019605741750504976
6623.7 0.00028685928951430574
6624.0 0.00041787189190584887
6624.3 0.0006060333573139204
6624.6 0.0008750198209263906
6624.9 0.001257750246713582
6625.2 0.0017997474980751271
6625.5 0.0025636176298207136
6625.8 0.003634977563626629
6626.1 0.005130242048280609
6626.4 0.00720677666143299
6626.7 0.010076034120051869
6627.0 0.014020408940958795
6627.3 0.01941469383741712
6627.6 0.026753147229756635
6627.9 0.036683346524352345
6628.2 0.05004813492091387
6628.5 0.06793710539696463
6628.8 0.09174918455977377
6629.1 0.12326791546098548
6629.4 0.16475113780012407
6629.7 0.21903654790571636
6630.0 0.2896647375059729
6630.3 0.38102067714680743
6630.6 0.4984945741189222
6630.9 0.6486620197511002
6631.2 0.839482559273165
6631.5 1.0805146017992229
6631.8 1.383142278617015
6632.1 1.7608078743651276
6632.4 2.2292397443161462
6632.7 2.80666128777375
6633.0 3.5139620953123085
6633.3 4.374806207488291
6633.6 5.415646834822837
6633.9 6.66561337467283
6634.2 8.15623466449324
6634.5 9.920966614503413
6634.8 11.99450651369989
6635.1 14.411899140104651
6635.4 17.20748263830319
6635.7 20.413778549060225
6636.0 24.060504163615406
6636.3 28.17397682182491
6636.6 32.77726045809686
6636.9 37.891472205519676
6637.2 43.53866472840309
6637.5 49.74662905186415
6637.8 56.555674597620964
6638.1 64.02705907821655
6638.4 72.25203746557236
6638.7 81.35972386598587
6639.0 91.52108457684517
6639.3 102.94570976495743
6639.6 115.86784195899963
6639.9 130.51884734630585
6640.2 147.0851547718048
6640.5 165.65367794036865
6640.8 186.15075826644897
6641.1 208.28452563285828
6641.4 231.50369381904602
6641.7 254.98630356788635
6642.0 277.6693239212036
6642.3 298.323664188385
6642.6 315.6701865196228
6642.9 328.5225338935852
6643.2 335.9343948364258
6643.5 337.32540702819824
6643.8 332.56187534332275
6644.1 321.9764223098755
6644.4 306.32298278808594
6644.7 286.6762046813965
6645.0 264.2951202392578
6645.3 240.4764895439148
6645.6 216.42257070541382
6645.9 193.14241313934326
6646.2 171.39638996124268
6646.5 151.68418097496033
6646.8 134.2684108018875
6647.1 119.22171473503113
6647.4 106.48390012979507
6647.7 95.91798716783524
6648.0 87.35738623142242
6648.3 80.64050269126892
6648.6 75.63235682249069
6648.9 72.23504626750946
6649.2 70.38986599445343
6649.5 70.07400286197662
6649.8 71.29430258274078
6650.1 74.07996678352356
6650.4 78.47555136680603
6650.7 84.53534460067749
6651.0 92.32019436359406
6651.3 101.89807331562042
6651.6 113.34996330738068
6651.9 126.78289043903351
6652.2 142.35191571712494
6652.5 160.29227578639984
6652.8 180.9614742398262
6653.1 204.88851249217987
6653.4 232.82382333278656
6653.7 265.77864027023315
6654.0 305.0378073453903
6654.3 352.1262471675873
6654.6 408.708856344223
6654.9 476.40841484069824
6655.2 556.5377974510193
6655.5 649.7615971565247
6655.8 755.726188659668
6656.1 872.7206583023071
6656.4 997.4475564956665
6656.7 1124.9838523864746
6657.0 1248.9925842285156
6657.3 1362.2059001922607
6657.6 1457.1438255310059
6657.9 1526.9748992919922
6658.2 1566.3799896240234
6658.5 1572.2641372680664
6658.8 1544.179458618164
6659.1 1484.376564025879
6659.4 1397.475456237793
6659.7 1289.8236961364746
6660.0 1168.6691818237305
6660.3 1041.2996406555176
6660.6 914.29323387146
6660.9 792.9828968048096
6661.2 681.1813116073608
6661.5 581.1565074920654
6661.8 493.8049478530884
6662.1 418.94595766067505
6662.4 355.66065740585327
6662.7 302.6123433113098
6663.0 258.308345079422
6663.3 221.28649199008942
6663.6 190.2279772758484
6663.9 164.00973504781723
6664.2 141.71413365006447
6664.5 122.61308120191097
6664.8 106.14007373154163
6665.1 91.85937653109431
6665.4 79.43747561983764
6665.7 68.61904389224946
6666.0 59.20783821865916
6666.3 51.05209286464378
6666.6 44.03363452432677
6666.9 38.05998080596328
6667.2 33.05877832882106
6667.5 28.974080316722393
6667.8 25.764051787555218
6668.1 23.399730555713177
6668.4 21.864562764763832
6668.7 21.154399141669273
6669.0 21.2777069658041
6669.3 22.255761802196503
6669.6 24.12260191887617
6669.9 26.924566574394703
6670.2 30.719258651137352
6670.5 35.573827262967825
6670.8 41.56252529844642
6671.1 48.76359694451094
6671.4 57.255697306245565
6671.7 67.11423303931952
6672.0 78.40825713425875
6672.3 91.19880966842175
6672.6 105.53984682261944
6672.9 121.48303912580013
6673.2 139.08771680295467
6673.5 158.4367901980877
6673.8 179.65863478183746
6674.1 202.95344266295433
6674.4 228.6204377412796
6674.7 257.0797780752182
6675.0 288.8804807662964
6675.3 324.6838937997818
6675.6 365.21221256256104
6675.9 411.15447068214417
6676.2 463.02877855300903
6676.5 521.0095109939575
6676.8 584.7404131889343
6677.1 653.1663599014282
6677.4 724.4242725372314
6677.7 795.8335819244385
6678.0 864.0160493850708
6678.3 925.1533737182617
6678.6 975.362663269043
6678.9 1011.140438079834
6679.2 1029.8036823272705
6679.5 1029.8487148284912
6679.8 1011.1594467163086
6680.1 975.0242233276367
6680.4 923.9578475952148
6680.7 861.3651657104492
6681.0 791.1111717224121
6681.3 717.076301574707
6681.6 642.7697925567627
6681.9 571.0536136627197
6682.2 504.000599861145
6682.5 442.8813281059265
6682.8 388.2525300979614
6683.1 340.10816383361816
6683.4 298.0534915924072
6683.7 261.46998929977417
6684.0 229.65036988258362
6684.3 201.8949174284935
6684.6 177.56993955373764
6684.9 156.13498428463936
6685.2 137.14796617627144
6685.5 120.25693272054195
6685.8 105.18562065064907
6686.1 91.71746899932623
6686.4 79.68089991342276
6686.7 68.93699919758365
6687.0 59.36989686405286
6687.3 50.8795625732746
6687.6 43.37664648797363
6687.9 36.778929166903254
6688.2 31.009018599710544
6688.5 25.9929972046084
6688.8 21.659765290474752
6689.1 17.94088816038311
6689.4 14.770757707206485
6689.7 12.08693873269317
6690.0 9.830581029604389
6690.3 7.946813581575242
6690.6 6.385063115278285
6690.9 5.099266633264946
6691.2 4.047960847838894
6691.5 3.194255185778345
6691.8 2.505697368359134
6692.1 1.9540520293706205
6692.4 1.515012617609595
6692.7 1.1678690045087383
6693.0 0.8951493248366947
6693.3 0.682254520698214
6693.6 0.5170982820862852
6693.9 0.3897637385996171
6694.2 0.2921843567824619
6694.5 0.2178535107152181
6694.8 0.16156535013195414
6695.1 0.11918755892534981
6695.4 0.08746502738745221
6695.7 0.0638526874969898
6696.0 0.046375021369158276
6696.3 0.03350940040930084
6696.6 0.024090319701095098
6696.9 0.017231612966309484
6697.2 0.012263916590527835
6697.5 0.0086848639189685
6697.8 0.006119789459657854
6698.1 0.004290984802122533
6698.4 0.0029938522089588693
6698.7 0.0020785524568791014
6699.0 0.0014359914152237835
6699.3 0.0009871987168046381
6699.6 0.0006753356774777744
6699.9 0.00045972339328361617
6700.2 0.00031141085652460713
6700.5 0.0002099078826884853
6700.8 0.00014079216751515262
6701.1 9.396784739085912e-5
6701.4 6.240607030496664e-5
6701.7 4.123980013316589e-5
6702.0 2.7117113591016162e-5
6702.3 1.7741992181825684e-5
6702.6 1.1550159505493052e-5
6702.9 7.481606269271973e-6
6703.2 4.8218927546796035e-6
6703.5 3.092079887656105e-6
6703.8 1.9728267255862987e-6
6704.1 1.252354281408793e-6
6704.4 7.909707244474331e-7
6704.7 4.970311700497961e-7
6705.0 3.107365184565363e-7
6705.3 1.932778264697731e-7
6705.6 1.1960472181824755e-7
6705.9 7.363586450841723e-8
6706.2 4.510196791848085e-8
6706.5 2.7483579183713814e-8
6706.8 1.66612447878353e-8
6707.1 1.0048683239620963e-8
6707.4 6.029168808834681e-9
6707.7 3.5989447204538656e-9
6708.0 2.1371848796849493e-9
6708.3 1.2625580658638137e-9
6708.6 7.420730103400433e-10
6708.9 4.3383782967624303e-10
6709.2 2.5228491434574807e-10
6709.5 1.4604917967418968e-10
6709.8 8.398472000313573e-11
6710.1 4.8169729205296656e-11
6710.4 2.739616682383844e-11
6710.7 1.5531913862693036e-11
6711.0 8.802410731735544e-12
6711.3 4.9682570781213204e-12
6711.6 2.699635210068026e-12
6711.9 1.4948696069243348e-12
6712.2 8.746285149580611e-13
6712.5 5.021757715337107e-13
6712.8 2.2950558960883535e-13
6713.1 0.0
6713.4 2.2950558960883535e-13
6713.7 0.0
6714.0 0.0
6714.3 0.0
6714.6 0.0
6714.9 0.0
6715.2 0.0
6715.5 0.0
6715.8 0.0
6716.1 0.0
6716.4 0.0
6716.7 0.0
6717.0 0.0
6717.3 0.0
6717.6 0.0
6717.9 0.0
6718.2 0.0
6718.5 0.0
6718.8 0.0
6719.1 0.0
6719.4 0.0
6719.7 0.0
6720.0 0.0
6720.3 0.0
6720.6 0.0
6720.9 0.0
6721.2 0.0
6721.5 0.0
6721.8 0.0
6722.1 0.0
6722.4 0.0
6722.7 0.0
6723.0 0.0
6723.3 0.0
6723.6 0.0
6723.9 0.0
6724.2 0.0
6724.5 0.0
6724.8 0.0
6725.1 0.0
6725.4 0.0
6725.7 0.0
6726.0 0.0
6726.3 0.0
6726.6 0.0
6726.9 0.0
6727.2 0.0
6727.5 0.0
6727.8 0.0
6728.1 0.0
6728.4 0.0
6728.7 0.0
6729.0 0.0
6729.3 0.0
6729.6 0.0
6729.9 0.0
6730.2 0.0
6730.5 0.0
6730.8 0.0
6731.1 0.0
6731.4 0.0
6731.7 0.0
6732.0 0.0
6732.3 0.0
6732.6 0.0
6732.9 0.0
6733.2 0.0
6733.5 0.0
6733.8 0.0
6734.1 0.0
6734.4 0.0
6734.7 0.0
6735.0 0.0
6735.3 0.0
6735.6 0.0
6735.9 0.0
6736.2 0.0
6736.5 0.0
6736.8 0.0
6737.1 0.0
6737.4 0.0
6737.7 0.0
6738.0 0.0
6738.3 0.0
6738.6 0.0
6738.9 0.0
6739.2 0.0
6739.5 0.0
6739.8 0.0
6740.1 0.0
6740.4 0.0
6740.7 0.0
6741.0 0.0
6741.3 0.0
6741.6 0.0
6741.9 0.0
6742.2 0.0
6742.5 0.0
6742.8 0.0
6743.1 0.0
6743.4 0.0
6743.7 0.0
6744.0 0.0
6744.3 0.0
6744.6 0.0
6744.9 0.0
6745.2 0.0
6745.5 0.0
6745.8 0.0
6746.1 0.0
6746.4 0.0
6746.7 0.0
6747.0 0.0
6747.3 0.0
6747.6 0.0
6747.9 0.0
6748.2 0.0
6748.5 0.0
6748.8 0.0
6749.1 0.0
6749.4 0.0
6749.7 0.0
6750.0 0.0
6750.3 0.0
6750.6 0.0
6750.9 0.0
6751.2 0.0
6751.5 0.0
6751.8 0.0
6752.1 0.0
6752.4 0.0
6752.7 0.0
6753.0 0.0
6753.3 0.0
6753.6 0.0
6753.9 0.0
6754.2 0.0
6754.5 0.0
6754.8 0.0
6755.1 0.0
6755.4 0.0
6755.7 0.0
6756.0 0.0
6756.3 0.0
6756.6 0.0
6756.9 0.0
6757.2 0.0
6757.5 0.0
6757.8 0.0
6758.1 0.0
6758.4 0.0
6758.7 0.0
6759.0 0.0
6759.3 0.0
6759.6 0.0
6759.9 0.0
6760.2 0.0
6760.5 0.0
6760.8 0.0
6761.1 0.0
6761.4 0.0
6761.7 0.0
6762.0 0.0
6762.3 0.0
6762.6 0.0
6762.9 0.0
6763.2 0.0
6763.5 0.0
6763.8 0.0
6764.1 0.0
6764.4 0.0
6764.7 0.0
6765.0 0.0
6765.3 0.0
6765.6 0.0
6765.9 0.0
6766.2 0.0
6766.5 0.0
6766.8 0.0
6767.1 0.0
6767.4 0.0
6767.7 0.0
6768.0 0.0
6768.3 0.0
6768.6 0.0
6768.9 0.0
6769.2 0.0
6769.5 0.0
6769.8 0.0
6770.1 0.0
6770.4 0.0
6770.7 0.0
6771.0 0.0
6771.3 0.0
6771.6 0.0
6771.9 0.0
6772.2 0.0
6772.5 0.0
6772.8 0.0
6773.1 0.0
6773.4 0.0
6773.7 0.0
6774.0 0.0
6774.3 0.0
6774.6 0.0
6774.9 0.0
6775.2 0.0
6775.5 0.0
6775.8 0.0
6776.1 0.0
6776.4 0.0
6776.7 0.0
6777.0 0.0
6777.3 0.0
6777.6 0.0
6777.9 0.0
6778.2 0.0
6778.5 0.0
6778.8 4.3706463009321114e-14
6779.1 4.3706463009321114e-14
6779.4 4.3706463009321114e-14
6779.7 1.3111938563983155e-13
6780.0 2.0886459269476958e-13
6780.3 3.3998397833460113e-13
6780.6 6.459539121043273e-13
6780.9 1.194802466193039e-12
6781.2 1.9718758350879655e-12
6781.5 3.6161023990715496e-12
6781.8 6.045773426430635e-12
6782.1 1.0670855028044844e-11
6782.4 1.8206553462524503e-11
6782.7 3.117143842308254e-11
6783.0 5.332353450530599e-11
6783.3 9.018768459096663e-11
6783.6 1.5223584929967933e-10
6783.9 2.557981523809965e-10
6784.2 4.275088450630374e-10
6784.5 7.11560671151908e-10
6784.8 1.1784691700780943e-9
6785.1 1.942964315289732e-9
6785.4 3.1886173961360575e-9
6785.7 5.208693264174808e-9
6786.0 8.46982555111788e-9
6786.3 1.3710494779256468e-8
6786.6 2.2092558097804005e-8
6786.9 3.54387928117191e-8
6787.2 5.659218505551998e-8
6787.5 8.996731399941026e-8
6787.8 1.4238864356866837e-7
6788.1 2.2435456708030292e-7
6788.4 3.5194367606873546e-7
6788.7 5.496647611660333e-7
6789.0 8.547074337064524e-7
6789.3 1.3232461086221028e-6
6789.6 2.0397406203254018e-6
6789.9 3.130606647792502e-6
6790.2 4.784194442689147e-6
6790.5 7.279860285788505e-6
6790.8 1.1030061453925547e-5
6791.1 1.6641013922973755e-5
6791.4 2.4999670860495176e-5
6791.7 3.739783807969296e-5
6792.0 5.570840818232621e-5
6792.3 8.263434351707275e-5
6792.6 0.00012205865359359123
6792.9 0.0001795339010452936
6793.2 0.0002629631058125568
6793.5 0.0003835422113676514
6793.8 0.0005570571937437035
6794.1 0.0008056597201667277
6794.4 0.001160284580114062
6794.7 0.0016639208800256697
6795.0 0.0023760138874746456
6795.3 0.003378352033324067
6795.6 0.004782890042477561
6795.9 0.006742081340489425
6796.2 0.009462431396893733
6796.5 0.01322215761156409
6796.8 0.018394036526806712
6797.1 0.02547474944984085
6797.4 0.03512228817285212
6797.7 0.04820327063257679
6798.0 0.06585229381570201
6798.3 0.08954577835783084
6798.6 0.12119304932220132
6798.9 0.16324765327667023
6799.2 0.2188421204642168
6799.5 0.29194960458346486
6799.8 0.3875756857403303
6800.1 0.5119837349875525
6800.4 0.6729566365115716
6800.7 0.8800972723420273
6801.0 1.1451693928684108
6801.3 1.482478851436099
6801.6 1.9092935984845099
6801.9 2.4462989337625913
6802.2 3.118080105545232
6802.5 3.9536215272237314
6802.8 4.9868054257531185
6803.1 6.2568856665166095
6803.4 7.808905162324663
6803.7 9.69401455449406
6804.0 11.969638283830136
6804.3 14.699423698009923
6804.6 17.95290343090892
6804.9 21.804790802299976
6805.2 26.333837552927434
6805.5 31.62119873613119
6805.8 37.74828285817057
6806.1 44.79411933757365
6806.4 52.83236058615148
6806.7 61.928113993257284
6807.0 72.13494398444891
6807.3 83.49245362728834
6807.6 96.02495542913675
6807.9 109.74174298346043
6808.2 124.63938166201115
6808.5 140.70617145299911
6808.8 157.92853319644928
6809.1 176.29847484827042
6809.4 195.8205052614212
6809.7 216.51585233211517
6810.0 238.4211276769638
6810.3 261.578849196434
6810.6 286.0176011323929
6810.9 311.721684217453
6811.2 338.5918288230896
6811.5 366.4022662639618
6811.8 394.76155376434326
6812.1 423.086905002594
6812.4 450.60172414779663
6812.7 476.36358165740967
6813.0 499.3253688812256
6813.3 518.4254732131958
6813.6 532.6961355209351
6813.9 541.3735332489014
6814.2 543.9907512664795
6814.5 540.4366569519043
6814.8 530.9695453643799
6815.1 516.1831588745117
6815.4 496.9317512512207
6815.7 474.22877502441406
6816.0 449.1373529434204
6816.3 422.67078495025635
6816.6 395.71677112579346
6816.9 368.992778301239
6817.2 343.0328598022461
6817.5 318.20051860809326
6817.8 294.718870639801
6818.1 272.70865178108215
6818.4 252.22587299346924
6818.7 233.29354745149612
6819.0 215.9247996211052
6819.3 200.13699859380722
6819.6 185.95827400684357
6819.9 173.42832899093628
6820.2 162.59573638439178
6820.5 153.51335406303406
6820.8 146.2331564426422
6821.1 140.80126857757568
6821.4 137.2537157535553
6821.7 135.61326503753662
6822.0 135.8876395225525
6822.3 138.06945419311523
6822.6 142.13807225227356
6822.9 148.0636067390442
6823.2 155.8127784729004
6823.5 165.35607945919037
6823.8 176.67489886283875
6824.1 189.76664793491364
6824.4 204.645228266716
6824.7 221.3339719772339
6825.0 239.84857535362244
6825.3 260.1688177585602
6825.6 282.2002308368683
6825.9 305.72999572753906
6826.2 330.38469219207764
6826.5 355.6000728607178
6826.8 380.6138792037964
6827.1 404.4905481338501
6827.4 426.18181324005127
6827.7 444.61964893341064
6828.0 458.8299684524536
6828.3 468.04870796203613
6828.6 471.81901454925537
6828.9 470.0500192642212
6829.2 463.0248851776123
6829.5 451.3560543060303
6829.8 435.8964548110962
6830.1 417.62448501586914
6830.4 397.52452182769775
6830.7 376.4836721420288
6831.0 355.2197279930115
6831.3 334.2469673156738
6831.6 313.87806844711304
6831.9 294.2537651062012
6832.2 275.3886926174164
6832.5 257.2216386795044
6832.8 239.6608363389969
6833.1 222.61845993995667
6833.4 206.03234195709229
6833.7 189.87564128637314
6834.0 174.15707543492317
6834.3 158.91501496732235
6834.6 144.2084482461214
6834.9 130.10718396306038
6835.2 116.68296380341053
6835.5 104.00220591016114
6835.8 92.12076152581722
6836.1 81.0805776361376
6836.4 70.90800771629438
6836.7 61.6134656239301
6837.0 53.19207145337714
6837.3 45.62504344503395
6837.6 38.88152452102804
6837.9 32.92071248335924
6838.2 27.69407757454792
6838.5 23.147563178160453
6838.8 19.22367014897145
6839.1 15.863343503512965
6839.4 13.007623130580157
6839.7 10.599022444203598
6840.0 8.582632122065064
6840.3 6.906949995523178
6840.6 5.524455926732342
6840.9 4.391957266720805
6841.2 3.470736679722177
6841.5 2.726535155535843
6841.8 2.1294056134039647
6842.1 1.6534703848258896
6842.4 1.2766112551384008
6842.7 0.9801193723213364
6843.0 0.7483267628340793
6843.3 0.568236797851901
6843.6 0.4291672203166746
6843.9 0.3224152139454605
6844.2 0.24095060046515665
6844.5 0.17914083391567556
6844.8 0.13250870735055287
6845.1 0.09752256118002833
6845.4 0.0714171403281938
6845.7 0.052042772566700535
6846.0 0.03773991320669978
6846.3 0.027236021102787333
6846.6 0.01956168776258238
6846.9 0.013983127657484662
6847.2 0.009948346156199772
6847.5 0.007044612841095699
6847.8 0.00496514611255322
6848.1 0.003483233995500712
6848.4 0.002432282940756564
6848.7 0.0016905567583931844
6849.0 0.0011695840125161734
6849.3 0.0008054144083514403
6849.6 0.000552068127114112
6849.9 0.00037665967937020517
6850.2 0.00025579121774280556
6850.5 0.00017290127699110187
6850.8 0.00011632744528377947
6851.1 7.789909091423872e-5
6851.4 5.192101219991059e-5
6851.7 3.444360038212925e-5
6852.0 2.2741672661853435e-5
6852.3 1.4944400234432535e-5
6852.6 9.7739594798592e-6
6852.9 6.361979564897759e-6
6853.2 4.1213318046174425e-6
6853.5 2.6570544485885806e-6
6853.8 1.7048065868366375e-6
6854.1 1.0885693401636614e-6
6854.4 6.917318368215961e-7
6854.7 4.3743696585536816e-7
6855.0 2.7528602935039865e-7
6855.3 1.7240092361945584e-7
6855.6 1.0744279847649717e-7
6855.9 6.663368942831581e-8
6856.2 4.112297206801613e-8
6856.5 2.525501006434873e-8
6856.8 1.5433925935852e-8
6857.1 9.385992976147317e-9
6857.4 5.679757509606309e-9
6857.7 3.420263236283402e-9
6858.0 2.049410378591142e-9
6858.3 1.221965529983474e-9
6858.6 7.250092155286264e-10
6858.9 4.2811980452720985e-10
6859.2 2.5149380052992033e-10
6859.5 1.4691982240446367e-10
6859.8 8.557766110740784e-11
6860.1 4.944199338339345e-11
6860.4 2.8569129053706297e-11
6860.7 1.6300015360354823e-11
6861.0 9.360332939924469e-12
6861.3 5.239690893486934e-12
6861.6 2.9983976591744024e-12
6861.9 1.6553502004464787e-12
6862.2 1.0330286295432908e-12
6862.5 4.522154135530587e-13
6862.8 3.4994640377757763e-13
6863.1 1.022690080814152e-13
6863.4 1.022690080814152e-13
6863.7 1.022690080814152e-13
6864.0 0.0
6864.3 0.0
6864.6 0.0
6864.9 0.0
6865.2 0.0
6865.5 0.0
6865.8 0.0
6866.1 0.0
6866.4 0.0
6866.7 0.0
6867.0 0.0
6867.3 0.0
6867.6 0.0
6867.9 0.0
6868.2 0.0
6868.5 0.0
6868.8 0.0
6869.1 0.0
6869.4 0.0
6869.7 0.0
