4662.0 0.0
4662.3 0.0
4662.6 0.0
4662.9 0.0
4663.2 0.0
4663.5 0.0
4663.8 0.0
4664.1 0.0
4664.4 0.0
4664.7 0.0
4665.0 0.0
4665.3 0.0
4665.6 0.0
4665.9 0.0
4666.2 0.0
4666.5 0.0
4666.8 0.0
4667.1 0.0
4667.4 0.0
4667.7 0.0
4668.0 0.0
4668.3 0.0
4668.6 0.0
4668.9 0.0
4669.2 0.0
4669.5 0.0
4669.8 0.0
4670.1 0.0
4670.4 0.0
4670.7 0.0
4671.0 0.0
4671.3 0.0
4671.6 0.0
4671.9 0.0
4672.2 0.0
4672.5 0.0
4672.8 0.0
4673.1 0.0
4673.4 0.0
4673.7 0.0
4674.0 0.0
4674.3 0.0
4674.6 0.0
4674.9 0.0
4675.2 0.0
4675.5 0.0
4675.8 0.0
4676.1 0.0
4676.4 0.0
4676.7 0.0
4677.0 0.0
4677.3 0.0
4677.6 0.0
4677.9 0.0
4678.2 0.0
4678.5 0.0
4678.8 0.0
4679.1 0.0
4679.4 0.0
4679.7 0.0
4680.0 0.0
4680.3 0.0
4680.6 0.0
4680.9 0.0
4681.2 0.0
4681.5 0.0
4681.8 0.0
4682.1 0.0
4682.4 0.0
4682.7 0.0
4683.0 0.0
4683.3 0.0
4683.6 0.0
4683.9 0.0
4684.2 0.0
4684.5 0.0
4684.8 0.0
4685.1 0.0
4685.4 0.0
4685.7 0.0
4686.0 0.0
4686.3 0.0
4686.6 0.0
4686.9 0.0
4687.2 0.0
4687.5 0.0
4687.8 0.0
4688.1 0.0
4688.4 0.0
4688.7 0.0
4689.0 0.0
4689.3 0.0
4689.6 0.0
4689.9 0.0
4690.2 0.0
4690.5 0.0
4690.8 0.0
4691.1 0.0
4691.4 0.0
4691.7 0.0
4692.0 0.0
4692.3 0.0
4692.6 0.0
4692.9 0.0
4693.2 0.0
4693.5 0.0
4693.8 0.0
4694.1 0.0
4694.4 0.0
4694.7 0.0
4695.0 0.0
4695.3 0.0
4695.6 0.0
4695.9 0.0
4696.2 0.0
4696.5 0.0
4696.8 0.0
4697.1 0.0
4697.4 0.0
4697.7 0.0
4698.0 0.0
4698.3 0.0
4698.6 0.0
4698.9 0.0
4699.2 0.0
4699.5 0.0
4699.8 0.0
4700.1 0.0
4700.4 0.0
4700.7 0.0
4701.0 0.0
4701.3 0.0
4701.6 0.0
4701.9 0.0
4702.2 0.0
4702.5 0.0
4702.8 0.0
4703.1 0.0
4703.4 0.0
4703.7 0.0
4704.0 0.0
4704.3 0.0
4704.6 0.0
4704.9 0.0
4705.2 0.0
4705.5 0.0
4705.8 0.0
4706.1 0.0
4706.4 0.0
4706.7 0.0
4707.0 0.0
4707.3 0.0
4707.6 0.0
4707.9 0.0
4708.2 0.0
4708.5 0.0
4708.8 0.0
4709.1 0.0
4709.4 0.0
4709.7 0.0
4710.0 0.0
4710.3 0.0
4710.6 0.0
4710.9 0.0
4711.2 0.0
4711.5 0.0
4711.8 0.0
4712.1 0.0
4712.4 0.0
4712.7 0.0
4713.0 0.0
4713.3 0.0
4713.6 0.0
4713.9 0.0
4714.2 0.0
4714.5 0.0
4714.8 0.0
4715.1 0.0
4715.4 0.0
4715.7 0.0
4716.0 0.0
4716.3 0.0
4716.6 0.0
4716.9 0.0
4717.2 0.0
4717.5 0.0
4717.8 0.0
4718.1 0.0
4718.4 0.0
4718.7 0.0
4719.0 0.0
4719.3 0.0
4719.6 0.0
4719.9 0.0
4720.2 0.0
4720.5 0.0
4720.8 0.0
4721.1 0.0
4721.4 0.0
4721.7 0.0
4722.0 0.0
4722.3 0.0
4722.6 0.0
4722.9 0.0
4723.2 0.0
4723.5 0.0
4723.8 0.0
4724.1 0.0
4724.4 0.0
4724.7 0.0
4725.0 0.0
4725.3 0.0
4725.6 0.0
4725.9 0.0
4726.2 0.0
4726.5 0.0
4726.8 0.0
4727.1 0.0
4727.4 0.0
4727.7 0.0
4728.0 0.0
4728.3 0.0
4728.6 0.0
4728.9 0.0
4729.2 0.0
4729.5 0.0
4729.8 0.0
4730.1 0.0
4730.4 0.0
4730.7 0.0
4731.0 0.0
4731.3 0.0
4731.6 0.0
4731.9 0.0
4732.2 0.0
4732.5 0.0
4732.8 0.0
4733.1 0.0
4733.4 0.0
4733.7 0.0
4734.0 0.0
4734.3 0.0
4734.6 0.0
4734.9 0.0
4735.2 0.0
4735.5 0.0
4735.8 0.0
4736.1 0.0
4736.4 0.0
4736.7 0.0
4737.0 0.0
4737.3 0.0
4737.6 0.0
4737.9 0.0
4738.2 0.0
4738.5 0.0
4738.8 0.0
4739.1 0.0
4739.4 0.0
4739.7 0.0
4740.0 0.0
4740.3 0.0
4740.6 0.0
4740.9 0.0
4741.2 0.0
4741.5 0.0
4741.8 0.0
4742.1 0.0
4742.4 0.0
4742.7 0.0
4743.0 0.0
4743.3 0.0
4743.6 0.0
4743.9 0.0
4744.2 0.0
4744.5 0.0
4744.8 0.0
4745.1 0.0
4745.4 0.0
4745.7 0.0
4746.0 0.0
4746.3 0.0
4746.6 0.0
4746.9 0.0
4747.2 0.0
4747.5 0.0
4747.8 0.0
4748.1 0.0
4748.4 0.0
4748.7 0.0
4749.0 0.0
4749.3 0.0
4749.6 0.0
4749.9 0.0
4750.2 0.0
4750.5 0.0
4750.8 0.0
4751.1 0.0
4751.4 0.0
4751.7 0.0
4752.0 0.0
4752.3 0.0
4752.6 0.0
4752.9 0.0
4753.2 0.0
4753.5 0.0
4753.8 0.0
4754.1 0.0
4754.4 0.0
4754.7 0.0
4755.0 0.0
4755.3 0.0
4755.6 0.0
4755.9 0.0
4756.2 0.0
4756.5 0.0
4756.8 0.0
4757.1 0.0
4757.4 0.0
4757.7 0.0
4758.0 0.0
4758.3 0.0
4758.6 0.0
4758.9 0.0
4759.2 0.0
4759.5 0.0
4759.8 0.0
4760.1 0.0
4760.4 0.0
4760.7 0.0
4761.0 0.0
4761.3 0.0
4761.6 0.0
4761.9 0.0
4762.2 0.0
4762.5 0.0
4762.8 0.0
4763.1 0.0
4763.4 0.0
4763.7 0.0
4764.0 0.0
4764.3 0.0
4764.6 0.0
4764.9 0.0
4765.2 0.0
4765.5 0.0
4765.8 0.0
4766.1 0.0
4766.4 0.0
4766.7 0.0
4767.0 0.0
4767.3 0.0
4767.6 0.0
4767.9 0.0
4768.2 0.0
4768.5 0.0
4768.8 0.0
4769.1 0.0
4769.4 0.0
4769.7 0.0
4770.0 0.0
4770.3 0.0
4770.6 0.0
4770.9 0.0
4771.2 0.0
4771.5 0.0
4771.8 0.0
4772.1 0.0
4772.4 0.0
4772.7 0.0
4773.0 0.0
4773.3 0.0
4773.6 0.0
4773.9 0.0
4774.2 0.0
4774.5 0.0
4774.8 0.0
4775.1 0.0
4775.4 0.0
4775.7 0.0
4776.0 0.0
4776.3 0.0
4776.6 0.0
4776.9 0.0
4777.2 0.0
4777.5 0.0
4777.8 0.0
4778.1 0.0
4778.4 0.0
4778.7 0.0
4779.0 0.0
4779.3 0.0
4779.6 0.0
4779.9 0.0
4780.2 0.0
4780.5 0.0
4780.8 0.0
4781.1 0.0
4781.4 0.0
4781.7 0.0
4782.0 0.0
4782.3 0.0
4782.6 0.0
4782.9 0.0
4783.2 0.0
4783.5 0.0
4783.8 0.0
4784.1 0.0
4784.4 0.0
4784.7 0.0
4785.0 0.0
4785.3 0.0
4785.6 0.0
4785.9 0.0
4786.2 0.0
4786.5 0.0
4786.8 0.0
4787.1 0.0
4787.4 0.0
4787.7 0.0
4788.0 0.0
4788.3 0.0
4788.6 0.0
4788.9 0.0
4789.2 0.0
4789.5 0.0
4789.8 0.0
4790.1 0.0
4790.4 0.0
4790.7 0.0
4791.0 0.0
4791.3 0.0
4791.6 0.0
4791.9 0.0
4792.2 0.0
4792.5 0.0
4792.8 0.0
4793.1 0.0
4793.4 0.0
4793.7 0.0
4794.0 0.0
4794.3 0.0
4794.6 0.0
4794.9 0.0
4795.2 0.0
4795.5 0.0
4795.8 0.0
4796.1 0.0
4796.4 0.0
4796.7 0.0
4797.0 0.0
4797.3 0.0
4797.6 0.0
4797.9 0.0
4798.2 0.0
4798.5 0.0
4798.8 0.0
4799.1 0.0
4799.4 0.0
4799.7 0.0
4800.0 0.0
4800.3 0.0
4800.6 0.0
4800.9 0.0
4801.2 0.0
4801.5 0.0
4801.8 0.0
4802.1 0.0
4802.4 0.0
4802.7 0.0
4803.0 0.0
4803.3 0.0
4803.6 0.0
4803.9 0.0
4804.2 0.0
4804.5 0.0
4804.8 0.0
4805.1 0.0
4805.4 0.0
4805.7 0.0
4806.0 0.0
4806.3 0.0
4806.6 0.0
4806.9 0.0
4807.2 0.0
4807.5 0.0
4807.8 0.0
4808.1 0.0
4808.4 0.0
4808.7 0.0
4809.0 0.0
4809.3 0.0
4809.6 0.0
4809.9 0.0
4810.2 0.0
4810.5 0.0
4810.8 0.0
4811.1 0.0
4811.4 0.0
4811.7 0.0
4812.0 0.0
4812.3 0.0
4812.6 0.0
4812.9 0.0
4813.2 0.0
4813.5 0.0
4813.8 0.0
4814.1 0.0
4814.4 0.0
4814.7 0.0
4815.0 0.0
4815.3 0.0
4815.6 0.0
4815.9 0.0
4816.2 0.0
4816.5 0.0
4816.8 0.0
4817.1 0.0
4817.4 0.0
4817.7 0.0
4818.0 0.0
4818.3 0.0
4818.6 0.0
4818.9 0.0
4819.2 0.0
4819.5 0.0
4819.8 0.0
4820.1 0.0
4820.4 0.0
4820.7 0.0
4821.0 0.0
4821.3 0.0
4821.6 0.0
4821.9 0.0
4822.2 0.0
4822.5 0.0
4822.8 0.0
4823.1 0.0
4823.4 0.0
4823.7 0.0
4824.0 0.0
4824.3 0.0
4824.6 0.0
4824.9 0.0
4825.2 0.0
4825.5 0.0
4825.8 0.0
4826.1 0.0
4826.4 0.0
4826.7 0.0
4827.0 0.0
4827.3 0.0
4827.6 0.0
4827.9 0.0
4828.2 0.0
4828.5 0.0
4828.8 0.0
4829.1 0.0
4829.4 0.0
4829.7 0.0
4830.0 0.0
4830.3 0.0
4830.6 0.0
4830.9 0.0
4831.2 0.0
4831.5 0.0
4831.8 0.0
4832.1 0.0
4832.4 0.0
4832.7 0.0
4833.0 0.0
4833.3 0.0
4833.6 0.0
4833.9 0.0
4834.2 0.0
4834.5 0.0
4834.8 0.0
4835.1 0.0
4835.4 0.0
4835.7 0.0
4836.0 0.0
4836.3 0.0
4836.6 0.0
4836.9 0.0
4837.2 0.0
4837.5 0.0
4837.8 0.0
4838.1 0.0
4838.4 0.0
4838.7 0.0
4839.0 0.0
4839.3 0.0
4839.6 0.0
4839.9 0.0
4840.2 0.0
4840.5 0.0
4840.8 0.0
4841.1 0.0
4841.4 0.0
4841.7 0.0
4842.0 0.0
4842.3 0.0
4842.6 0.0
4842.9 0.0
4843.2 0.0
4843.5 0.0
4843.8 0.0
4844.1 0.0
4844.4 0.0
4844.7 0.0
4845.0 0.0
4845.3 0.0
4845.6 0.0
4845.9 0.0
4846.2 0.0
4846.5 0.0
4846.8 0.0
4847.1 0.0
4847.4 0.0
4847.7 0.0
4848.0 0.0
4848.3 0.0
4848.6 0.0
4848.9 0.0
4849.2 0.0
4849.5 0.0
4849.8 0.0
4850.1 0.0
4850.4 0.0
4850.7 0.0
4851.0 0.0
4851.3 0.0
4851.6 0.0
4851.9 0.0
4852.2 0.0
4852.5 0.0
4852.8 0.0
4853.1 0.0
4853.4 0.0
4853.7 0.0
4854.0 0.0
4854.3 0.0
4854.6 0.0
4854.9 0.0
4855.2 0.0
4855.5 0.0
4855.8 0.0
4856.1 0.0
4856.4 0.0
4856.7 0.0
4857.0 0.0
4857.3 0.0
4857.6 0.0
4857.9 0.0
4858.2 0.0
4858.5 0.0
4858.8 0.0
4859.1 0.0
4859.4 0.0
4859.7 0.0
4860.0 0.0
4860.3 0.0
4860.6 0.0
4860.9 0.0
4861.2 0.0
4861.5 0.0
4861.8 0.0
4862.1 0.0
4862.4 0.0
4862.7 0.0
4863.0 0.0
4863.3 0.0
4863.6 0.0
4863.9 0.0
4864.2 0.0
4864.5 0.0
4864.8 0.0
4865.1 0.0
4865.4 0.0
4865.7 0.0
4866.0 0.0
4866.3 0.0
4866.6 0.0
4866.9 0.0
4867.2 0.0
4867.5 0.0
4867.8 0.0
4868.1 0.0
4868.4 0.0
4868.7 0.0
4869.0 0.0
4869.3 0.0
4869.6 0.0
4869.9 0.0
4870.2 0.0
4870.5 0.0
4870.8 0.0
4871.1 0.0
4871.4 0.0
4871.7 0.0
4872.0 0.0
4872.3 0.0
4872.6 0.0
4872.9 0.0
4873.2 0.0
4873.5 0.0
4873.8 0.0
4874.1 0.0
4874.4 0.0
4874.7 0.0
4875.0 0.0
4875.3 0.0
4875.6 0.0
4875.9 0.0
4876.2 0.0
4876.5 0.0
4876.8 0.0
4877.1 0.0
4877.4 0.0
4877.7 0.0
4878.0 0.0
4878.3 0.0
4878.6 0.0
4878.9 0.0
4879.2 0.0
4879.5 0.0
4879.8 0.0
4880.1 0.0
4880.4 0.0
4880.7 0.0
4881.0 0.0
4881.3 6.349287398334192e-15
4881.6 6.349287398334192e-15
4881.9 0.0
4882.2 1.2698574796668385e-14
4882.5 6.349287398334192e-15
4882.8 1.9047861771486103e-14
4883.1 3.174643572112154e-14
4883.4 4.444501136482287e-14
4883.7 7.619144708594441e-14
4884.0 1.142871740170484e-13
4884.3 1.777800454592915e-13
4884.6 2.7936865060890215e-13
4884.9 4.254022535708085e-13
4885.2 6.539766016049053e-13
4885.5 1.002028202420354e-12
4885.8 1.5297683164691843e-12
4886.1 2.3234291349583234e-12
4886.4 3.5278852110343247e-12
4886.7 5.325072906501515e-12
4887.0 8.038341135096066e-12
4887.3 1.2075667446366238e-11
4887.6 1.8087427194573747e-11
4887.9 2.70042437156439e-11
4888.2 4.0192340423495095e-11
4888.5 5.96430956270987e-11
4888.8 8.82188194862088e-11
4889.1 1.3009013891922413e-10
4889.4 1.9125460818432015e-10
4889.7 2.802435737490243e-10
4890.0 4.094037060489123e-10
4890.3 5.962329593532569e-10
4890.6 8.655885173731938e-10
4890.9 1.2527791142658137e-9
4891.2 1.8074589432570329e-9
4891.5 2.5997046473554865e-9
4891.8 3.727555186608736e-9
4892.1 5.328183045379825e-9
4892.4 7.59251380527421e-9
4892.7 1.07856417258783e-8
4893.0 1.527425707551107e-8
4893.3 2.1564063307837618e-8
4893.6 3.034994385870322e-8
4893.9 4.258362722806979e-8
4894.2 5.9564363269848216e-8
4894.5 8.305972262273026e-8
4894.8 1.1546644598124334e-7
4895.1 1.600234429699449e-7
4895.4 2.2109315125622717e-7
4895.7 3.0453136427023894e-7
4896.0 4.181721446641662e-7
4896.3 5.724609336414905e-7
4896.6 7.812780876068558e-7
4896.9 1.0630061755318908e-6
4897.2 1.44190849121941e-6
4897.5 1.9499017371268195e-6
4897.8 2.6288287333428528e-6
4898.1 3.533359098683915e-6
4898.4 4.734679973392274e-6
4898.7 6.325169869990373e-6
4899.0 8.424302210375307e-6
4899.3 1.118606298542786e-5
4899.6 1.4808244455891508e-5
4899.9 1.9544035708319048e-5
4900.2 2.5716429513035858e-5
4900.5 3.3736048094453947e-5
4900.8 4.4123123675926946e-5
4901.1 5.753446305280458e-5
4901.4 7.479644887651904e-5
4901.7 9.694518797596936e-5
4902.0 0.00012527522351657468
4902.3 0.0001613982948157215
4902.6 0.00020731405919844625
4902.9 0.00026549463372694285
4903.2 0.00033898545680300106
4903.5 0.0004315247882651681
4903.8 0.0005476850626942173
4904.1 0.0006930388006301511
4904.4 0.0008743527099876506
4904.7 0.0010998139675640589
4905.0 0.00137929209971583
4905.3 0.0017246405693068475
4905.6 0.0021500438113246814
4905.9 0.0026724109767659906
4906.2 0.003311825538015129
4906.5 0.00409204935654316
4906.8 0.005041091323537522
4907.1 0.006191839137809451
4907.4 0.007582760329534755
4907.7 0.009258675761317945
4908.0 0.01127160372190443
4908.3 0.013681679246746865
4908.6 0.016558146334147157
4908.9 0.01998042048715156
4909.2 0.024039223100692217
4909.5 0.028837765904395518
4909.8 0.03449301090813327
4910.1 0.041136964660764296
4910.4 0.048918012474921474
4910.7 0.058002291217361425
4911.0 0.06857508714750787
4911.3 0.08084222677026597
4911.6 0.0950315203664778
4911.9 0.1113941860081656
4912.2 0.1302063885160702
4912.5 0.15177081805032205
4912.8 0.1764184936743568
4913.1 0.20451097624486367
4913.4 0.23644319524165416
4913.7 0.2726473407231807
4914.0 0.31359870918493954
4914.3 0.35982441461590997
4914.6 0.4119168497791558
4914.9 0.47055440395243614
4915.2 0.5365333969510316
4915.5 0.6108167195113273
4915.8 0.6946064069505242
4916.1 0.7894510518855644
4916.4 0.8974008699010485
4916.7 1.0212275526486452
4917.0 1.1647290943363022
4917.3 1.3331442553365282
4917.6 1.5337043374128247
4917.9 1.776354002415111
4918.2 2.0746771541751667
4918.5 2.447068598785315
4918.8 2.918198202814455
4919.1 3.5208259535420994
4919.4 4.298048060554898
4919.7 5.306108531660629
4920.0 6.618030865580879
4920.3 8.328582699490315
4920.6 10.561583527009008
4920.9 13.48142492483091
4921.2 17.31201129885963
4921.5 22.36812515509052
4921.8 29.106231449107433
4922.1 38.203274876665674
4922.4 50.671864615998
4922.7 68.01669617509509
4923.0 92.42824038366467
4923.3 126.99449095310152
4923.6 175.89034875528517
4923.9 244.48061062136134
4924.2 339.25344963324545
4924.5 467.49659606413286
4924.8 636.6487090628656
4925.1 853.3100912382614
4925.4 1121.9783891749382
4925.7 1443.6726630768417
4926.0 1814.6977876614226
4926.3 2225.849372391333
4926.6 2662.339698033626
4926.9 3104.624012766946
4927.2 3530.1370481199883
4927.5 3915.7461508637493
4927.8 4240.543323649696
4928.1 4488.488487297914
4928.4 4650.414009061949
4928.7 4725.016186833156
4929.0 4718.660908637008
4929.3 4644.07364255853
4929.6 4518.200554602237
4929.9 4359.672693825754
4930.2 4186.346538118495
4930.5 4013.3291616478828
4930.8 3851.751374220225
4931.1 3708.365241019542
4931.4 3585.86045374651
4931.7 3483.661210241017
4932.0 3398.9074572153077
4932.3 3327.351909001006
4932.6 3264.0006319426248
4932.9 3203.457226380465
4933.2 3140.0559399930567
4933.5 3067.9455120381826
4933.8 2981.2911547330746
4934.1 2874.697224499819
4934.4 2743.8437111775793
4934.7 2586.2176828250085
4935.0 2401.747857959633
4935.3 2193.1440646582046
4935.6 1965.8058363717523
4935.9 1727.274405848114
4936.2 1486.3211803820213
4936.5 1251.8561452545457
4936.8 1031.8749967630665
4937.1 832.6379318562031
4937.4 658.2010706494525
4937.7 510.329886696654
4938.0 388.7405940919017
4938.3 291.561138022995
4938.6 215.88590949813508
4938.9 158.31268330917203
4939.2 115.38496226646097
4939.5 83.90333545611604
4939.8 61.10430197082835
4940.1 44.72819664410449
4940.4 33.00827298941512
4940.7 24.613229045471712
4941.0 18.569584809104295
4941.3 14.182109377961122
4941.6 10.962745107421734
4941.9 8.572463900630467
4942.2 6.7766244144643295
4942.5 5.412308401075804
4942.8 4.365316547479289
4943.1 3.5544424933494105
4943.4 2.9209635733812447
4943.7 2.4217148611720654
4944.0 2.02454363180405
4944.3 1.7052938565353617
4944.6 1.4457569943793718
4944.9 1.2322231228042548
4945.2 1.0544126680504329
4945.5 0.9046586180622843
4945.8 0.7772658503002824
4946.1 0.668006982672711
4946.4 0.5737283503705985
4946.7 0.4920483749301316
4947.0 0.42113244048447246
4947.3 0.3595295631446165
4947.6 0.3060576012910414
4947.9 0.25972489352826394
4948.2 0.2196782860964503
4948.5 0.1851694765735752
4948.8 0.15553350585238976
4949.1 0.13017499210293357
4949.4 0.10855922384445621
4949.7 0.09020595541418196
4950.0 0.07468480465201739
4950.3 0.06161145767627533
4950.6 0.05064422996385385
4950.9 0.04148086224534989
4951.2 0.03385537431922189
4951.5 0.027534969537869464
4951.8 0.022317017274768466
4952.1 0.0180261103614452
4952.4 0.014511230443396712
4952.7 0.011643063027817297
4953.0 0.00931146478665395
4953.3 0.007423114149957622
4953.6 0.005899348510415806
4953.9 0.004674198964633023
4954.2 0.0036926161094670167
4954.5 0.0029088868528841442
4954.8 0.0022852335362412287
4955.1 0.0017905824443460322
4955.4 0.0013994921918353556
4955.7 0.001091226862098571
4956.0 0.0008489602717594032
4956.3 0.0006590979387693943
4956.6 0.000510702514652255
4956.9 0.00039501084178523565
4957.2 0.0003050297043112841
4957.5 0.0002352000024999623
4957.8 0.0001811191554634238
4958.1 0.00013931312680866726
4958.4 0.00010705002673562806
4958.7 8.218859380975556e-5
4959.0 6.305574362478756e-5
4959.3 4.8348000493646436e-5
4959.6 3.7052588254968185e-5
4959.9 2.838456285863586e-5
4960.2 2.1736931385326238e-5
4960.5 1.6641252643932534e-5
4960.8 1.2736656114580755e-5
4961.1 9.745555294840238e-6
4961.4 7.454704049151309e-6
4961.7 5.700445220164081e-6
4962.0 4.3572809290311636e-6
4962.3 3.329027766616744e-6
4962.6 2.541995570912258e-6
4962.9 1.9397385632088606e-6
4963.2 1.4790208059916114e-6
4963.5 1.12672255579184e-6
4963.8 8.574696017255195e-7
4964.1 6.518179264126747e-7
4964.4 4.948651294496061e-7
4964.7 3.7518766162099315e-7
4965.0 2.84028134055578e-7
4965.3 2.1467299060493854e-7
4965.6 1.6197626519569942e-7
4965.9 1.219946777370846e-7
4966.2 9.17078267890812e-8
4966.5 6.880368500511503e-8
4966.8 5.151377632544049e-8
4967.1 3.8486764923356105e-8
4967.4 2.8691141628169994e-8
4967.7 2.1340704374679906e-8
4968.0 1.5836957134544025e-8
4968.3 1.1725120908995835e-8
4968.6 8.660191829528724e-9
4968.9 6.380987206908353e-9
4969.2 4.6901324616866635e-9
4969.5 3.438791779689002e-9
4969.8 2.5150193006604153e-9
4970.1 1.834775281422429e-9
4970.4 1.3351193155046453e-9
4970.7 9.69053123837005e-10
4971.0 7.015572223600019e-10
4971.3 5.065856436771673e-10
4971.6 3.64860102800192e-10
4971.9 2.620957007499931e-10
4972.2 1.8779152348445116e-10
4972.5 1.3419885776715425e-10
4972.8 9.564865302311783e-11
4973.1 6.79970257539971e-11
4973.4 4.8212661479239275e-11
4973.7 3.4095432799226164e-11
4974.0 2.4044981045393037e-11
4974.3 1.6912819499656073e-11
4974.6 1.1868896855595264e-11
4974.9 8.304205111939952e-12
4975.2 5.796216170704082e-12
4975.5 4.036024352014722e-12
4975.8 2.7995216821813385e-12
4976.1 1.9377845682233552e-12
4976.4 1.3390646013897167e-12
4976.7 9.224333536589358e-13
4977.0 6.324401180708705e-13
4977.3 4.346152615315041e-13
4977.6 2.967372983615768e-13
4977.9 2.015715610918789e-13
4978.2 1.3712860328588677e-13
4978.5 9.366707848798908e-14
4978.8 6.294427869549257e-14
4979.1 4.2712188630779704e-14
4979.4 2.847479129114254e-14
4979.7 1.8733416036410995e-14
4980.0 1.2738722464302344e-14
4980.3 8.992039934646503e-15
4980.6 5.245356557957714e-15
4980.9 3.7466833766887885e-15
4981.2 2.9973465742960887e-15
4981.5 1.4986732871480443e-15
4981.8 1.4986732871480443e-15
4982.1 0.0
4982.4 7.493366435740222e-16
4982.7 0.0
4983.0 7.493366435740222e-16
4983.3 0.0
4983.6 0.0
4983.9 2.0763376869559788e-16
4984.2 2.0763376869559788e-16
4984.5 0.0
4984.8 2.0763376869559788e-16
4985.1 4.1526753739119576e-16
4985.4 4.1526753739119576e-16
4985.7 8.305350747823915e-16
4986.0 2.8544597393908135e-15
4986.3 3.477360992538048e-15
4986.6 2.6992390459823316e-15
4986.9 7.36998962834641e-15
4987.2 9.238693387788113e-15
4987.5 1.5570514543233448e-14
4987.8 2.1539480336602197e-14
4988.1 3.2386831592761366e-14
4988.4 5.0188904410480156e-14
4988.7 7.515333367018491e-14
4989.0 1.148053277878064e-13
4989.3 1.698202058033997e-13
4989.6 2.5441783825085745e-13
4989.9 3.808466264793378e-13
4990.2 5.638465497455336e-13
4990.5 8.420293271232254e-13
4990.8 1.2480923954928669e-12
4991.1 1.8471681432694065e-12
4991.4 2.725408440595878e-12
4991.7 4.018836898744327e-12
4992.0 5.905157208765444e-12
4992.3 8.662801812692189e-12
4992.6 1.2671138850100073e-11
4992.9 1.849964591988053e-11
4993.2 2.693779777606292e-11
4993.5 3.9129671411421615e-11
4993.8 5.670556005794687e-11
4994.1 8.197418101586287e-11
4994.4 1.1820172595727958e-10
4994.7 1.70006675035975e-10
4995.0 2.4390534343028756e-10
4995.3 3.4902684106114035e-10
4995.6 4.981601469987897e-10
4995.9 7.091641269650996e-10
4996.2 1.006887224105824e-9
4996.5 1.4258187846096405e-9
4996.8 2.013673589358205e-9
4997.1 2.8362566353876986e-9
4997.4 3.984085546072991e-9
4997.7 5.58124665478415e-9
4998.0 7.797353405440986e-9
4998.3 1.0863506702830397e-8
4998.6 1.5093677712796975e-8
4998.9 2.091304621738209e-8
4999.2 2.889566016672931e-8
4999.5 3.9814136441400786e-8
4999.8 5.470517704822849e-8
5000.1 7.495552075648823e-8
5000.4 1.024144521474663e-7
5000.7 1.3954044251298354e-7
5001.0 1.8959208469576507e-7
5001.3 2.568750669786195e-7
5001.6 3.4706188232871404e-7
5001.9 4.6760315535091483e-7
5002.2 6.282564059608705e-7
5002.5 8.417629667286939e-7
5002.8 1.1247129320305397e-6
5003.1 1.4986469490187244e-6
5003.4 1.9914566141528554e-6
5003.7 2.639159831248089e-6
5004.0 3.488147004995779e-6
5004.3 4.598016786220752e-6
5004.6 6.045149328969452e-6
5004.9 7.927203067535523e-6
5005.2 1.0368760875491007e-5
5005.5 1.3528412408387632e-5
5005.8 1.7607634190882887e-5
5006.1 2.286189108890735e-5
5006.4 2.9614536383661254e-5
5006.7 3.82741644534896e-5
5007.0 4.935629385775284e-5
5007.3 6.351041050748077e-5
5007.6 8.155372800128528e-5
5007.9 0.00010451325409345412
5008.2 0.00013367820091044204
5008.5 0.0001706652478647649
5008.8 0.00021749979794602638
5009.1 0.0002767168780519508
5009.4 0.00035148663704260576
5009.7 0.0004457699234393461
5010.0 0.0005645110351187917
5010.3 0.000713876424067783
5010.6 0.000901549305006834
5010.9 0.0011370935710769056
5011.2 0.0014324014828571788
5011.5 0.00180224523054413
5011.8 0.0022649557060547233
5012.1 0.0028432595714243105
5012.4 0.003565318178655609
5012.7 0.004466030290614773
5013.0 0.0055886990629454795
5013.3 0.006987233529194482
5013.6 0.008729170244789083
5013.9 0.010900024465748007
5014.2 0.013609831109951991
5014.5 0.01700329976966455
5014.8 0.021275825775966484
5015.1 0.02669868513639773
5015.4 0.03365798679092634
5015.7 0.042713111737753016
5016.0 0.054680820079257925
5016.3 0.07075026889194466
5016.6 0.09263073241635139
5016.9 0.12272730386275581
5017.2 0.16433001383353052
5017.5 0.22179070184811955
5017.8 0.30065311879282175
5018.1 0.40770229208776954
5018.4 0.5509184245729721
5018.7 0.7393689724883195
5019.0 0.9831595432689711
5019.3 1.29369695232243
5019.6 1.6846952729390965
5019.9 2.174569910810259
5020.2 2.7910950970671493
5020.5 3.5794021239586
5020.8 4.614495444603454
5021.1 6.019338591531815
5021.4 7.989037136473409
5021.7 10.820516154865162
5022.0 14.945184363600543
5022.3 20.959398543401743
5022.6 29.644384901404454
5022.9 41.96442608585888
5023.2 59.03077467099715
5023.5 82.02039971791415
5023.8 112.04447438524996
5024.1 149.9718060330719
5024.4 196.22591347737176
5024.7 250.58820341872422
5025.0 312.0493889791651
5025.3 378.752438757244
5025.6 448.0602450928591
5025.9 516.7598835219794
5026.2 581.3868241019052
5026.5 638.623657229805
5026.8 685.7069647198321
5027.1 720.7691274712299
5027.4 743.0519387856277
5027.7 752.9537285571889
5028.0 751.9049460726434
5028.3 742.1005504944519
5028.6 726.1435742984418
5028.9 706.6670187225412
5029.2 685.9998688919678
5029.5 665.9283801806555
5029.8 647.5804060932483
5030.1 631.4337758239327
5030.4 617.4249795702497
5030.7 605.1171508991172
5031.0 593.8795862192612
5031.3 583.0363371970795
5031.6 571.956868266887
5031.9 560.0830423128845
5032.2 546.9076736831993
5032.5 531.9341425745006
5032.8 514.6500787785794
5033.1 494.5398565249913
5033.4 471.1439192383623
5033.7 444.15351555220707
5034.0 413.51413511276536
5034.3 379.5049575422658
5034.6 342.7665379717365
5034.9 304.2630471446625
5035.2 265.1833318766437
5035.5 226.80108454000907
5035.8 190.32384336465026
5036.1 156.76099463021373
5036.4 126.83357807578672
5036.7 100.93662564023717
5037.0 79.15204819522035
5037.3 61.30026873366605
5037.6 47.01379103497583
5037.9 35.815815393456894
5038.2 27.190598059798962
5038.5 20.637606148718245
5038.8 15.706840844981565
5039.1 12.016776640036761
5039.4 9.25871939764264
5039.7 7.1921341848948455
5040.0 5.635102561365258
5040.3 4.453093699132953
5040.6 3.548113078555945
5040.9 2.8493232692986514
5041.2 2.3055275992723314
5041.5 1.8794741121213434
5041.8 1.5437220564581737
5042.1 1.2777406162345633
5042.4 1.065922437121959
5042.7 0.8962426402118272
5043.0 0.7593542852415042
5043.3 0.6479678664180851
5043.6 0.5564101239922814
5043.9 0.48029404008067605
5044.2 0.41625880153635775
5044.5 0.3617565913643558
5044.8 0.31487456806484654
5045.1 0.2741862592726952
5045.4 0.23862938892020202
5045.7 0.20740824131109203
5046.0 0.17991771487202218
5046.3 0.1556864780994771
5046.6 0.1343358245674247
5046.9 0.11555091670534277
5047.2 0.09906142545212766
5047.5 0.08462896494790824
5047.8 0.07203915004002977
5048.1 0.061096798929437694
5048.4 0.05162304860728463
5048.7 0.04345366593562583
5049.0 0.03643799319102142
5049.3 0.030438249425992277
5049.6 0.02532897440897508
5049.9 0.02099649768048876
5050.2 0.017338405781904296
5050.5 0.014262955828868405
5050.8 0.01168845097743978
5051.1 0.009542576949006766
5051.4 0.007761704903049582
5051.7 0.006290187569122116
5052.0 0.00507965097737171
5052.3 0.004088298874527552
5052.6 0.003280242759048448
5052.9 0.002624861589718375
5053.2 0.0020962035731129387
5053.5 0.001672432880038087
5053.8 0.0013353249546626358
5054.1 0.001069814337857028
5054.4 0.0008635941946979503
5054.7 0.0007067699088978234
5055.0 0.0005915648287057302
5055.3 0.0005120794542309783
5055.6 0.0004641022561717361
5055.9 0.00044497348716153473
5056.2 0.0004535017747896344
5056.5 0.0004899360883397478
5056.8 0.0005559953801584503
5057.1 0.0006549612288059288
5057.4 0.000791839817765884
5057.7 0.0009736024629436534
5058.0 0.0012095170049716863
5058.3 0.001511584901031282
5058.6 0.0018951048903417332
5058.9 0.0023793865079641333
5059.2 0.0029886444882731428
5059.5 0.0037531109017571044
5059.8 0.0047104131263853875
5060.1 0.005907270611082388
5060.4 0.007401588445550875
5060.7 0.009265037920267954
5061.0 0.011586264571731793
5061.3 0.014474919360139633
5061.6 0.01806684441329177
5061.9 0.022530961079123214
5062.2 0.028078831939345638
5062.5 0.03497854832667878
5062.8 0.04357580236330138
5063.1 0.05432673493677109
5063.4 0.06784980097909366
5063.7 0.08500711527486794
5064.0 0.10702948437052442
5064.3 0.13570226483378872
5064.6 0.17362990280484092
5064.9 0.22459263378393274
5065.2 0.2939968672804545
5065.5 0.3893990129731321
5065.8 0.5210523603329168
5066.1 0.7023928671639738
5066.4 0.9503577206201159
5066.7 1.285438458960507
5067.0 1.7314389484339106
5067.3 2.3150653582090506
5067.6 3.0657457323172004
5067.9 4.0164768099428745
5068.2 5.207016996674945
5068.5 6.69136381514683
5068.8 8.552104385530232
5069.1 10.924777635445821
5069.4 14.035637000181879
5069.7 18.25576559681935
5070.0 24.172883612250292
5070.3 32.67878080080547
5070.6 45.0646431707392
5070.9 63.108606094931815
5071.2 89.1306785983115
5071.5 125.98200315707572
5071.8 176.93190222306882
5072.1 245.42159356775608
5072.4 334.67118754626006
5072.7 447.1573580302422
5073.0 584.0187267692279
5073.3 744.4859531561272
5073.6 925.4602996771207
5073.9 1121.3664026609913
5074.2 1324.3728576421126
5074.5 1525.0109930214162
5074.8 1713.1378699433087
5075.1 1879.1070426120193
5075.4 2014.9512582480688
5075.7 2115.3645241649324
5076.0 2178.30325909167
5076.3 2205.099583475061
5076.6 2200.0776371348456
5076.9 2169.7589895346055
5077.2 2121.8166478090698
5077.5 2063.97284248345
5077.8 2003.0295225770362
5078.1 1944.178300753024
5078.4 1890.6694667630345
5078.7 1843.8427487075717
5079.0 1803.451836940103
5079.3 1768.1639551663773
5079.6 1736.095064129582
5079.9 1705.2548229253507
5080.2 1673.8188442651294
5080.5 1640.2075351529295
5080.8 1603.013109057288
5081.1 1560.860973041716
5081.4 1512.3057224427894
5081.7 1455.8406438749075
5082.0 1390.052279715426
5082.3 1313.893424624917
5082.6 1226.9994685897097
5082.9 1129.9506410213735
5083.2 1024.3923509015858
5083.5 912.9643068683531
5083.8 799.0414317762513
5084.1 686.3393761173877
5084.4 578.4692674653726
5084.7 478.5323462928944
5085.0 388.8272129532616
5085.3 310.70824917582115
5085.6 244.59604035751016
5085.9 190.1096891782877
5086.2 146.27328157571623
5086.5 111.7461745041572
5086.8 85.03556070499175
5087.1 64.66495763140115
5087.4 49.28816319434332
5087.7 37.750979835448305
5088.0 29.110879383986905
5088.3 22.627745313232953
5088.6 17.73822556216236
5088.9 14.023571199137612
5089.2 11.17759496203421
5089.5 8.978430680345094
5089.8 7.265569558860983
5090.1 5.922256952645462
5090.4 4.862591607037632
5090.7 4.022397711330502
5091.0 3.3529383335703615
5091.3 2.816656875802616
5091.6 2.3843095026329375
5091.9 2.0330116338116335
5092.2 1.744865666259697
5092.5 1.5059493323518385
5092.8 1.3055282270127606
5093.1 1.1354136277756437
5093.4 0.9894243320620615
5093.7 0.862934139279325
5094.0 0.7524946628485955
5094.3 0.6555292512707805
5094.6 0.570091477876716
5094.9 0.4946807301803668
5095.2 0.42810684239177554
5095.5 0.36939374869066754
5095.8 0.31771366665230205
5096.1 0.2723434735607813
5096.4 0.23263692248737203
5096.7 0.1980075130576999
5097.0 0.16791814555908005
5097.3 0.1418750608947889
5097.6 0.11942420201425015
5097.9 0.10014894968385461
5098.2 0.0836684126614005
5098.5 0.06963602357251614
5098.8 0.0577380807256229
5099.1 0.04769220834579891
5099.4 0.03924568944832774
5099.7 0.03217367164055485
5100.0 0.026277253309255285
5100.3 0.021381519974368098
5100.6 0.01733352795317092
5100.9 0.014000317785812897
5101.2 0.011266949233449643
5101.5 0.00903461855976753
5101.8 0.007218859165743902
5102.1 0.005747853517665091
5102.4 0.0045608674595642665
5102.7 0.0036068121844413845
5103.0 0.002842937380450076
5103.3 0.002233654719298678
5103.6 0.0017494888883020844
5103.9 0.0013661505332666346
5104.2 0.0010637230233932198
5104.5 0.0008259547847858694
5104.8 0.0006396488144157198
5105.1 0.0004941390538976153
5105.4 0.00038084500524546996
5105.7 0.0002928953663346386
5106.0 0.0002248120208759812
5106.3 0.0001722465033366778
5106.6 0.00013176163241217662
5106.9 0.00010065160856224948
5107.2 7.67948195793284e-5
5107.5 5.853400706723138e-5
5107.8 4.45793127993022e-5
5108.1 3.393028254579962e-5
5108.4 2.581342257884616e-5
5108.7 1.9632526187895933e-5
5109.0 1.4929303262207336e-5
5109.3 1.1352367659151397e-5
5109.6 8.632908750841648e-6
5109.9 6.5656919244067296e-6
5110.2 4.994286138389912e-6
5110.5 3.7996263589640126e-6
5110.8 2.891186231709751e-6
5111.1 2.2001942126796883e-6
5111.4 1.6744320286050536e-6
5111.7 1.2742608230288983e-6
5112.0 9.695906762619048e-7
5112.3 7.375755521751077e-7
5112.6 5.608627282447954e-7
5112.9 4.262646225472623e-7
5113.2 3.237527412362508e-7
5113.5 2.456954673714305e-7
5113.8 1.862812008459189e-7
5114.1 1.4108117354107365e-7
5114.4 1.0671847886153296e-7
5114.7 8.061679460625775e-8
5115.0 6.080999914972691e-8
5115.3 4.5797271592795585e-8
5115.6 3.443301480772612e-8
5115.9 2.5842791704255523e-8
5116.2 1.9359595708440407e-8
5116.5 1.4474756651893858e-8
5116.8 1.0800755204136902e-8
5117.1 8.0426186316316e-9
5117.4 5.976084916720982e-9
5117.7 4.430896214498562e-9
5118.0 3.277938278805816e-9
5118.3 2.4195303485344505e-9
5118.6 1.7818213418244289e-9
5118.9 1.309148207877909e-9
5119.2 9.596116451034641e-10
5119.5 7.017312664378984e-10
5119.8 5.119285257697634e-10
5120.1 3.725672413054364e-10
5120.4 2.7048447706239976e-10
5120.7 1.958992409826352e-10
5121.0 1.4154125438138948e-10
5121.3 1.020019127861696e-10
5121.6 7.333039123502499e-11
5121.9 5.259772428887459e-11
5122.2 3.762919466703854e-11
5122.5 2.684815884915296e-11
5122.8 1.911203579167266e-11
5123.1 1.357176405865346e-11
5123.4 9.615786058477635e-12
5123.7 6.793297537023354e-12
5124.0 4.789282436685528e-12
5124.3 3.36302036565983e-12
5124.6 2.364062906277443e-12
5124.9 1.6500857754828124e-12
5125.2 1.1522256673085485e-12
5125.5 8.010125223702202e-13
5125.8 5.570117934602936e-13
5126.1 3.857183398636027e-13
5126.4 2.6618263799724207e-13
5126.7 1.8361671232959564e-13
5127.0 1.2569734478534017e-13
5127.3 8.687905131638321e-14
5127.6 5.915169206229323e-14
5127.9 4.0050628151390086e-14
5128.2 2.7727357560024084e-14
5128.5 1.9101067299034935e-14
5128.8 1.2323269744333055e-14
5129.1 8.626288566923254e-15
5129.4 5.545471342598227e-15
5129.7 4.313144283461627e-15
5130.0 2.4646539065149636e-15
5130.3 1.2323269532574818e-15
5130.6 1.2323269532574818e-15
5130.9 1.2323269532574818e-15
5131.2 0.0
5131.5 6.161634766287409e-16
5131.8 6.161634766287409e-16
5132.1 0.0
5132.4 0.0
5132.7 0.0
5133.0 0.0
5133.3 0.0
5133.6 0.0
5133.9 0.0
5134.2 0.0
5134.5 0.0
5134.8 0.0
5135.1 0.0
5135.4 0.0
5135.7 0.0
5136.0 0.0
5136.3 0.0
5136.6 0.0
5136.9 0.0
5137.2 0.0
5137.5 0.0
5137.8 0.0
5138.1 0.0
5138.4 0.0
5138.7 0.0
5139.0 0.0
5139.3 0.0
5139.6 0.0
5139.9 0.0
5140.2 0.0
5140.5 0.0
5140.8 0.0
5141.1 0.0
5141.4 0.0
5141.7 0.0
5142.0 0.0
5142.3 0.0
5142.6 0.0
5142.9 0.0
5143.2 0.0
5143.5 0.0
5143.8 0.0
5144.1 0.0
5144.4 0.0
5144.7 0.0
5145.0 0.0
5145.3 0.0
5145.6 0.0
5145.9 0.0
5146.2 0.0
5146.5 0.0
5146.8 0.0
5147.1 0.0
5147.4 0.0
5147.7 0.0
5148.0 0.0
5148.3 0.0
5148.6 0.0
5148.9 0.0
5149.2 0.0
5149.5 0.0
5149.8 0.0
5150.1 0.0
5150.4 0.0
5150.7 0.0
5151.0 0.0
5151.3 0.0
5151.6 0.0
5151.9 0.0
5152.2 0.0
5152.5 0.0
5152.8 0.0
5153.1 0.0
5153.4 0.0
5153.7 0.0
5154.0 0.0
5154.3 0.0
5154.6 0.0
5154.9 0.0
5155.2 0.0
5155.5 0.0
5155.8 0.0
5156.1 0.0
5156.4 0.0
5156.7 0.0
5157.0 0.0
5157.3 0.0
5157.6 0.0
5157.9 0.0
5158.2 0.0
5158.5 0.0
5158.8 0.0
5159.1 0.0
5159.4 0.0
5159.7 0.0
5160.0 0.0
5160.3 0.0
5160.6 0.0
5160.9 0.0
5161.2 0.0
5161.5 0.0
5161.8 0.0
5162.1 0.0
5162.4 0.0
5162.7 0.0
5163.0 0.0
5163.3 0.0
5163.6 0.0
5163.9 0.0
5164.2 0.0
5164.5 0.0
5164.8 0.0
5165.1 0.0
5165.4 0.0
5165.7 0.0
5166.0 0.0
5166.3 0.0
5166.6 0.0
5166.9 0.0
5167.2 0.0
5167.5 0.0
5167.8 0.0
5168.1 0.0
5168.4 0.0
5168.7 0.0
5169.0 0.0
5169.3 0.0
5169.6 0.0
5169.9 0.0
5170.2 0.0
5170.5 0.0
5170.8 0.0
5171.1 0.0
5171.4 0.0
5171.7 0.0
5172.0 0.0
5172.3 0.0
5172.6 0.0
5172.9 0.0
5173.2 0.0
5173.5 0.0
5173.8 0.0
5174.1 0.0
5174.4 0.0
5174.7 0.0
5175.0 0.0
5175.3 0.0
5175.6 0.0
5175.9 0.0
5176.2 0.0
5176.5 0.0
5176.8 0.0
5177.1 0.0
5177.4 0.0
5177.7 0.0
5178.0 0.0
5178.3 0.0
5178.6 0.0
5178.9 0.0
5179.2 0.0
5179.5 0.0
5179.8 0.0
5180.1 0.0
5180.4 0.0
5180.7 0.0
5181.0 0.0
5181.3 0.0
5181.6 0.0
5181.9 0.0
5182.2 0.0
5182.5 0.0
5182.8 0.0
5183.1 0.0
5183.4 0.0
5183.7 0.0
5184.0 0.0
5184.3 0.0
5184.6 0.0
5184.9 0.0
5185.2 0.0
5185.5 0.0
5185.8 0.0
5186.1 0.0
5186.4 0.0
5186.7 0.0
5187.0 0.0
5187.3 0.0
5187.6 0.0
5187.9 0.0
5188.2 0.0
5188.5 0.0
5188.8 0.0
5189.1 0.0
5189.4 0.0
5189.7 0.0
5190.0 0.0
5190.3 0.0
5190.6 0.0
5190.9 0.0
5191.2 0.0
5191.5 0.0
5191.8 0.0
5192.1 0.0
5192.4 0.0
5192.7 0.0
5193.0 0.0
5193.3 0.0
5193.6 0.0
5193.9 0.0
5194.2 0.0
5194.5 0.0
5194.8 0.0
5195.1 0.0
5195.4 0.0
5195.7 0.0
5196.0 0.0
5196.3 0.0
5196.6 0.0
5196.9 0.0
5197.2 0.0
5197.5 0.0
5197.8 0.0
5198.1 0.0
5198.4 0.0
5198.7 0.0
5199.0 0.0
5199.3 0.0
5199.6 0.0
5199.9 0.0
5200.2 0.0
5200.5 0.0
5200.8 0.0
5201.1 0.0
5201.4 0.0
5201.7 0.0
5202.0 0.0
5202.3 0.0
5202.6 0.0
5202.9 0.0
5203.2 0.0
5203.5 0.0
5203.8 0.0
5204.1 0.0
5204.4 0.0
5204.7 0.0
5205.0 0.0
5205.3 0.0
5205.6 0.0
5205.9 0.0
5206.2 0.0
5206.5 0.0
5206.8 0.0
5207.1 0.0
5207.4 0.0
5207.7 0.0
5208.0 0.0
5208.3 0.0
5208.6 0.0
5208.9 0.0
5209.2 0.0
5209.5 0.0
5209.8 0.0
5210.1 0.0
5210.4 0.0
5210.7 0.0
5211.0 0.0
5211.3 0.0
5211.6 0.0
5211.9 0.0
5212.2 0.0
5212.5 0.0
5212.8 0.0
5213.1 0.0
5213.4 0.0
5213.7 0.0
5214.0 0.0
5214.3 0.0
5214.6 0.0
5214.9 0.0
5215.2 0.0
5215.5 0.0
5215.8 0.0
5216.1 0.0
5216.4 0.0
5216.7 0.0
5217.0 0.0
5217.3 0.0
5217.6 0.0
5217.9 0.0
5218.2 0.0
5218.5 0.0
5218.8 0.0
5219.1 0.0
5219.4 0.0
5219.7 0.0
5220.0 0.0
5220.3 0.0
5220.6 0.0
5220.9 0.0
5221.2 0.0
5221.5 0.0
5221.8 0.0
5222.1 0.0
5222.4 0.0
5222.7 0.0
5223.0 0.0
5223.3 0.0
5223.6 0.0
5223.9 0.0
5224.2 0.0
5224.5 0.0
5224.8 0.0
5225.1 0.0
5225.4 0.0
5225.7 0.0
5226.0 0.0
5226.3 0.0
5226.6 0.0
5226.9 0.0
5227.2 0.0
5227.5 0.0
5227.8 0.0
5228.1 0.0
5228.4 0.0
5228.7 0.0
5229.0 0.0
5229.3 0.0
5229.6 0.0
5229.9 0.0
5230.2 0.0
5230.5 0.0
5230.8 0.0
5231.1 0.0
5231.4 0.0
5231.7 0.0
5232.0 0.0
5232.3 0.0
5232.6 0.0
5232.9 0.0
5233.2 0.0
5233.5 0.0
5233.8 0.0
5234.1 0.0
5234.4 0.0
5234.7 0.0
5235.0 0.0
5235.3 0.0
5235.6 0.0
5235.9 0.0
5236.2 0.0
5236.5 0.0
5236.8 0.0
5237.1 0.0
5237.4 0.0
5237.7 0.0
5238.0 0.0
5238.3 0.0
5238.6 0.0
5238.9 0.0
5239.2 0.0
5239.5 0.0
5239.8 0.0
5240.1 0.0
5240.4 0.0
5240.7 0.0
5241.0 0.0
5241.3 0.0
5241.6 0.0
5241.9 0.0
5242.2 0.0
5242.5 0.0
5242.8 0.0
5243.1 0.0
5243.4 0.0
5243.7 0.0
5244.0 0.0
5244.3 0.0
5244.6 0.0
5244.9 0.0
5245.2 0.0
5245.5 0.0
5245.8 0.0
5246.1 0.0
5246.4 0.0
5246.7 0.0
5247.0 0.0
5247.3 0.0
5247.6 0.0
5247.9 0.0
5248.2 0.0
5248.5 0.0
5248.8 0.0
5249.1 0.0
5249.4 0.0
5249.7 0.0
5250.0 0.0
5250.3 0.0
5250.6 0.0
5250.9 0.0
5251.2 0.0
5251.5 0.0
5251.8 0.0
5252.1 0.0
5252.4 0.0
5252.7 0.0
5253.0 0.0
5253.3 0.0
5253.6 0.0
5253.9 0.0
5254.2 0.0
5254.5 0.0
5254.8 0.0
5255.1 0.0
5255.4 0.0
5255.7 0.0
5256.0 0.0
5256.3 0.0
5256.6 0.0
5256.9 0.0
5257.2 0.0
5257.5 0.0
5257.8 0.0
5258.1 0.0
5258.4 0.0
5258.7 0.0
5259.0 0.0
5259.3 0.0
5259.6 0.0
5259.9 0.0
5260.2 0.0
5260.5 0.0
5260.8 0.0
5261.1 0.0
5261.4 0.0
5261.7 0.0
5262.0 0.0
5262.3 0.0
5262.6 0.0
5262.9 0.0
5263.2 0.0
5263.5 0.0
5263.8 0.0
5264.1 0.0
5264.4 0.0
5264.7 0.0
5265.0 0.0
5265.3 0.0
5265.6 0.0
5265.9 0.0
5266.2 0.0
5266.5 0.0
5266.8 0.0
5267.1 0.0
5267.4 0.0
5267.7 0.0
5268.0 0.0
5268.3 0.0
5268.6 0.0
5268.9 0.0
5269.2 0.0
5269.5 0.0
5269.8 0.0
5270.1 0.0
5270.4 0.0
5270.7 0.0
5271.0 0.0
5271.3 0.0
5271.6 0.0
5271.9 0.0
5272.2 0.0
5272.5 0.0
5272.8 0.0
5273.1 0.0
5273.4 0.0
5273.7 0.0
5274.0 0.0
5274.3 0.0
5274.6 0.0
5274.9 0.0
5275.2 0.0
5275.5 0.0
5275.8 0.0
5276.1 0.0
5276.4 0.0
5276.7 0.0
5277.0 0.0
5277.3 0.0
5277.6 0.0
5277.9 0.0
5278.2 0.0
5278.5 0.0
5278.8 0.0
5279.1 0.0
5279.4 0.0
5279.7 0.0
5280.0 0.0
5280.3 0.0
5280.6 0.0
5280.9 0.0
5281.2 0.0
5281.5 0.0
5281.8 0.0
5282.1 0.0
5282.4 0.0
5282.7 0.0
5283.0 0.0
5283.3 0.0
5283.6 0.0
5283.9 0.0
5284.2 0.0
5284.5 0.0
5284.8 0.0
5285.1 0.0
5285.4 0.0
5285.7 0.0
5286.0 0.0
5286.3 0.0
5286.6 0.0
5286.9 0.0
5287.2 0.0
5287.5 0.0
5287.8 0.0
5288.1 0.0
5288.4 0.0
5288.7 0.0
5289.0 0.0
5289.3 0.0
5289.6 0.0
5289.9 0.0
5290.2 0.0
5290.5 0.0
5290.8 0.0
5291.1 0.0
5291.4 0.0
5291.7 0.0
5292.0 0.0
5292.3 0.0
5292.6 0.0
5292.9 0.0
5293.2 0.0
5293.5 0.0
5293.8 0.0
5294.1 0.0
5294.4 0.0
5294.7 0.0
5295.0 0.0
5295.3 0.0
5295.6 0.0
5295.9 0.0
5296.2 0.0
5296.5 0.0
5296.8 0.0
5297.1 0.0
5297.4 0.0
5297.7 0.0
5298.0 0.0
5298.3 0.0
5298.6 0.0
5298.9 0.0
5299.2 0.0
5299.5 0.0
5299.8 0.0
5300.1 0.0
5300.4 0.0
5300.7 0.0
5301.0 0.0
5301.3 0.0
5301.6 0.0
5301.9 0.0
5302.2 0.0
5302.5 0.0
5302.8 0.0
5303.1 0.0
5303.4 0.0
5303.7 0.0
5304.0 0.0
5304.3 0.0
5304.6 0.0
5304.9 0.0
5305.2 0.0
5305.5 0.0
5305.8 0.0
5306.1 0.0
5306.4 0.0
5306.7 0.0
5307.0 0.0
5307.3 0.0
5307.6 0.0
5307.9 0.0
5308.2 0.0
5308.5 0.0
5308.8 0.0
5309.1 0.0
5309.4 0.0
5309.7 0.0
5310.0 0.0
5310.3 0.0
5310.6 0.0
5310.9 0.0
5311.2 0.0
5311.5 0.0
5311.8 0.0
5312.1 0.0
5312.4 0.0
5312.7 0.0
5313.0 0.0
5313.3 0.0
5313.6 0.0
5313.9 0.0
5314.2 0.0
5314.5 0.0
5314.8 0.0
5315.1 0.0
5315.4 0.0
5315.7 0.0
5316.0 0.0
5316.3 0.0
5316.6 0.0
5316.9 0.0
5317.2 0.0
5317.5 0.0
5317.8 0.0
5318.1 0.0
5318.4 0.0
5318.7 0.0
5319.0 0.0
5319.3 0.0
5319.6 0.0
5319.9 0.0
5320.2 0.0
5320.5 0.0
5320.8 0.0
5321.1 0.0
5321.4 0.0
5321.7 0.0
5322.0 0.0
5322.3 0.0
5322.6 0.0
5322.9 0.0
5323.2 0.0
5323.5 0.0
5323.8 0.0
5324.1 0.0
5324.4 0.0
5324.7 0.0
5325.0 0.0
5325.3 0.0
5325.6 0.0
5325.9 0.0
5326.2 0.0
5326.5 0.0
5326.8 0.0
5327.1 0.0
5327.4 0.0
5327.7 0.0
5328.0 0.0
5328.3 0.0
5328.6 0.0
5328.9 0.0
5329.2 0.0
5329.5 0.0
5329.8 0.0
