4662.0 0.0
4662.3 0.0
4662.6 0.0
4662.9 0.0
4663.2 0.0
4663.5 0.0
4663.8 0.0
4664.1 0.0
4664.4 0.0
4664.7 0.0
4665.0 0.0
4665.3 0.0
4665.6 0.0
4665.9 0.0
4666.2 0.0
4666.5 0.0
4666.8 0.0
4667.1 0.0
4667.4 0.0
4667.7 0.0
4668.0 0.0
4668.3 0.0
4668.6 0.0
4668.9 0.0
4669.2 0.0
4669.5 0.0
4669.8 0.0
4670.1 0.0
4670.4 0.0
4670.7 0.0
4671.0 0.0
4671.3 0.0
4671.6 0.0
4671.9 0.0
4672.2 0.0
4672.5 0.0
4672.8 0.0
4673.1 0.0
4673.4 0.0
4673.7 0.0
4674.0 0.0
4674.3 0.0
4674.6 0.0
4674.9 0.0
4675.2 0.0
4675.5 0.0
4675.8 0.0
4676.1 0.0
4676.4 0.0
4676.7 0.0
4677.0 0.0
4677.3 0.0
4677.6 0.0
4677.9 0.0
4678.2 0.0
4678.5 0.0
4678.8 0.0
4679.1 0.0
4679.4 0.0
4679.7 0.0
4680.0 0.0
4680.3 0.0
4680.6 0.0
4680.9 0.0
4681.2 0.0
4681.5 0.0
4681.8 0.0
4682.1 0.0
4682.4 0.0
4682.7 0.0
4683.0 0.0
4683.3 0.0
4683.6 0.0
4683.9 0.0
4684.2 0.0
4684.5 0.0
4684.8 0.0
4685.1 0.0
4685.4 0.0
4685.7 0.0
4686.0 0.0
4686.3 0.0
4686.6 0.0
4686.9 0.0
4687.2 0.0
4687.5 0.0
4687.8 0.0
4688.1 0.0
4688.4 0.0
4688.7 0.0
4689.0 0.0
4689.3 0.0
4689.6 0.0
4689.9 0.0
4690.2 0.0
4690.5 0.0
4690.8 0.0
4691.1 0.0
4691.4 0.0
4691.7 0.0
4692.0 0.0
4692.3 0.0
4692.6 0.0
4692.9 0.0
4693.2 0.0
4693.5 0.0
4693.8 0.0
4694.1 0.0
4694.4 0.0
4694.7 0.0
4695.0 0.0
4695.3 0.0
4695.6 0.0
4695.9 0.0
4696.2 0.0
4696.5 0.0
4696.8 0.0
4697.1 0.0
4697.4 0.0
4697.7 0.0
4698.0 0.0
4698.3 0.0
4698.6 0.0
4698.9 0.0
4699.2 0.0
4699.5 0.0
4699.8 0.0
4700.1 0.0
4700.4 0.0
4700.7 0.0
4701.0 0.0
4701.3 0.0
4701.6 0.0
4701.9 0.0
4702.2 0.0
4702.5 0.0
4702.8 0.0
4703.1 0.0
4703.4 0.0
4703.7 0.0
4704.0 0.0
4704.3 0.0
4704.6 0.0
4704.9 0.0
4705.2 0.0
4705.5 0.0
4705.8 0.0
4706.1 0.0
4706.4 0.0
4706.7 0.0
4707.0 0.0
4707.3 0.0
4707.6 0.0
4707.9 0.0
4708.2 0.0
4708.5 0.0
4708.8 0.0
4709.1 0.0
4709.4 0.0
4709.7 0.0
4710.0 0.0
4710.3 0.0
4710.6 0.0
4710.9 0.0
4711.2 0.0
4711.5 0.0
4711.8 0.0
4712.1 0.0
4712.4 0.0
4712.7 0.0
4713.0 0.0
4713.3 0.0
4713.6 0.0
4713.9 0.0
4714.2 0.0
4714.5 0.0
4714.8 0.0
4715.1 0.0
4715.4 0.0
4715.7 0.0
4716.0 0.0
4716.3 0.0
4716.6 0.0
4716.9 0.0
4717.2 0.0
4717.5 0.0
4717.8 0.0
4718.1 0.0
4718.4 0.0
4718.7 0.0
4719.0 0.0
4719.3 0.0
4719.6 0.0
4719.9 0.0
4720.2 0.0
4720.5 0.0
4720.8 0.0
4721.1 0.0
4721.4 0.0
4721.7 0.0
4722.0 0.0
4722.3 0.0
4722.6 0.0
4722.9 0.0
4723.2 0.0
4723.5 0.0
4723.8 0.0
4724.1 0.0
4724.4 0.0
4724.7 0.0
4725.0 0.0
4725.3 0.0
4725.6 0.0
4725.9 0.0
4726.2 0.0
4726.5 0.0
4726.8 0.0
4727.1 0.0
4727.4 0.0
4727.7 0.0
4728.0 0.0
4728.3 0.0
4728.6 0.0
4728.9 0.0
4729.2 0.0
4729.5 0.0
4729.8 0.0
4730.1 0.0
4730.4 0.0
4730.7 0.0
4731.0 0.0
4731.3 0.0
4731.6 0.0
4731.9 0.0
4732.2 0.0
4732.5 0.0
4732.8 0.0
4733.1 0.0
4733.4 0.0
4733.7 0.0
4734.0 0.0
4734.3 0.0
4734.6 0.0
4734.9 0.0
4735.2 0.0
4735.5 0.0
4735.8 0.0
4736.1 0.0
4736.4 0.0
4736.7 0.0
4737.0 0.0
4737.3 0.0
4737.6 0.0
4737.9 0.0
4738.2 0.0
4738.5 0.0
4738.8 0.0
4739.1 0.0
4739.4 0.0
4739.7 0.0
4740.0 0.0
4740.3 0.0
4740.6 0.0
4740.9 0.0
4741.2 0.0
4741.5 0.0
4741.8 0.0
4742.1 0.0
4742.4 0.0
4742.7 0.0
4743.0 0.0
4743.3 0.0
4743.6 0.0
4743.9 0.0
4744.2 0.0
4744.5 0.0
4744.8 0.0
4745.1 0.0
4745.4 0.0
4745.7 0.0
4746.0 0.0
4746.3 0.0
4746.6 0.0
4746.9 0.0
4747.2 0.0
4747.5 0.0
4747.8 0.0
4748.1 0.0
4748.4 0.0
4748.7 0.0
4749.0 0.0
4749.3 0.0
4749.6 0.0
4749.9 0.0
4750.2 0.0
4750.5 0.0
4750.8 0.0
4751.1 0.0
4751.4 0.0
4751.7 0.0
4752.0 0.0
4752.3 0.0
4752.6 0.0
4752.9 0.0
4753.2 0.0
4753.5 0.0
4753.8 0.0
4754.1 0.0
4754.4 0.0
4754.7 0.0
4755.0 0.0
4755.3 0.0
4755.6 0.0
4755.9 0.0
4756.2 0.0
4756.5 0.0
4756.8 0.0
4757.1 0.0
4757.4 0.0
4757.7 0.0
4758.0 0.0
4758.3 0.0
4758.6 0.0
4758.9 0.0
4759.2 0.0
4759.5 0.0
4759.8 0.0
4760.1 0.0
4760.4 0.0
4760.7 0.0
4761.0 0.0
4761.3 0.0
4761.6 0.0
4761.9 0.0
4762.2 0.0
4762.5 0.0
4762.8 0.0
4763.1 0.0
4763.4 0.0
4763.7 0.0
4764.0 0.0
4764.3 0.0
4764.6 0.0
4764.9 0.0
4765.2 0.0
4765.5 0.0
4765.8 0.0
4766.1 0.0
4766.4 0.0
4766.7 0.0
4767.0 0.0
4767.3 0.0
4767.6 0.0
4767.9 0.0
4768.2 0.0
4768.5 0.0
4768.8 0.0
4769.1 0.0
4769.4 0.0
4769.7 0.0
4770.0 0.0
4770.3 0.0
4770.6 0.0
4770.9 0.0
4771.2 0.0
4771.5 0.0
4771.8 0.0
4772.1 0.0
4772.4 0.0
4772.7 0.0
4773.0 0.0
4773.3 0.0
4773.6 0.0
4773.9 0.0
4774.2 0.0
4774.5 0.0
4774.8 0.0
4775.1 0.0
4775.4 0.0
4775.7 0.0
4776.0 0.0
4776.3 0.0
4776.6 0.0
4776.9 0.0
4777.2 0.0
4777.5 0.0
4777.8 0.0
4778.1 0.0
4778.4 0.0
4778.7 0.0
4779.0 0.0
4779.3 0.0
4779.6 0.0
4779.9 0.0
4780.2 0.0
4780.5 0.0
4780.8 0.0
4781.1 0.0
4781.4 0.0
4781.7 0.0
4782.0 0.0
4782.3 0.0
4782.6 0.0
4782.9 0.0
4783.2 0.0
4783.5 0.0
4783.8 0.0
4784.1 0.0
4784.4 0.0
4784.7 0.0
4785.0 0.0
4785.3 0.0
4785.6 0.0
4785.9 0.0
4786.2 0.0
4786.5 0.0
4786.8 0.0
4787.1 0.0
4787.4 0.0
4787.7 0.0
4788.0 0.0
4788.3 0.0
4788.6 0.0
4788.9 0.0
4789.2 0.0
4789.5 0.0
4789.8 0.0
4790.1 0.0
4790.4 0.0
4790.7 0.0
4791.0 0.0
4791.3 0.0
4791.6 0.0
4791.9 0.0
4792.2 0.0
4792.5 0.0
4792.8 0.0
4793.1 0.0
4793.4 0.0
4793.7 0.0
4794.0 0.0
4794.3 0.0
4794.6 0.0
4794.9 0.0
4795.2 0.0
4795.5 0.0
4795.8 0.0
4796.1 0.0
4796.4 0.0
4796.7 0.0
4797.0 0.0
4797.3 0.0
4797.6 0.0
4797.9 0.0
4798.2 0.0
4798.5 0.0
4798.8 0.0
4799.1 0.0
4799.4 0.0
4799.7 0.0
4800.0 0.0
4800.3 0.0
4800.6 0.0
4800.9 0.0
4801.2 0.0
4801.5 0.0
4801.8 0.0
4802.1 0.0
4802.4 0.0
4802.7 0.0
4803.0 0.0
4803.3 0.0
4803.6 0.0
4803.9 0.0
4804.2 0.0
4804.5 0.0
4804.8 0.0
4805.1 0.0
4805.4 0.0
4805.7 0.0
4806.0 0.0
4806.3 0.0
4806.6 0.0
4806.9 0.0
4807.2 0.0
4807.5 0.0
4807.8 0.0
4808.1 0.0
4808.4 0.0
4808.7 0.0
4809.0 0.0
4809.3 0.0
4809.6 0.0
4809.9 0.0
4810.2 0.0
4810.5 0.0
4810.8 0.0
4811.1 0.0
4811.4 0.0
4811.7 0.0
4812.0 0.0
4812.3 0.0
4812.6 0.0
4812.9 0.0
4813.2 0.0
4813.5 0.0
4813.8 0.0
4814.1 0.0
4814.4 0.0
4814.7 0.0
4815.0 0.0
4815.3 0.0
4815.6 0.0
4815.9 0.0
4816.2 0.0
4816.5 0.0
4816.8 0.0
4817.1 0.0
4817.4 0.0
4817.7 0.0
4818.0 0.0
4818.3 0.0
4818.6 0.0
4818.9 0.0
4819.2 0.0
4819.5 0.0
4819.8 0.0
4820.1 0.0
4820.4 0.0
4820.7 0.0
4821.0 0.0
4821.3 0.0
4821.6 0.0
4821.9 0.0
4822.2 0.0
4822.5 0.0
4822.8 0.0
4823.1 0.0
4823.4 0.0
4823.7 0.0
4824.0 0.0
4824.3 0.0
4824.6 0.0
4824.9 0.0
4825.2 0.0
4825.5 0.0
4825.8 0.0
4826.1 0.0
4826.4 0.0
4826.7 0.0
4827.0 0.0
4827.3 0.0
4827.6 0.0
4827.9 0.0
4828.2 0.0
4828.5 0.0
4828.8 0.0
4829.1 0.0
4829.4 0.0
4829.7 0.0
4830.0 0.0
4830.3 0.0
4830.6 0.0
4830.9 0.0
4831.2 0.0
4831.5 0.0
4831.8 0.0
4832.1 0.0
4832.4 0.0
4832.7 0.0
4833.0 0.0
4833.3 0.0
4833.6 0.0
4833.9 0.0
4834.2 0.0
4834.5 0.0
4834.8 0.0
4835.1 0.0
4835.4 0.0
4835.7 0.0
4836.0 0.0
4836.3 0.0
4836.6 0.0
4836.9 0.0
4837.2 0.0
4837.5 0.0
4837.8 0.0
4838.1 0.0
4838.4 0.0
4838.7 0.0
4839.0 0.0
4839.3 0.0
4839.6 0.0
4839.9 0.0
4840.2 0.0
4840.5 0.0
4840.8 0.0
4841.1 0.0
4841.4 0.0
4841.7 0.0
4842.0 0.0
4842.3 0.0
4842.6 0.0
4842.9 0.0
4843.2 0.0
4843.5 0.0
4843.8 0.0
4844.1 0.0
4844.4 0.0
4844.7 0.0
4845.0 0.0
4845.3 0.0
4845.6 0.0
4845.9 0.0
4846.2 0.0
4846.5 0.0
4846.8 0.0
4847.1 0.0
4847.4 0.0
4847.7 0.0
4848.0 0.0
4848.3 0.0
4848.6 0.0
4848.9 0.0
4849.2 0.0
4849.5 0.0
4849.8 0.0
4850.1 0.0
4850.4 0.0
4850.7 0.0
4851.0 0.0
4851.3 0.0
4851.6 0.0
4851.9 0.0
4852.2 0.0
4852.5 0.0
4852.8 0.0
4853.1 0.0
4853.4 0.0
4853.7 0.0
4854.0 0.0
4854.3 0.0
4854.6 0.0
4854.9 0.0
4855.2 0.0
4855.5 0.0
4855.8 0.0
4856.1 0.0
4856.4 0.0
4856.7 0.0
4857.0 0.0
4857.3 0.0
4857.6 0.0
4857.9 0.0
4858.2 0.0
4858.5 0.0
4858.8 0.0
4859.1 0.0
4859.4 0.0
4859.7 0.0
4860.0 0.0
4860.3 0.0
4860.6 0.0
4860.9 0.0
4861.2 0.0
4861.5 0.0
4861.8 0.0
4862.1 0.0
4862.4 0.0
4862.7 0.0
4863.0 0.0
4863.3 0.0
4863.6 0.0
4863.9 0.0
4864.2 0.0
4864.5 0.0
4864.8 0.0
4865.1 0.0
4865.4 0.0
4865.7 0.0
4866.0 0.0
4866.3 0.0
4866.6 0.0
4866.9 0.0
4867.2 0.0
4867.5 0.0
4867.8 0.0
4868.1 0.0
4868.4 0.0
4868.7 0.0
4869.0 0.0
4869.3 0.0
4869.6 0.0
4869.9 0.0
4870.2 0.0
4870.5 0.0
4870.8 0.0
4871.1 0.0
4871.4 0.0
4871.7 0.0
4872.0 0.0
4872.3 0.0
4872.6 0.0
4872.9 0.0
4873.2 0.0
4873.5 0.0
4873.8 0.0
4874.1 0.0
4874.4 0.0
4874.7 0.0
4875.0 0.0
4875.3 0.0
4875.6 0.0
4875.9 0.0
4876.2 0.0
4876.5 0.0
4876.8 0.0
4877.1 0.0
4877.4 0.0
4877.7 0.0
4878.0 0.0
4878.3 0.0
4878.6 0.0
4878.9 0.0
4879.2 0.0
4879.5 0.0
4879.8 0.0
4880.1 0.0
4880.4 0.0
4880.7 0.0
4881.0 0.0
4881.3 0.0
4881.6 0.0
4881.9 0.0
4882.2 0.0
4882.5 0.0
4882.8 0.0
4883.1 0.0
4883.4 0.0
4883.7 0.0
4884.0 0.0
4884.3 0.0
4884.6 0.0
4884.9 0.0
4885.2 0.0
4885.5 0.0
4885.8 0.0
4886.1 0.0
4886.4 0.0
4886.7 0.0
4887.0 0.0
4887.3 0.0
4887.6 0.0
4887.9 0.0
4888.2 0.0
4888.5 0.0
4888.8 0.0
4889.1 0.0
4889.4 0.0
4889.7 0.0
4890.0 0.0
4890.3 0.0
4890.6 0.0
4890.9 0.0
4891.2 0.0
4891.5 0.0
4891.8 0.0
4892.1 0.0
4892.4 0.0
4892.7 0.0
4893.0 0.0
4893.3 0.0
4893.6 0.0
4893.9 0.0
4894.2 0.0
4894.5 0.0
4894.8 0.0
4895.1 0.0
4895.4 0.0
4895.7 0.0
4896.0 0.0
4896.3 0.0
4896.6 0.0
4896.9 0.0
4897.2 0.0
4897.5 0.0
4897.8 0.0
4898.1 0.0
4898.4 0.0
4898.7 0.0
4899.0 0.0
4899.3 0.0
4899.6 0.0
4899.9 0.0
4900.2 0.0
4900.5 0.0
4900.8 0.0
4901.1 0.0
4901.4 0.0
4901.7 0.0
4902.0 0.0
4902.3 1.0022436033223572e-14
4902.6 1.0022436033223572e-14
4902.9 2.339286529343457e-14
4903.2 2.339286529343457e-14
4903.5 6.683060265331628e-14
4903.8 1.1834212603516534e-13
4904.1 2.1526158107116575e-13
4904.4 4.051816513904428e-13
4904.7 7.45481344315474e-13
4905.0 1.3538357040250235e-12
4905.3 2.439777490754742e-12
4905.6 4.3990062481081334e-12
4905.9 7.867519627452338e-12
4906.2 1.3965837180837139e-11
4906.5 2.4733470981486323e-11
4906.8 4.3466397094040626e-11
4907.1 7.596377708047151e-11
4907.4 1.3203497300406606e-10
4907.7 2.2818623004650551e-10
4908.0 3.9213035837547386e-10
4908.3 6.698754492221652e-10
4908.6 1.1380178479600534e-9
4908.9 1.922113879775848e-9
4909.2 3.228200932797844e-9
4909.5 5.39093973595289e-9
4909.8 8.951562923531178e-9
4910.1 1.4779988352577713e-8
4910.4 2.4265699493687794e-8
4910.7 3.961515836631846e-8
4911.0 6.431178311605633e-8
4911.3 1.0382216359298827e-7
4911.6 1.6667602175772267e-7
4911.9 2.661074554582432e-7
4912.2 4.2253388849106654e-7
4912.5 6.672877930408202e-7
4912.8 1.0482033371004565e-6
4913.1 1.6379571787483048e-6
4913.4 2.5464997983387475e-6
4913.7 3.939586666838883e-6
4914.0 6.066519802181419e-6
4914.3 9.302045839589028e-6
4914.6 1.4210641599397052e-5
4914.9 2.164753337011221e-5
4915.2 3.292261092274429e-5
4915.5 5.007649543166376e-5
4915.8 7.636344348586075e-5
4916.1 0.00011712350029331758
4916.4 0.00018139195691885892
4916.7 0.00028489667481185405
4917.0 0.00045562371430390216
4917.3 0.0007440178155804884
4917.6 0.0012412830476863758
4917.9 0.002111317388571721
4918.2 0.0036446269304960107
4918.5 0.006345988715943523
4918.8 0.011071121896145843
4919.1 0.019230052977312687
4919.4 0.0330743304028132
4919.7 0.05607927505367431
4920.0 0.09341845834851469
4920.3 0.15250402711944136
4920.6 0.24353443675474407
4920.9 0.37995608461707114
4921.2 0.5787181333816466
4921.5 0.8601968432783113
4921.8 1.2477052346229682
4922.1 1.7666031244307292
4922.4 2.4431910011520133
4922.7 3.3038098640020728
4923.0 4.374869375636015
4923.3 5.684882019306784
4923.6 7.269982444952866
4923.9 9.184865010602792
4924.2 11.521547741548156
4924.5 14.43879384599181
4924.8 18.205164209306375
4925.1 23.2581432754132
4925.4 30.279977425907415
4925.7 40.2871218379827
4926.0 54.72406231258993
4926.3 75.5438587203306
4926.6 105.24832268853713
4926.9 146.85284667528398
4927.2 203.73848429152372
4927.5 279.36124341251104
4927.8 376.80918180806816
4928.1 498.2319540322325
4928.4 644.2105804936057
4928.7 813.1776034512749
4929.0 1001.0255028023116
4929.3 1201.0403565399743
4929.6 1404.259404008934
4929.9 1600.2763846162475
4930.2 1778.4204687119336
4930.5 1929.1388810387132
4930.8 2045.344470654874
4931.1 2123.474836728612
4931.4 2164.0524934565196
4931.7 2171.631893833901
4932.0 2154.1401954323774
4932.3 2121.735123266241
4932.6 2085.386195912335
4932.9 2055.417518203616
4933.2 2040.2324069226438
4933.5 2045.384740028789
4933.8 2073.0863137135357
4934.1 2122.164923595462
4934.4 2188.4240733219012
4934.7 2265.3090220603235
4935.0 2344.7576893714795
4935.3 2418.107974303624
4935.6 2476.9446630766556
4935.9 2513.8001422466923
4936.2 2522.6637804817606
4936.5 2499.299547146967
4936.8 2441.405034692934
4937.1 2348.6586635656918
4937.4 2222.6923966965064
4937.7 2067.001039166689
4938.0 1886.7706500979389
4938.3 1688.5932417823988
4938.6 1480.0426857860834
4938.9 1269.1173157118883
4939.2 1063.5969981607534
4939.5 870.3988258786067
4939.8 695.0315612390436
4940.1 541.2365545993068
4940.4 410.86567423335686
4940.7 303.99742155393596
4941.0 219.2455987851388
4941.3 154.18431500124467
4941.6 105.8040445674632
4941.9 70.92512287756412
4942.2 46.51964675929395
4942.5 29.92159595260324
4942.8 18.929851980895457
4943.1 11.825214022037832
4943.4 7.329420604311977
4943.7 4.533332845429174
4944.0 2.8158376540619225
4944.3 1.7677149305584976
4944.6 1.127889687211477
4944.9 0.734341825462082
4945.2 0.4887450465669023
4945.5 0.3323767372264672
4945.8 0.2304664576322148
4946.1 0.1624289330848051
4946.4 0.11596951994144963
4946.7 0.08361828114972523
4947.0 0.06072811579117932
4947.3 0.04432825222810953
4947.6 0.03246632846958968
4947.9 0.02382616672568624
4948.2 0.01750084450351839
4948.5 0.012854108668176224
4948.8 0.00943313324723976
4949.1 0.006911933319935122
4949.4 0.005053690866183791
4949.7 0.00368512040827161
4950.0 0.002678711284065391
4950.3 0.0019402368783712543
4950.6 0.0013998622762779606
4950.9 0.001005740461313311
4951.2 0.0007193562184069413
4951.5 0.0005121105068239018
4951.8 0.0003627970281696434
4952.1 0.0002557263708059857
4952.4 0.000179325164820731
4952.7 0.00012508704811413796
4953.0 8.678565556176197e-5
4953.3 5.988439639243491e-5
4953.6 4.109421432323251e-5
4953.9 2.8043005014261967e-5
4954.2 1.9029384213958484e-5
4954.5 1.2839961548528193e-5
4954.8 8.614432086520056e-6
4955.1 5.746465682041463e-6
4955.4 3.8113181942300177e-6
4955.7 2.513277335402474e-6
4956.0 1.6477382334145672e-6
4956.3 1.0740176485965986e-6
4956.6 6.959912631907513e-7
4956.9 4.4839395437050037e-7
4957.2 2.8719330963981285e-7
4957.5 1.8287031277165174e-7
4957.8 1.1576103278924678e-7
4958.1 7.284981672710562e-8
4958.4 4.557620758841242e-8
4958.7 2.834577573770676e-8
4959.0 1.752578401713249e-8
4959.3 1.0772137624808777e-8
4959.6 6.5820184035238075e-9
4959.9 3.9980765796709066e-9
4960.2 2.414178284800159e-9
4960.5 1.449171181602448e-9
4960.8 8.647618449228109e-10
4961.1 5.129708527932706e-10
4961.4 3.0249384939305896e-10
4961.7 1.7732776765667967e-10
4962.0 1.0333659506397746e-10
4962.3 5.98482452950701e-11
4962.6 3.44816680684744e-11
4962.9 1.972841659874446e-11
4963.2 1.123129675331131e-11
4963.5 6.3422750348041435e-12
4963.8 3.57273460153976e-12
4964.1 1.9978126994639743e-12
4964.4 1.1124904166284755e-12
4964.7 6.013461755459415e-13
4965.0 3.407628183533379e-13
4965.3 1.8040385537428788e-13
4965.6 1.0022436033223572e-13
4965.9 6.013461619934143e-14
4966.2 3.006730809967072e-14
4966.5 1.0022436033223572e-14
4966.8 1.0022436033223572e-14
4967.1 1.0022436033223572e-14
4967.4 0.0
4967.7 0.0
4968.0 0.0
4968.3 0.0
4968.6 0.0
4968.9 0.0
4969.2 0.0
4969.5 0.0
4969.8 0.0
4970.1 0.0
4970.4 0.0
4970.7 0.0
4971.0 0.0
4971.3 0.0
4971.6 0.0
4971.9 0.0
4972.2 0.0
4972.5 0.0
4972.8 0.0
4973.1 0.0
4973.4 0.0
4973.7 0.0
4974.0 0.0
4974.3 0.0
4974.6 0.0
4974.9 0.0
4975.2 0.0
4975.5 0.0
4975.8 0.0
4976.1 0.0
4976.4 0.0
4976.7 0.0
4977.0 0.0
4977.3 0.0
4977.6 0.0
4977.9 0.0
4978.2 0.0
4978.5 0.0
4978.8 0.0
4979.1 0.0
4979.4 0.0
4979.7 0.0
4980.0 0.0
4980.3 0.0
4980.6 0.0
4980.9 0.0
4981.2 0.0
4981.5 0.0
4981.8 0.0
4982.1 0.0
4982.4 0.0
4982.7 0.0
4983.0 0.0
4983.3 0.0
4983.6 0.0
4983.9 0.0
4984.2 0.0
4984.5 0.0
4984.8 0.0
4985.1 0.0
4985.4 0.0
4985.7 0.0
4986.0 0.0
4986.3 0.0
4986.6 0.0
4986.9 0.0
4987.2 0.0
4987.5 0.0
4987.8 0.0
4988.1 0.0
4988.4 0.0
4988.7 0.0
4989.0 0.0
4989.3 0.0
4989.6 0.0
4989.9 0.0
4990.2 0.0
4990.5 0.0
4990.8 0.0
4991.1 0.0
4991.4 0.0
4991.7 0.0
4992.0 0.0
4992.3 0.0
4992.6 0.0
4992.9 0.0
4993.2 0.0
4993.5 0.0
4993.8 0.0
4994.1 0.0
4994.4 0.0
4994.7 0.0
4995.0 0.0
4995.3 0.0
4995.6 0.0
4995.9 0.0
4996.2 0.0
4996.5 0.0
4996.8 0.0
4997.1 0.0
4997.4 0.0
4997.7 0.0
4998.0 0.0
4998.3 0.0
4998.6 0.0
4998.9 0.0
4999.2 0.0
4999.5 0.0
4999.8 0.0
5000.1 0.0
5000.4 0.0
5000.7 1.4805734636146408e-15
5001.0 1.4805734636146408e-15
5001.3 0.0
5001.6 4.4804671487011844e-15
5001.9 7.402867212194086e-15
5002.2 1.213057645892183e-14
5002.5 2.1033391630353015e-14
5002.8 3.9125007328470854e-14
5003.1 7.183323871739495e-14
5003.4 1.3058290308194662e-13
5003.7 2.3290495358412874e-13
5004.0 4.121651458141877e-13
5004.3 7.306494852046183e-13
5004.6 1.2866690999120564e-12
5004.9 2.249262380001777e-12
5005.2 3.914512728005544e-12
5005.5 6.773218611056054e-12
5005.8 1.1659963868536954e-11
5006.1 1.9970636399801686e-11
5006.4 3.4027053566976536e-11
5006.7 5.7741840599122964e-11
5007.0 9.761904866527173e-11
5007.3 1.6466909304619424e-10
5007.6 2.776100222544596e-10
5007.9 4.692192315677726e-10
5008.2 7.982089459790895e-10
5008.5 1.37449909608125e-9
5008.8 2.412423191303568e-9
5009.1 4.348445160923581e-9
5009.4 8.103512013926235e-9
5009.7 1.5672230736278344e-8
5010.0 3.1438593762670207e-8
5010.3 6.508627048443444e-8
5010.6 1.379365770159954e-7
5010.9 2.9649652090718194e-7
5011.2 6.40799974867496e-7
5011.5 1.382295679148271e-6
5011.8 2.9590735686771766e-6
5012.1 6.258997387005066e-6
5012.4 1.3039414823666645e-5
5012.7 2.6692890662454808e-5
5013.0 5.360035143544912e-5
5013.3 0.00010544390622114878
5013.6 0.0002030249541041451
5013.9 0.0003823426931766601
5014.2 0.0007039098306325014
5014.5 0.0012664678146102224
5014.8 0.002226333571558529
5015.1 0.0038234503966918226
5015.4 0.006414705529683783
5015.7 0.01051407754993134
5016.0 0.01683763304521581
5016.3 0.026349333077460353
5016.6 0.040301267854376446
5016.9 0.06025985700472433
5017.2 0.08810852907215366
5017.5 0.1260185438202024
5017.8 0.1763842056078875
5018.1 0.2417272922438514
5018.4 0.3245879857120366
5018.7 0.42743326521314406
5019.0 0.552624129010308
5019.3 0.7024835009923822
5019.6 0.879489404924342
5019.9 1.086581245365719
5020.2 1.3275130551263983
5020.5 1.60713031269688
5020.8 1.9314120380021562
5021.1 2.3071325461815757
5021.4 2.7410796732120515
5021.7 3.238920949102863
5022.0 3.8040133960454248
5022.3 4.436655462407939
5022.6 5.134425515328139
5022.9 5.8942889804115834
5023.2 6.7170683954609345
5023.5 7.614669948907367
5023.8 8.620191256247006
5024.1 9.800712174622543
5024.4 11.272191024315282
5024.7 13.215366785384118
5025.0 15.890815181796073
5025.3 19.650282293199346
5025.6 24.940237251114503
5025.9 32.29260131658411
5026.2 42.297416650819144
5026.5 55.553493870003145
5026.8 72.59636320095738
5027.1 93.80813975850998
5027.4 119.32048312990581
5027.7 148.92802920990673
5028.0 182.03342898167386
5028.3 217.6442915906449
5028.6 254.43579860671483
5028.9 290.8808873284331
5029.2 325.43502863872254
5029.5 356.74838234145875
5029.8 383.86856315348155
5030.1 406.3955165369662
5030.4 424.55698109220805
5030.7 439.1872532439674
5031.0 451.60984802117935
5031.3 463.4420396271099
5031.6 476.35219738123925
5031.9 491.80747752205923
5032.2 510.8494309285807
5032.5 533.9292483304829
5032.8 560.8247615964149
5033.1 590.6487773188262
5033.4 621.9448128644897
5033.7 652.852766341002
5034.0 681.3163193723378
5034.3 705.2975471623147
5034.6 722.9654928735176
5034.9 732.8340071013769
5035.2 733.838851076242
5035.5 725.3600999592516
5035.8 707.208476165883
5036.1 679.5984269296664
5036.4 643.1257436289217
5036.7 598.7551282087143
5037.0 547.8091585251602
5037.3 491.94059598451736
5037.6 433.06921868650693
5037.9 373.27316144827165
5038.2 314.6395516443919
5038.5 259.0943540846582
5038.8 208.24094925799773
5039.1 163.23748266741828
5039.4 124.73473382560148
5039.7 92.88205807506688
5040.0 67.39397782728787
5040.3 47.65853846392916
5040.6 32.86333416119008
5040.9 22.11642143761619
5041.2 14.54537832744625
5041.5 9.36597907692305
5041.8 5.919677302566018
5042.1 3.684678261392058
5042.4 2.268202718685484
5042.7 1.3879073960776396
5043.0 0.8491408015160861
5043.3 0.5226903692564298
5043.6 0.3256397854414738
5043.9 0.2063323088976918
5044.2 0.13337006240104787
5044.5 0.08802561185933641
5044.8 0.05926210564083885
5045.1 0.04060157327500843
5045.4 0.02822455966128643
5045.7 0.01984961019275853
5046.0 0.01408622238095931
5046.3 0.01006566539461384
5046.6 0.007230759450007528
5046.9 0.0052151597374774225
5047.2 0.0037727403569163464
5047.5 0.0027352058070786796
5047.8 0.0019858699013752786
5048.1 0.0014429464581705092
5048.4 0.0010486151842235057
5048.7 0.0007617087671609345
5049.0 0.000552740072823339
5049.3 0.00040047674640942936
5049.6 0.0002895596596159347
5049.9 0.00020883322922557587
5050.2 0.00015016755616798551
5050.5 0.00010762172836617643
5050.8 7.684607555092596e-5
5051.1 5.465243837945864e-5
5051.4 3.8703328653349895e-5
5051.7 2.728589106086185e-5
5052.0 1.9146669540775513e-5
5052.3 1.3370268818822234e-5
5052.6 9.290016459900741e-6
5052.9 6.42198845620795e-6
5053.2 4.416262676460009e-6
5053.5 3.020893601279009e-6
5053.8 2.0553255222597237e-6
5054.1 1.3908045668978258e-6
5054.4 9.359978545701509e-7
5054.7 6.264707544537577e-7
5055.0 4.170229674983717e-7
5055.3 2.761336190629515e-7
5055.6 1.8195857336336258e-7
5055.9 1.1946393362760092e-7
5056.2 7.839052608443897e-8
5056.5 5.182678583829841e-8
5056.8 3.523319941719609e-8
5057.1 2.5824693399357538e-8
5057.4 2.228060104127285e-8
5057.7 2.485644800704456e-8
5058.0 3.616112418588016e-8
5058.3 6.325368172159105e-8
5058.6 1.2254051336037572e-7
5058.9 2.506754404187238e-7
5059.2 5.281854344689572e-7
5059.5 1.1295395136765125e-6
5059.8 2.4268538890670214e-6
5060.1 5.199499527305616e-6
5060.4 1.104682636172472e-5
5060.7 2.3178572596285684e-5
5061.0 4.788489785445653e-5
5061.3 9.718760632292462e-5
5061.6 0.00019347032726760676
5061.9 0.000377297886048309
5062.2 0.0007201666127920248
5062.5 0.0013445463820586279
5062.8 0.002454195538908981
5063.1 0.004378181611368806
5063.4 0.007632079386493939
5063.7 0.01299909251173128
5064.0 0.021631999460631213
5064.3 0.0351735246252021
5064.6 0.05588784091410985
5064.9 0.08678967327013953
5065.2 0.13175074970574188
5065.5 0.19555781809500847
5065.8 0.2838946314957195
5066.1 0.40322591763995747
5066.4 0.5605767739193569
5066.7 0.7632294125515209
5067.0 1.018397097837468
5067.3 1.332975018123813
5067.6 1.7134949186444743
5067.9 2.1664035167825118
5068.2 2.698722768498669
5068.5 3.3190320968803517
5068.8 4.0385412169562205
5069.1 4.871864178473684
5069.4 5.837008194967356
5069.7 6.9541643223862195
5070.0 8.243159758516661
5070.3 9.719910772855462
5070.6 11.39283246395154
5070.9 13.260719839695577
5071.2 15.31400665974631
5071.5 17.54133632505212
5071.8 19.943060603403886
5072.1 22.552666393742566
5072.4 25.46634014814037
5072.7 28.88002837715723
5073.0 33.13232899591957
5073.3 38.75016242722456
5073.6 46.49206561727914
5073.9 57.38100599809158
5074.2 72.71514063687019
5074.5 94.04195108108303
5074.8 123.08043391446968
5075.1 161.5794968381351
5075.4 211.11005170805706
5075.7 272.80349734645534
5076.0 347.0684202599831
5076.3 433.33556304201346
5076.6 529.8924751856241
5076.9 633.8674229972929
5077.2 741.4038223441393
5077.5 848.0323797622368
5077.8 949.2050574245518
5078.1 1040.9131118876103
5078.4 1120.2833316483952
5078.7 1186.0400829123496
5079.0 1238.740566927105
5079.3 1280.7309992492353
5079.6 1315.8231140492733
5079.9 1348.740508532964
5080.2 1384.422216402238
5080.5 1427.2902705285874
5080.8 1480.5887076550416
5081.1 1545.8858353248984
5081.4 1622.8053539690704
5081.7 1709.0179125213504
5082.0 1800.4873293254057
5082.3 1891.92747732331
5082.6 1977.3930530777661
5082.9 2050.9066375050643
5083.2 2107.022876480597
5083.5 2141.25187851219
5083.8 2150.303833803201
5084.1 2132.1655043999804
5084.4 2086.0592124768314
5084.7 2012.3545782023862
5085.0 1912.4931287618676
5085.3 1788.9521207260823
5085.6 1645.2307118940312
5085.9 1485.8072176902463
5086.2 1316.006196485565
5086.5 1141.732993161993
5086.8 969.0751008539418
5087.1 803.8166575610157
5087.4 650.9478073103986
5087.7 514.2608073063473
5088.0 396.1074400069467
5088.3 297.3538790061302
5088.6 217.5243454594122
5088.9 155.08656604451517
5089.2 107.81101627790282
5089.5 73.13420371688315
5089.8 48.470622093518074
5090.1 31.441014247757753
5090.4 20.008285606337093
5090.7 12.53093444593875
5091.0 7.754558839792231
5091.3 4.764985705367156
5091.6 2.923967345145639
5091.9 1.802875618677675
5092.2 1.123720333605024
5092.5 0.711650425037899
5092.8 0.45949709531084054
5093.1 0.3028943526312029
5093.4 0.2037088029160505
5093.7 0.13948338434119617
5094.0 0.09695997290055355
5094.3 0.06822419543349782
5094.6 0.04846294794376185
5094.9 0.03467849211088204
5095.2 0.02495444760315561
5095.5 0.018034373291411474
5095.8 0.013075885535589393
5096.1 0.009503681380768157
5096.4 0.006919068185303799
5096.7 0.005042572539029092
5097.0 0.0036765182705768783
5097.3 0.002680060137330859
5097.6 0.0019522220190702642
5097.9 0.0014202202154408497
5098.2 0.0010313404299861207
5098.5 0.0007472423400355282
5098.8 0.000539937697754109
5099.1 0.0003889339424709133
5099.4 0.0002791920418814546
5099.7 0.0001996584375786633
5100.0 0.000142203043734118
5100.3 0.00010084666405947339
5100.6 7.119583362714946e-5
5100.9 5.002764051269353e-5
5101.2 3.4983337824839954e-5
5101.5 2.4341745057779066e-5
5101.8 1.6851308682851915e-5
5102.1 1.1605576778740229e-5
5102.4 7.950916734868044e-6
5102.7 5.418220757498591e-6
5103.0 3.6724973346789992e-6
5103.3 2.475778294553046e-6
5103.6 1.6599344414816042e-6
5103.9 1.1068407675478968e-6
5104.2 7.339775282866338e-7
5104.5 4.840320885659257e-7
5104.8 3.174322899849774e-7
5105.1 2.0701738277353917e-7
5105.4 1.342564694226391e-7
5105.7 8.658285887417913e-8
5106.0 5.552547549438033e-8
5106.3 3.540890522355171e-8
5106.6 2.245384006604771e-8
5106.9 1.415868918132585e-8
5107.2 8.877830090001248e-9
5107.5 5.535315909894843e-9
5107.8 3.4318334861422817e-9
5108.1 2.1157187281120626e-9
5108.4 1.2969798150545334e-9
5108.7 7.905966122924175e-10
5109.0 4.792006484517619e-10
5109.3 2.8881690896725955e-10
5109.6 1.7308617442018267e-10
5109.9 1.0315350107431434e-10
5110.2 6.112358299235535e-11
5110.5 3.6013194439677394e-11
5110.8 2.1095610688174096e-11
5111.1 1.2298810759273553e-11
5111.4 7.118301161888647e-12
5111.7 4.100282732963822e-12
5112.0 2.3500300218930166e-12
5112.3 1.3345687078023562e-12
5112.6 7.594996897896424e-13
5112.9 4.258144401317332e-13
5113.2 2.370513453500006e-13
5113.5 1.3608503158981516e-13
5113.8 7.462727538796315e-14
5114.1 3.9508557558333435e-14
5114.4 2.1949198643518575e-14
5114.7 1.3169519186111145e-14
5115.0 4.389839728703715e-15
5115.3 4.389839728703715e-15
5115.6 4.389839728703715e-15
5115.9 0.0
5116.2 0.0
5116.5 0.0
5116.8 0.0
5117.1 0.0
5117.4 0.0
5117.7 0.0
5118.0 0.0
5118.3 0.0
5118.6 0.0
5118.9 0.0
5119.2 0.0
5119.5 0.0
5119.8 0.0
5120.1 0.0
5120.4 0.0
5120.7 0.0
5121.0 0.0
5121.3 0.0
5121.6 0.0
5121.9 0.0
5122.2 0.0
5122.5 0.0
5122.8 0.0
5123.1 0.0
5123.4 0.0
5123.7 0.0
5124.0 0.0
5124.3 0.0
5124.6 0.0
5124.9 0.0
5125.2 0.0
5125.5 0.0
5125.8 0.0
5126.1 0.0
5126.4 0.0
5126.7 0.0
5127.0 0.0
5127.3 0.0
5127.6 0.0
5127.9 0.0
5128.2 0.0
5128.5 0.0
5128.8 0.0
5129.1 0.0
5129.4 0.0
5129.7 0.0
5130.0 0.0
5130.3 0.0
5130.6 0.0
5130.9 0.0
5131.2 0.0
5131.5 0.0
5131.8 0.0
5132.1 0.0
5132.4 0.0
5132.7 0.0
5133.0 0.0
5133.3 0.0
5133.6 0.0
5133.9 0.0
5134.2 0.0
5134.5 0.0
5134.8 0.0
5135.1 0.0
5135.4 0.0
5135.7 0.0
5136.0 0.0
5136.3 0.0
5136.6 0.0
5136.9 0.0
5137.2 0.0
5137.5 0.0
5137.8 0.0
5138.1 0.0
5138.4 0.0
5138.7 0.0
5139.0 0.0
5139.3 0.0
5139.6 0.0
5139.9 0.0
5140.2 0.0
5140.5 0.0
5140.8 0.0
5141.1 0.0
5141.4 0.0
5141.7 0.0
5142.0 0.0
5142.3 0.0
5142.6 0.0
5142.9 0.0
5143.2 0.0
5143.5 0.0
5143.8 0.0
5144.1 0.0
5144.4 0.0
5144.7 0.0
5145.0 0.0
5145.3 0.0
5145.6 0.0
5145.9 0.0
5146.2 0.0
5146.5 0.0
5146.8 0.0
5147.1 0.0
5147.4 0.0
5147.7 0.0
5148.0 0.0
5148.3 0.0
5148.6 0.0
5148.9 0.0
5149.2 0.0
5149.5 0.0
5149.8 0.0
5150.1 0.0
5150.4 0.0
5150.7 0.0
5151.0 0.0
5151.3 0.0
5151.6 0.0
5151.9 0.0
5152.2 0.0
5152.5 0.0
5152.8 0.0
5153.1 0.0
5153.4 0.0
5153.7 0.0
5154.0 0.0
5154.3 0.0
5154.6 0.0
5154.9 0.0
5155.2 0.0
5155.5 0.0
5155.8 0.0
5156.1 0.0
5156.4 0.0
5156.7 0.0
5157.0 0.0
5157.3 0.0
5157.6 0.0
5157.9 0.0
5158.2 0.0
5158.5 0.0
5158.8 0.0
5159.1 0.0
5159.4 0.0
5159.7 0.0
5160.0 0.0
5160.3 0.0
5160.6 0.0
5160.9 0.0
5161.2 0.0
5161.5 0.0
5161.8 0.0
5162.1 0.0
5162.4 0.0
5162.7 0.0
5163.0 0.0
5163.3 0.0
5163.6 0.0
5163.9 0.0
5164.2 0.0
5164.5 0.0
5164.8 0.0
5165.1 0.0
5165.4 0.0
5165.7 0.0
5166.0 0.0
5166.3 0.0
5166.6 0.0
5166.9 0.0
5167.2 0.0
5167.5 0.0
5167.8 0.0
5168.1 0.0
5168.4 0.0
5168.7 0.0
5169.0 0.0
5169.3 0.0
5169.6 0.0
5169.9 0.0
5170.2 0.0
5170.5 0.0
5170.8 0.0
5171.1 0.0
5171.4 0.0
5171.7 0.0
5172.0 0.0
5172.3 0.0
5172.6 0.0
5172.9 0.0
5173.2 0.0
5173.5 0.0
5173.8 0.0
5174.1 0.0
5174.4 0.0
5174.7 0.0
5175.0 0.0
5175.3 0.0
5175.6 0.0
5175.9 0.0
5176.2 0.0
5176.5 0.0
5176.8 0.0
5177.1 0.0
5177.4 0.0
5177.7 0.0
5178.0 0.0
5178.3 0.0
5178.6 0.0
5178.9 0.0
5179.2 0.0
5179.5 0.0
5179.8 0.0
5180.1 0.0
5180.4 0.0
5180.7 0.0
5181.0 0.0
5181.3 0.0
5181.6 0.0
5181.9 0.0
5182.2 0.0
5182.5 0.0
5182.8 0.0
5183.1 0.0
5183.4 0.0
5183.7 0.0
5184.0 0.0
5184.3 0.0
5184.6 0.0
5184.9 0.0
5185.2 0.0
5185.5 0.0
5185.8 0.0
5186.1 0.0
5186.4 0.0
5186.7 0.0
5187.0 0.0
5187.3 0.0
5187.6 0.0
5187.9 0.0
5188.2 0.0
5188.5 0.0
5188.8 0.0
5189.1 0.0
5189.4 0.0
5189.7 0.0
5190.0 0.0
5190.3 0.0
5190.6 0.0
5190.9 0.0
5191.2 0.0
5191.5 0.0
5191.8 0.0
5192.1 0.0
5192.4 0.0
5192.7 0.0
5193.0 0.0
5193.3 0.0
5193.6 0.0
5193.9 0.0
5194.2 0.0
5194.5 0.0
5194.8 0.0
5195.1 0.0
5195.4 0.0
5195.7 0.0
5196.0 0.0
5196.3 0.0
5196.6 0.0
5196.9 0.0
5197.2 0.0
5197.5 0.0
5197.8 0.0
5198.1 0.0
5198.4 0.0
5198.7 0.0
5199.0 0.0
5199.3 0.0
5199.6 0.0
5199.9 0.0
5200.2 0.0
5200.5 0.0
5200.8 0.0
5201.1 0.0
5201.4 0.0
5201.7 0.0
5202.0 0.0
5202.3 0.0
5202.6 0.0
5202.9 0.0
5203.2 0.0
5203.5 0.0
5203.8 0.0
5204.1 0.0
5204.4 0.0
5204.7 0.0
5205.0 0.0
5205.3 0.0
5205.6 0.0
5205.9 0.0
5206.2 0.0
5206.5 0.0
5206.8 0.0
5207.1 0.0
5207.4 0.0
5207.7 0.0
5208.0 0.0
5208.3 0.0
5208.6 0.0
5208.9 0.0
5209.2 0.0
5209.5 0.0
5209.8 0.0
5210.1 0.0
5210.4 0.0
5210.7 0.0
5211.0 0.0
5211.3 0.0
5211.6 0.0
5211.9 0.0
5212.2 0.0
5212.5 0.0
5212.8 0.0
5213.1 0.0
5213.4 0.0
5213.7 0.0
5214.0 0.0
5214.3 0.0
5214.6 0.0
5214.9 0.0
5215.2 0.0
5215.5 0.0
5215.8 0.0
5216.1 0.0
5216.4 0.0
5216.7 0.0
5217.0 0.0
5217.3 0.0
5217.6 0.0
5217.9 0.0
5218.2 0.0
5218.5 0.0
5218.8 0.0
5219.1 0.0
5219.4 0.0
5219.7 0.0
5220.0 0.0
5220.3 0.0
5220.6 0.0
5220.9 0.0
5221.2 0.0
5221.5 0.0
5221.8 0.0
5222.1 0.0
5222.4 0.0
5222.7 0.0
5223.0 0.0
5223.3 0.0
5223.6 0.0
5223.9 0.0
5224.2 0.0
5224.5 0.0
5224.8 0.0
5225.1 0.0
5225.4 0.0
5225.7 0.0
5226.0 0.0
5226.3 0.0
5226.6 0.0
5226.9 0.0
5227.2 0.0
5227.5 0.0
5227.8 0.0
5228.1 0.0
5228.4 0.0
5228.7 0.0
5229.0 0.0
5229.3 0.0
5229.6 0.0
5229.9 0.0
5230.2 0.0
5230.5 0.0
5230.8 0.0
5231.1 0.0
5231.4 0.0
5231.7 0.0
5232.0 0.0
5232.3 0.0
5232.6 0.0
5232.9 0.0
5233.2 0.0
5233.5 0.0
5233.8 0.0
5234.1 0.0
5234.4 0.0
5234.7 0.0
5235.0 0.0
5235.3 0.0
5235.6 0.0
5235.9 0.0
5236.2 0.0
5236.5 0.0
5236.8 0.0
5237.1 0.0
5237.4 0.0
5237.7 0.0
5238.0 0.0
5238.3 0.0
5238.6 0.0
5238.9 0.0
5239.2 0.0
5239.5 0.0
5239.8 0.0
5240.1 0.0
5240.4 0.0
5240.7 0.0
5241.0 0.0
5241.3 0.0
5241.6 0.0
5241.9 0.0
5242.2 0.0
5242.5 0.0
5242.8 0.0
5243.1 0.0
5243.4 0.0
5243.7 0.0
5244.0 0.0
5244.3 0.0
5244.6 0.0
5244.9 0.0
5245.2 0.0
5245.5 0.0
5245.8 0.0
5246.1 0.0
5246.4 0.0
5246.7 0.0
5247.0 0.0
5247.3 0.0
5247.6 0.0
5247.9 0.0
5248.2 0.0
5248.5 0.0
5248.8 0.0
5249.1 0.0
5249.4 0.0
5249.7 0.0
5250.0 0.0
5250.3 0.0
5250.6 0.0
5250.9 0.0
5251.2 0.0
5251.5 0.0
5251.8 0.0
5252.1 0.0
5252.4 0.0
5252.7 0.0
5253.0 0.0
5253.3 0.0
5253.6 0.0
5253.9 0.0
5254.2 0.0
5254.5 0.0
5254.8 0.0
5255.1 0.0
5255.4 0.0
5255.7 0.0
5256.0 0.0
5256.3 0.0
5256.6 0.0
5256.9 0.0
5257.2 0.0
5257.5 0.0
5257.8 0.0
5258.1 0.0
5258.4 0.0
5258.7 0.0
5259.0 0.0
5259.3 0.0
5259.6 0.0
5259.9 0.0
5260.2 0.0
5260.5 0.0
5260.8 0.0
5261.1 0.0
5261.4 0.0
5261.7 0.0
5262.0 0.0
5262.3 0.0
5262.6 0.0
5262.9 0.0
5263.2 0.0
5263.5 0.0
5263.8 0.0
5264.1 0.0
5264.4 0.0
5264.7 0.0
5265.0 0.0
5265.3 0.0
5265.6 0.0
5265.9 0.0
5266.2 0.0
5266.5 0.0
5266.8 0.0
5267.1 0.0
5267.4 0.0
5267.7 0.0
5268.0 0.0
5268.3 0.0
5268.6 0.0
5268.9 0.0
5269.2 0.0
5269.5 0.0
5269.8 0.0
5270.1 0.0
5270.4 0.0
5270.7 0.0
5271.0 0.0
5271.3 0.0
5271.6 0.0
5271.9 0.0
5272.2 0.0
5272.5 0.0
5272.8 0.0
5273.1 0.0
5273.4 0.0
5273.7 0.0
5274.0 0.0
5274.3 0.0
5274.6 0.0
5274.9 0.0
5275.2 0.0
5275.5 0.0
5275.8 0.0
5276.1 0.0
5276.4 0.0
5276.7 0.0
5277.0 0.0
5277.3 0.0
5277.6 0.0
5277.9 0.0
5278.2 0.0
5278.5 0.0
5278.8 0.0
5279.1 0.0
5279.4 0.0
5279.7 0.0
5280.0 0.0
5280.3 0.0
5280.6 0.0
5280.9 0.0
5281.2 0.0
5281.5 0.0
5281.8 0.0
5282.1 0.0
5282.4 0.0
5282.7 0.0
5283.0 0.0
5283.3 0.0
5283.6 0.0
5283.9 0.0
5284.2 0.0
5284.5 0.0
5284.8 0.0
5285.1 0.0
5285.4 0.0
5285.7 0.0
5286.0 0.0
5286.3 0.0
5286.6 0.0
5286.9 0.0
5287.2 0.0
5287.5 0.0
5287.8 0.0
5288.1 0.0
5288.4 0.0
5288.7 0.0
5289.0 0.0
5289.3 0.0
5289.6 0.0
5289.9 0.0
5290.2 0.0
5290.5 0.0
5290.8 0.0
5291.1 0.0
5291.4 0.0
5291.7 0.0
5292.0 0.0
5292.3 0.0
5292.6 0.0
5292.9 0.0
5293.2 0.0
5293.5 0.0
5293.8 0.0
5294.1 0.0
5294.4 0.0
5294.7 0.0
5295.0 0.0
5295.3 0.0
5295.6 0.0
5295.9 0.0
5296.2 0.0
5296.5 0.0
5296.8 0.0
5297.1 0.0
5297.4 0.0
5297.7 0.0
5298.0 0.0
5298.3 0.0
5298.6 0.0
5298.9 0.0
5299.2 0.0
5299.5 0.0
5299.8 0.0
5300.1 0.0
5300.4 0.0
5300.7 0.0
5301.0 0.0
5301.3 0.0
5301.6 0.0
5301.9 0.0
5302.2 0.0
5302.5 0.0
5302.8 0.0
5303.1 0.0
5303.4 0.0
5303.7 0.0
5304.0 0.0
5304.3 0.0
5304.6 0.0
5304.9 0.0
5305.2 0.0
5305.5 0.0
5305.8 0.0
5306.1 0.0
5306.4 0.0
5306.7 0.0
5307.0 0.0
5307.3 0.0
5307.6 0.0
5307.9 0.0
5308.2 0.0
5308.5 0.0
5308.8 0.0
5309.1 0.0
5309.4 0.0
5309.7 0.0
5310.0 0.0
5310.3 0.0
5310.6 0.0
5310.9 0.0
5311.2 0.0
5311.5 0.0
5311.8 0.0
5312.1 0.0
5312.4 0.0
5312.7 0.0
5313.0 0.0
5313.3 0.0
5313.6 0.0
5313.9 0.0
5314.2 0.0
5314.5 0.0
5314.8 0.0
5315.1 0.0
5315.4 0.0
5315.7 0.0
5316.0 0.0
5316.3 0.0
5316.6 0.0
5316.9 0.0
5317.2 0.0
5317.5 0.0
5317.8 0.0
5318.1 0.0
5318.4 0.0
5318.7 0.0
5319.0 0.0
5319.3 0.0
5319.6 0.0
5319.9 0.0
5320.2 0.0
5320.5 0.0
5320.8 0.0
5321.1 0.0
5321.4 0.0
5321.7 0.0
5322.0 0.0
5322.3 0.0
5322.6 0.0
5322.9 0.0
5323.2 0.0
5323.5 0.0
5323.8 0.0
5324.1 0.0
5324.4 0.0
5324.7 0.0
5325.0 0.0
5325.3 0.0
5325.6 0.0
5325.9 0.0
5326.2 0.0
5326.5 0.0
5326.8 0.0
5327.1 0.0
5327.4 0.0
5327.7 0.0
5328.0 0.0
5328.3 0.0
5328.6 0.0
5328.9 0.0
5329.2 0.0
5329.5 0.0
5329.8 0.0
