6165.0 0.0
6165.3 0.0
6165.6 0.0
6165.9 0.0
6166.2 0.0
6166.5 0.0
6166.8 0.0
6167.1 0.0
6167.4 0.0
6167.7 0.0
6168.0 0.0
6168.3 0.0
6168.6 0.0
6168.9 0.0
6169.2 0.0
6169.5 0.0
6169.8 0.0
6170.1 0.0
6170.4 0.0
6170.7 0.0
6171.0 0.0
6171.3 0.0
6171.6 0.0
6171.9 0.0
6172.2 0.0
6172.5 0.0
6172.8 0.0
6173.1 0.0
6173.4 0.0
6173.7 0.0
6174.0 0.0
6174.3 0.0
6174.6 0.0
6174.9 0.0
6175.2 0.0
6175.5 0.0
6175.8 0.0
6176.1 0.0
6176.4 0.0
6176.7 0.0
6177.0 0.0
6177.3 0.0
6177.6 0.0
6177.9 0.0
6178.2 0.0
6178.5 0.0
6178.8 0.0
6179.1 0.0
6179.4 0.0
6179.7 0.0
6180.0 0.0
6180.3 0.0
6180.6 0.0
6180.9 0.0
6181.2 0.0
6181.5 0.0
6181.8 0.0
6182.1 0.0
6182.4 0.0
6182.7 0.0
6183.0 0.0
6183.3 0.0
6183.6 0.0
6183.9 0.0
6184.2 0.0
6184.5 0.0
6184.8 0.0
6185.1 0.0
6185.4 0.0
6185.7 0.0
6186.0 0.0
6186.3 0.0
6186.6 0.0
6186.9 0.0
6187.2 0.0
6187.5 0.0
6187.8 0.0
6188.1 0.0
6188.4 0.0
6188.7 0.0
6189.0 0.0
6189.3 0.0
6189.6 0.0
6189.9 0.0
6190.2 0.0
6190.5 0.0
6190.8 0.0
6191.1 0.0
6191.4 0.0
6191.7 0.0
6192.0 0.0
6192.3 0.0
6192.6 0.0
6192.9 0.0
6193.2 0.0
6193.5 0.0
6193.8 0.0
6194.1 0.0
6194.4 0.0
6194.7 0.0
6195.0 0.0
6195.3 0.0
6195.6 0.0
6195.9 0.0
6196.2 0.0
6196.5 0.0
6196.8 0.0
6197.1 0.0
6197.4 0.0
6197.7 0.0
6198.0 0.0
6198.3 0.0
6198.6 0.0
6198.9 0.0
6199.2 0.0
6199.5 0.0
6199.8 0.0
6200.1 0.0
6200.4 0.0
6200.7 0.0
6201.0 0.0
6201.3 0.0
6201.6 0.0
6201.9 0.0
6202.2 0.0
6202.5 0.0
6202.8 0.0
6203.1 0.0
6203.4 0.0
6203.7 0.0
6204.0 0.0
6204.3 0.0
6204.6 0.0
6204.9 0.0
6205.2 0.0
6205.5 0.0
6205.8 0.0
6206.1 0.0
6206.4 0.0
6206.7 0.0
6207.0 0.0
6207.3 0.0
6207.6 0.0
6207.9 0.0
6208.2 0.0
6208.5 0.0
6208.8 0.0
6209.1 0.0
6209.4 0.0
6209.7 0.0
6210.0 0.0
6210.3 0.0
6210.6 0.0
6210.9 0.0
6211.2 0.0
6211.5 0.0
6211.8 0.0
6212.1 0.0
6212.4 0.0
6212.7 0.0
6213.0 0.0
6213.3 0.0
6213.6 0.0
6213.9 0.0
6214.2 0.0
6214.5 0.0
6214.8 0.0
6215.1 0.0
6215.4 0.0
6215.7 0.0
6216.0 0.0
6216.3 0.0
6216.6 0.0
6216.9 0.0
6217.2 0.0
6217.5 0.0
6217.8 0.0
6218.1 0.0
6218.4 0.0
6218.7 0.0
6219.0 0.0
6219.3 0.0
6219.6 0.0
6219.9 0.0
6220.2 0.0
6220.5 0.0
6220.8 0.0
6221.1 0.0
6221.4 0.0
6221.7 0.0
6222.0 0.0
6222.3 0.0
6222.6 0.0
6222.9 0.0
6223.2 0.0
6223.5 0.0
6223.8 0.0
6224.1 0.0
6224.4 0.0
6224.7 0.0
6225.0 0.0
6225.3 0.0
6225.6 0.0
6225.9 0.0
6226.2 0.0
6226.5 0.0
6226.8 0.0
6227.1 0.0
6227.4 0.0
6227.7 0.0
6228.0 0.0
6228.3 0.0
6228.6 0.0
6228.9 0.0
6229.2 0.0
6229.5 0.0
6229.8 0.0
6230.1 0.0
6230.4 0.0
6230.7 0.0
6231.0 0.0
6231.3 0.0
6231.6 0.0
6231.9 0.0
6232.2 0.0
6232.5 0.0
6232.8 0.0
6233.1 0.0
6233.4 0.0
6233.7 0.0
6234.0 0.0
6234.3 0.0
6234.6 0.0
6234.9 0.0
6235.2 0.0
6235.5 0.0
6235.8 0.0
6236.1 0.0
6236.4 0.0
6236.7 0.0
6237.0 0.0
6237.3 0.0
6237.6 0.0
6237.9 0.0
6238.2 0.0
6238.5 0.0
6238.8 0.0
6239.1 0.0
6239.4 0.0
6239.7 0.0
6240.0 0.0
6240.3 0.0
6240.6 0.0
6240.9 0.0
6241.2 0.0
6241.5 0.0
6241.8 0.0
6242.1 0.0
6242.4 0.0
6242.7 0.0
6243.0 0.0
6243.3 0.0
6243.6 0.0
6243.9 0.0
6244.2 0.0
6244.5 0.0
6244.8 0.0
6245.1 0.0
6245.4 0.0
6245.7 0.0
6246.0 0.0
6246.3 0.0
6246.6 0.0
6246.9 0.0
6247.2 0.0
6247.5 0.0
6247.8 0.0
6248.1 0.0
6248.4 0.0
6248.7 0.0
6249.0 0.0
6249.3 0.0
6249.6 0.0
6249.9 0.0
6250.2 0.0
6250.5 0.0
6250.8 0.0
6251.1 0.0
6251.4 0.0
6251.7 0.0
6252.0 0.0
6252.3 0.0
6252.6 0.0
6252.9 0.0
6253.2 0.0
6253.5 0.0
6253.8 0.0
6254.1 0.0
6254.4 0.0
6254.7 0.0
6255.0 0.0
6255.3 0.0
6255.6 0.0
6255.9 0.0
6256.2 0.0
6256.5 0.0
6256.8 0.0
6257.1 0.0
6257.4 0.0
6257.7 0.0
6258.0 0.0
6258.3 0.0
6258.6 0.0
6258.9 0.0
6259.2 0.0
6259.5 0.0
6259.8 0.0
6260.1 0.0
6260.4 0.0
6260.7 0.0
6261.0 0.0
6261.3 0.0
6261.6 0.0
6261.9 0.0
6262.2 0.0
6262.5 0.0
6262.8 0.0
6263.1 0.0
6263.4 0.0
6263.7 0.0
6264.0 0.0
6264.3 0.0
6264.6 0.0
6264.9 0.0
6265.2 0.0
6265.5 0.0
6265.8 0.0
6266.1 0.0
6266.4 0.0
6266.7 0.0
6267.0 0.0
6267.3 0.0
6267.6 0.0
6267.9 0.0
6268.2 0.0
6268.5 0.0
6268.8 0.0
6269.1 0.0
6269.4 0.0
6269.7 0.0
6270.0 0.0
6270.3 0.0
6270.6 0.0
6270.9 0.0
6271.2 0.0
6271.5 0.0
6271.8 0.0
6272.1 0.0
6272.4 0.0
6272.7 0.0
6273.0 0.0
6273.3 0.0
6273.6 0.0
6273.9 0.0
6274.2 0.0
6274.5 0.0
6274.8 0.0
6275.1 0.0
6275.4 0.0
6275.7 0.0
6276.0 0.0
6276.3 0.0
6276.6 0.0
6276.9 0.0
6277.2 0.0
6277.5 0.0
6277.8 0.0
6278.1 0.0
6278.4 0.0
6278.7 0.0
6279.0 0.0
6279.3 0.0
6279.6 0.0
6279.9 0.0
6280.2 0.0
6280.5 0.0
6280.8 0.0
6281.1 0.0
6281.4 0.0
6281.7 0.0
6282.0 0.0
6282.3 0.0
6282.6 0.0
6282.9 0.0
6283.2 0.0
6283.5 0.0
6283.8 0.0
6284.1 0.0
6284.4 0.0
6284.7 0.0
6285.0 0.0
6285.3 0.0
6285.6 0.0
6285.9 0.0
6286.2 0.0
6286.5 0.0
6286.8 0.0
6287.1 0.0
6287.4 0.0
6287.7 0.0
6288.0 0.0
6288.3 0.0
6288.6 0.0
6288.9 0.0
6289.2 0.0
6289.5 0.0
6289.8 0.0
6290.1 0.0
6290.4 0.0
6290.7 0.0
6291.0 0.0
6291.3 0.0
6291.6 0.0
6291.9 0.0
6292.2 0.0
6292.5 0.0
6292.8 0.0
6293.1 0.0
6293.4 0.0
6293.7 0.0
6294.0 0.0
6294.3 0.0
6294.6 0.0
6294.9 0.0
6295.2 0.0
6295.5 0.0
6295.8 0.0
6296.1 0.0
6296.4 0.0
6296.7 0.0
6297.0 0.0
6297.3 0.0
6297.6 0.0
6297.9 0.0
6298.2 0.0
6298.5 0.0
6298.8 0.0
6299.1 0.0
6299.4 0.0
6299.7 0.0
6300.0 0.0
6300.3 0.0
6300.6 0.0
6300.9 0.0
6301.2 0.0
6301.5 0.0
6301.8 0.0
6302.1 0.0
6302.4 0.0
6302.7 0.0
6303.0 0.0
6303.3 0.0
6303.6 0.0
6303.9 0.0
6304.2 0.0
6304.5 0.0
6304.8 0.0
6305.1 0.0
6305.4 0.0
6305.7 0.0
6306.0 0.0
6306.3 0.0
6306.6 0.0
6306.9 0.0
6307.2 0.0
6307.5 0.0
6307.8 0.0
6308.1 0.0
6308.4 0.0
6308.7 0.0
6309.0 0.0
6309.3 0.0
6309.6 0.0
6309.9 0.0
6310.2 0.0
6310.5 0.0
6310.8 0.0
6311.1 0.0
6311.4 0.0
6311.7 0.0
6312.0 0.0
6312.3 0.0
6312.6 0.0
6312.9 0.0
6313.2 0.0
6313.5 0.0
6313.8 0.0
6314.1 0.0
6314.4 0.0
6314.7 0.0
6315.0 0.0
6315.3 0.0
6315.6 0.0
6315.9 0.0
6316.2 0.0
6316.5 0.0
6316.8 0.0
6317.1 0.0
6317.4 0.0
6317.7 0.0
6318.0 0.0
6318.3 0.0
6318.6 0.0
6318.9 0.0
6319.2 0.0
6319.5 0.0
6319.8 0.0
6320.1 0.0
6320.4 0.0
6320.7 0.0
6321.0 0.0
6321.3 0.0
6321.6 0.0
6321.9 0.0
6322.2 0.0
6322.5 0.0
6322.8 0.0
6323.1 0.0
6323.4 0.0
6323.7 0.0
6324.0 0.0
6324.3 0.0
6324.6 0.0
6324.9 0.0
6325.2 0.0
6325.5 0.0
6325.8 0.0
6326.1 0.0
6326.4 0.0
6326.7 0.0
6327.0 0.0
6327.3 0.0
6327.6 0.0
6327.9 0.0
6328.2 0.0
6328.5 0.0
6328.8 0.0
6329.1 0.0
6329.4 0.0
6329.7 0.0
6330.0 0.0
6330.3 0.0
6330.6 0.0
6330.9 0.0
6331.2 0.0
6331.5 0.0
6331.8 0.0
6332.1 0.0
6332.4 0.0
6332.7 0.0
6333.0 0.0
6333.3 0.0
6333.6 0.0
6333.9 0.0
6334.2 0.0
6334.5 0.0
6334.8 0.0
6335.1 0.0
6335.4 0.0
6335.7 0.0
6336.0 0.0
6336.3 0.0
6336.6 0.0
6336.9 0.0
6337.2 0.0
6337.5 0.0
6337.8 0.0
6338.1 0.0
6338.4 0.0
6338.7 0.0
6339.0 0.0
6339.3 0.0
6339.6 0.0
6339.9 0.0
6340.2 0.0
6340.5 0.0
6340.8 0.0
6341.1 0.0
6341.4 0.0
6341.7 0.0
6342.0 0.0
6342.3 0.0
6342.6 0.0
6342.9 0.0
6343.2 0.0
6343.5 0.0
6343.8 0.0
6344.1 0.0
6344.4 0.0
6344.7 0.0
6345.0 0.0
6345.3 0.0
6345.6 0.0
6345.9 0.0
6346.2 0.0
6346.5 0.0
6346.8 0.0
6347.1 0.0
6347.4 0.0
6347.7 0.0
6348.0 0.0
6348.3 0.0
6348.6 0.0
6348.9 0.0
6349.2 0.0
6349.5 0.0
6349.8 0.0
6350.1 0.0
6350.4 0.0
6350.7 0.0
6351.0 0.0
6351.3 0.0
6351.6 0.0
6351.9 0.0
6352.2 0.0
6352.5 1.8238779288400585e-14
6352.8 1.8238779288400585e-14
6353.1 3.647755857680117e-14
6353.4 3.647755857680117e-14
6353.7 5.471633955926765e-14
6354.0 1.094326791185353e-13
6354.3 1.6414900851340758e-13
6354.6 2.9182046861440936e-13
6354.9 4.695624314723923e-13
6355.2 7.61382927191856e-13
6355.5 1.1672818744576374e-12
6355.8 1.9240191037606102e-12
6356.1 3.045531708767424e-12
6356.4 4.8146933488701915e-12
6356.7 7.64135976716318e-12
6357.0 1.2010741711226409e-11
6357.3 1.8838936053505728e-11
6357.6 2.946353049137985e-11
6357.9 4.588651158927462e-11
6358.2 7.116441692678273e-11
6358.5 1.1003328346304955e-10
6358.8 1.6945397474058964e-10
6359.1 2.59946986160643e-10
6359.4 3.9736353744822186e-10
6359.7 6.051565178396352e-10
6360.0 9.181219994390007e-10
6360.3 1.3878248458534364e-9
6360.6 2.0900436785775076e-9
6360.9 3.135863100382075e-9
6361.2 4.6876563722932595e-9
6361.5 6.981274098987383e-9
6361.8 1.0358618113271556e-8
6362.1 1.531304187956734e-8
6362.4 2.25533094974357e-8
6362.7 3.309397294687642e-8
6363.0 4.838150335989388e-8
6363.3 7.046974609429525e-8
6363.6 1.0226342450119929e-7
6363.9 1.478541047018416e-7
6364.2 2.129818961443621e-7
6364.5 3.056686725937376e-7
6364.8 4.37078150218119e-7
6365.1 6.226869586630694e-7
6365.4 8.838630124513587e-7
6365.7 1.2499924493032542e-6
6366.0 1.7613272512240369e-6
6366.3 2.4727842738249913e-6
6366.6 3.458994183123119e-6
6366.9 4.820979995618003e-6
6367.2 6.694960195392733e-6
6367.5 9.263906621382497e-6
6367.8 1.2772674504132871e-5
6368.1 1.7547742844815838e-5
6368.4 2.4022956454073692e-5
6368.7 3.2773091288520166e-5
6369.0 4.455780675209426e-5
6369.3 6.037966156246278e-5
6369.6 8.156192145337121e-5
6369.9 0.0001098553771674947
6370.2 0.00014758990058078375
6370.5 0.00019789831179677135
6370.8 0.00026506161487621925
6371.1 0.0003550635885811381
6371.4 0.00047651160546437866
6371.7 0.0006422010266973865
6372.0 0.000871806151579827
6372.3 0.00119652164281124
6372.6 0.0016670249647545092
6372.9 0.002366962642519412
6373.2 0.0034353632449460082
6373.5 0.005102966986430839
6373.8 0.007749355366174349
6374.1 0.01198966779638639
6374.4 0.018801089816452538
6374.7 0.029699501423545886
6375.0 0.04697520278986971
6375.3 0.07399367273591301
6375.6 0.11556479553101281
6375.9 0.17838573602668534
6376.2 0.27157446493254467
6376.5 0.4073381820732373
6376.8 0.6018632368030222
6377.1 0.8765604966379823
6377.4 1.25982253775679
6377.7 1.7894029621423
6378.0 2.515358864615049
6378.3 3.5031690060443053
6378.6 4.836165333699534
6378.9 6.615893462609367
6379.2 8.958631841485015
6379.5 11.986324847768682
6379.8 15.810857551163426
6380.1 20.512043531336186
6380.4 26.111778005684307
6380.7 32.54906535929635
6381.0 39.66233168619459
6381.3 47.185808792729276
6381.6 54.765186771408736
6381.9 61.99420482824756
6382.2 68.46898676654426
6382.5 73.85199073844832
6382.8 77.93405747652078
6383.1 80.6824214309108
6383.4 82.26525027089706
6383.7 83.04874833599936
6384.0 83.56956464812228
6384.3 84.49115579045592
6384.6 86.5560251905493
6384.9 90.54524587429415
6385.2 97.252636589237
6385.5 107.47436170838013
6385.8 122.00776628477486
6386.1 141.64788173833284
6386.4 167.1681410389442
6386.7 199.27416063106034
6387.0 238.52597788717398
6387.3 285.2334717785742
6387.6 339.3397695533124
6387.9 400.315574263061
6388.2 467.09112068393233
6388.5 538.049900881597
6388.8 611.0995190395121
6389.1 683.8207702552485
6389.4 753.6799125677046
6389.7 818.2744958738515
6390.0 875.5741092047284
6390.3 924.1165526200061
6390.6 963.1278171630595
6390.9 992.5492124258809
6391.2 1012.9731452426356
6391.5 1025.50594324121
6391.8 1031.5880653849165
6392.1 1032.8055247098096
6392.4 1030.722507231188
6392.7 1026.7546436731582
6393.0 1022.0899334425013
6393.3 1017.6528256813999
6393.6 1014.0995580219814
6393.9 1011.8311729439758
6394.2 1011.0134132526091
6394.5 1011.5982076928922
6394.8 1013.3471941870673
6395.1 1015.8608210644204
6395.4 1018.616427601579
6395.7 1021.0152347726893
6396.0 1022.4329788170303
6396.3 1022.2643659530268
6396.6 1019.9499876923425
6396.9 1014.9771100760148
6397.2 1006.8529898326428
6397.5 995.0591575788573
6397.8 979.0047819438519
6398.1 958.0024610999791
6398.4 931.2885610758993
6398.7 898.1003955092899
6399.0 857.8070286691491
6399.3 810.0721842856203
6399.6 755.0136282690883
6399.9 693.3175773842769
6400.2 626.2727285612343
6400.5 555.7053055908966
6400.8 483.819435885696
6401.1 412.9698818459275
6401.4 345.4096648274989
6401.7 283.0595145684111
6402.0 227.338547964978
6402.3 179.07937014486708
6402.6 138.53098373176874
6402.9 105.43526200724746
6403.2 79.15136834838192
6403.5 58.798900621844034
6403.8 43.39395449939915
6404.1 31.960222640219882
6404.4 23.606553317215607
6404.7 17.570664287731677
6405.0 13.23436715675733
6405.3 10.11837494562439
6405.6 7.865001983026432
6405.9 6.215702445059508
6406.2 4.988341512848666
6406.5 4.057055253862284
6406.8 3.335914322027313
6407.1 2.766520483847253
6407.4 2.309055488918162
6407.7 1.936075738686526
6408.0 1.628340211613088
6408.3 1.372062947135801
6408.6 1.1571266378796907
6408.9 0.9759238572746735
6409.2 0.8226014405253198
6409.5 0.69256074425723
6409.8 0.5821214958146442
6410.1 0.4882903768120961
6410.4 0.4085984058278458
6410.7 0.34098429008511416
6411.0 0.28370939634584813
6411.3 0.23529469729939562
6411.6 0.19447331716540772
6411.9 0.16015458010033531
6412.2 0.13139599316872722
6412.5 0.10738142517529066
6412.8 0.08740354841590828
6413.1 0.0708495549438034
6413.4 0.05718927493342849
6413.7 0.045965048984750394
6414.0 0.03678301388259972
6414.3 0.029305422474036537
6414.6 0.02324382610185939
6414.9 0.018353000628414273
6415.2 0.014425458564434909
6415.5 0.011286537763174936
6415.8 0.008789977607393544
6416.1 0.006813961014389729
6416.4 0.00525759063357955
6416.7 0.004037762386607599
6417.0 0.003086415146237102
6417.3 0.0023481246437299084
6417.6 0.0017780160436241014
6417.9 0.0013399642106603183
6418.2 0.001005054549886853
6418.5 0.0007502768029542226
6418.8 0.0005574242740736922
6419.1 0.000412173736809759
6419.4 0.00030332127120939485
6419.7 0.00022215287754067482
6420.0 0.00016192964700707717
6420.3 0.00011746956259668617
6420.6 8.481026831625329e-5
6420.9 6.0939028241865945e-5
6421.2 4.357795047775536e-5
6421.5 3.101435795099908e-5
6421.8 2.1967688611739646e-5
6422.1 1.5485766410773887e-5
6422.4 1.0864494140169058e-5
6422.7 7.586071639742395e-6
6423.0 5.271790593833849e-6
6423.3 3.646178901882308e-6
6423.6 2.5099473709435676e-6
6423.9 1.7197028611621546e-6
6424.2 1.172830330996182e-6
6424.5 7.962963961118197e-7
6424.8 5.384083028141046e-7
6425.1 3.62787020088995e-7
6425.4 2.43986188569424e-7
6425.7 1.643297563488752e-7
6426.0 1.1164665474426345e-7
6426.3 7.766117568760948e-8
6426.6 5.686430238493638e-8
6426.9 4.573611341277003e-8
6427.2 4.222731355174177e-8
6427.5 4.5436291999806993e-8
6427.8 5.543927876777393e-8
6428.1 7.324984326209229e-8
6428.4 1.0090174725163956e-7
6428.7 1.4166545733806102e-7
6429.0 2.0043701419689824e-7
6429.3 2.843763599954349e-7
6429.6 4.039479088731225e-7
6429.9 5.74652012870764e-7
6430.2 8.199936987412507e-7
6430.5 1.1767153606625218e-6
6430.8 1.7041980337392138e-6
6431.1 2.501513565782305e-6
6431.4 3.7383666765520058e-6
6431.7 5.710862913528224e-6
6432.0 8.940814442902455e-6
6432.3 1.4349745277912771e-5
6432.6 2.355810997981316e-5
6432.9 3.938917799028537e-5
6433.2 6.66988064065763e-5
6433.5 0.00011371026667152856
6433.8 0.00019411066247964771
6434.1 0.00033026574767800425
6434.4 0.000558038485720003
6434.7 0.0009338697349216123
6435.0 0.0015450365595480163
6435.3 0.0025244588350582654
6435.6 0.004072310908937197
6435.9 0.006488537271189964
6436.2 0.01022406417037612
6436.5 0.015965638609479634
6436.8 0.02478204681434941
6437.1 0.038380807324888404
6437.4 0.0595568286131708
6437.7 0.09295815101102582
6438.0 0.14634345380037644
6438.3 0.23254637785301202
6438.6 0.3723628995182467
6438.9 0.5984969190639443
6439.2 0.9604833585635917
6439.5 1.5301185831681685
6439.8 2.4063698406549765
6440.1 3.7180926443204045
6440.4 5.622357646818415
6440.7 8.296056591149933
6441.0 11.919069287341289
6441.3 16.648786911269166
6441.6 22.588240776586883
6441.9 29.752879395894432
6442.2 38.04346282545704
6442.5 47.23339965459215
6442.8 56.97734731111543
6443.1 66.84363995096714
6443.4 76.36712559677115
6443.7 85.11246685360204
6444.0 92.73370884658617
6444.3 99.01526383314878
6444.6 103.88361183799691
6444.9 107.3868566943688
6445.2 109.64887654596001
6445.5 110.81215422609701
6445.8 110.98702083059163
6446.1 110.22263539260581
6446.4 108.50785503165248
6446.7 105.80056302069681
6447.0 102.07528884657683
6447.3 97.37376960225032
6447.6 91.84304224509948
6447.9 85.75035908782326
6448.2 79.47165384035392
6448.5 73.45799945489708
6448.8 68.19006607222335
6449.1 64.13258653832764
6449.4 61.69913743117496
6449.7 61.23309775210272
6450.0 63.00504076849695
6450.3 67.22168134095915
6450.6 74.03826928721404
6450.9 83.56557437301986
6451.2 95.86462019367148
6451.5 110.92643864347278
6451.8 128.63946147683666
6452.1 148.75237497747423
6452.4 170.84394814796153
6452.7 194.31226826782384
6453.0 218.39330940237826
6453.3 242.21301122724262
6453.6 264.8691644805307
6453.9 285.5313374221379
6454.2 303.54108280013907
6454.5 318.49266124818075
6454.8 330.2774759616349
6455.1 339.0828403184853
6455.4 345.3458545696318
6455.7 349.6733583124601
6456.0 352.7463030512953
6456.3 355.2295200711688
6456.6 357.70492331190337
6456.9 360.6386723375923
6457.2 364.3829411534124
6457.5 369.20344218449543
6457.8 375.3174034403637
6458.1 382.92490455534806
6458.4 392.2196900369916
6458.7 403.3726031658744
6459.0 416.4894344647349
6459.3 431.5531287251299
6459.6 448.3653917768813
6459.9 466.50383840579235
6460.2 485.30788881476525
6460.5 503.90044198680107
6460.8 521.2447548185985
6461.1 536.2288269494161
6461.4 547.764351728164
6461.7 554.8851718515347
6462.0 556.8310040638225
6462.3 553.1059071039642
6462.6 543.506131350829
6462.9 528.1176993286783
6463.2 507.2888563725686
6463.5 481.585557207424
6463.8 451.7390481489165
6464.1 418.5932881563029
6464.4 383.0572697442807
6464.7 346.0641676667506
6465.0 308.5366261775071
6465.3 271.3560479451804
6465.6 235.33393001403283
6465.9 201.18439794255593
6466.2 169.49890602701748
6466.5 140.72545824224125
6466.8 115.1553777084287
6467.1 92.92023841112179
6467.4 74.00020397333
6467.7 58.24325713193839
6468.0 45.39298476211423
6468.3 35.12135589209329
6468.6 27.062392312133877
6468.9 20.842963453846885
6469.2 16.107855346338912
6469.5 12.537549859973423
6469.8 9.858459468916918
6470.1 7.84642101790073
6470.4 6.324952575481109
6470.7 5.160035894992816
6471.0 4.25310871409512
6471.3 3.5336301586875907
6471.6 2.952162160358667
6471.9 2.4744946522367988
6472.2 2.0770040971656685
6472.5 1.7432015417970066
6472.8 1.4612970059275494
6473.1 1.22255887615236
6473.4 1.0202524923894511
6473.7 0.8489760256970383
6474.0 0.7042545229328567
6474.3 0.5822941110444438
6474.6 0.479831591046461
6474.9 0.39403867835423
6475.2 0.32245690358250056
6475.5 0.2629495974206377
6475.8 0.213663528916691
6476.1 0.17299635905264357
6476.4 0.13956786200307914
6476.7 0.11219411389945322
6477.0 0.08986398849386013
6477.3 0.07171785193608227
6477.6 0.05702819457012823
6477.9 0.045182169054243985
6478.2 0.03566591153023339
6478.5 0.02805054128001762
6478.8 0.021979746201139627
6479.1 0.017158862773093114
6479.4 0.013345305773977379
6479.7 0.010340260845065646
6480.0 0.007981513239186618
6480.3 0.006137290442291937
6480.6 0.004701018153803199
6480.9 0.003586877546892443
6481.2 0.002726060752428106
6481.5 0.0020636382033886436
6481.8 0.0015559481140842426
6482.1 0.0011684351121546194
6482.4 0.0008738693537423488
6482.7 0.0006508869202161155
6483.0 0.00048279934676461616
6483.3 0.00035662788703117316
6483.6 0.00026232356864907966
6483.9 0.00019214058923866588
6484.2 0.00014013537925819709
6484.5 0.00010176794571000016
6484.8 7.358633243556133e-5
6485.1 5.2977975390899164e-5
6485.4 3.797479126882458e-5
6485.7 2.7101161231094604e-5
6486.0 1.925591232345355e-5
6486.3 1.3621222885536537e-5
6486.6 9.59260609764482e-6
6486.9 6.72541550789529e-6
6487.2 4.694159286158563e-6
6487.5 3.2617269167937167e-6
6487.8 2.2562332412604773e-6
6488.1 1.5536858043350767e-6
6488.4 1.0650796319216973e-6
6488.7 7.268388853585671e-7
6489.0 4.937754719262427e-7
6489.3 3.3392960391242687e-7
6489.6 2.2480893508827975e-7
6489.9 1.5066266089117434e-7
6490.2 1.0051510277789184e-7
6490.5 6.675623033647175e-8
6490.8 4.4135601101500806e-8
6491.1 2.9048559888293324e-8
6491.4 1.9032794416998452e-8
6491.7 1.2414356146598602e-8
6492.0 8.061130710776055e-9
6492.3 5.210988039370107e-9
6492.6 3.3535460577190343e-9
6492.9 2.1485906469568e-9
6493.2 1.370485716799174e-9
6493.5 8.702983347697641e-10
6493.8 5.50244829415059e-10
6494.1 3.463614173764984e-10
6494.4 2.1707150256984752e-10
6494.7 1.354525169654557e-10
6495.0 8.417117165257759e-11
6495.3 5.206013503861011e-11
6495.6 3.209478898806247e-11
6495.9 1.967122707671569e-11
6496.2 1.2020745255142656e-11
6496.5 7.305388508313342e-12
6496.8 4.433259240667429e-12
6497.1 2.677200387107056e-12
6497.4 1.596873661405783e-12
6497.7 9.733590378201238e-13
6498.0 5.613265767525082e-13
6498.3 3.439965030017857e-13
6498.6 2.0143951246705022e-13
6498.9 1.1874649458786597e-13
6499.2 7.125875241167489e-14
6499.5 3.611855128540396e-14
6499.8 2.613392002668224e-14
6500.1 1.681119715887824e-14
6500.4 5.308760362191488e-15
6500.7 4.503139279244924e-15
6501.0 4.503139279244924e-15
6501.3 0.0
6501.6 0.0
6501.9 0.0
6502.2 0.0
6502.5 0.0
6502.8 0.0
6503.1 0.0
6503.4 0.0
6503.7 0.0
6504.0 0.0
6504.3 0.0
6504.6 0.0
6504.9 0.0
6505.2 0.0
6505.5 0.0
6505.8 0.0
6506.1 0.0
6506.4 0.0
6506.7 0.0
6507.0 0.0
6507.3 0.0
6507.6 0.0
6507.9 0.0
6508.2 0.0
6508.5 0.0
6508.8 0.0
6509.1 0.0
6509.4 0.0
6509.7 0.0
6510.0 0.0
6510.3 0.0
6510.6 0.0
6510.9 0.0
6511.2 0.0
6511.5 0.0
6511.8 0.0
6512.1 0.0
6512.4 0.0
6512.7 0.0
6513.0 0.0
6513.3 0.0
6513.6 0.0
6513.9 0.0
6514.2 0.0
6514.5 0.0
6514.8 0.0
6515.1 0.0
6515.4 0.0
6515.7 0.0
6516.0 0.0
6516.3 0.0
6516.6 0.0
6516.9 0.0
6517.2 0.0
6517.5 0.0
6517.8 0.0
6518.1 0.0
6518.4 0.0
6518.7 0.0
6519.0 0.0
6519.3 0.0
6519.6 0.0
6519.9 0.0
6520.2 0.0
6520.5 0.0
6520.8 0.0
6521.1 0.0
6521.4 0.0
6521.7 0.0
6522.0 0.0
6522.3 0.0
6522.6 0.0
6522.9 0.0
6523.2 0.0
6523.5 0.0
6523.8 0.0
6524.1 0.0
6524.4 0.0
6524.7 0.0
6525.0 0.0
6525.3 0.0
6525.6 0.0
6525.9 0.0
6526.2 0.0
6526.5 0.0
6526.8 0.0
6527.1 0.0
6527.4 0.0
6527.7 0.0
6528.0 0.0
6528.3 0.0
6528.6 0.0
6528.9 0.0
6529.2 0.0
6529.5 0.0
6529.8 0.0
6530.1 0.0
6530.4 0.0
6530.7 0.0
6531.0 0.0
6531.3 0.0
6531.6 0.0
6531.9 0.0
6532.2 0.0
6532.5 0.0
6532.8 0.0
6533.1 0.0
6533.4 0.0
6533.7 0.0
6534.0 0.0
6534.3 0.0
6534.6 0.0
6534.9 0.0
6535.2 0.0
6535.5 0.0
6535.8 0.0
6536.1 0.0
6536.4 0.0
6536.7 0.0
6537.0 0.0
6537.3 0.0
6537.6 0.0
6537.9 0.0
6538.2 0.0
6538.5 0.0
6538.8 0.0
6539.1 0.0
6539.4 0.0
6539.7 0.0
6540.0 0.0
6540.3 0.0
6540.6 0.0
6540.9 0.0
6541.2 0.0
6541.5 0.0
6541.8 0.0
6542.1 0.0
6542.4 0.0
6542.7 0.0
6543.0 0.0
6543.3 0.0
6543.6 0.0
6543.9 0.0
6544.2 0.0
6544.5 0.0
6544.8 0.0
6545.1 0.0
6545.4 0.0
6545.7 0.0
6546.0 0.0
6546.3 0.0
6546.6 0.0
6546.9 0.0
6547.2 0.0
6547.5 0.0
6547.8 0.0
6548.1 0.0
6548.4 0.0
6548.7 0.0
6549.0 0.0
6549.3 0.0
6549.6 0.0
6549.9 0.0
6550.2 0.0
6550.5 0.0
6550.8 0.0
6551.1 0.0
6551.4 0.0
6551.7 0.0
6552.0 0.0
6552.3 0.0
6552.6 0.0
6552.9 0.0
6553.2 0.0
6553.5 0.0
6553.8 0.0
6554.1 0.0
6554.4 0.0
6554.7 0.0
6555.0 0.0
6555.3 0.0
6555.6 0.0
6555.9 0.0
6556.2 0.0
6556.5 0.0
6556.8 0.0
6557.1 0.0
6557.4 0.0
6557.7 0.0
6558.0 0.0
6558.3 0.0
6558.6 0.0
6558.9 0.0
6559.2 0.0
6559.5 0.0
6559.8 0.0
6560.1 0.0
6560.4 0.0
6560.7 0.0
6561.0 0.0
6561.3 0.0
6561.6 0.0
6561.9 0.0
6562.2 0.0
6562.5 0.0
6562.8 0.0
6563.1 0.0
6563.4 0.0
6563.7 0.0
6564.0 0.0
6564.3 0.0
6564.6 0.0
6564.9 0.0
6565.2 0.0
6565.5 0.0
6565.8 0.0
6566.1 0.0
6566.4 0.0
6566.7 0.0
6567.0 0.0
6567.3 0.0
6567.6 0.0
6567.9 0.0
6568.2 0.0
6568.5 0.0
6568.8 0.0
6569.1 0.0
6569.4 0.0
6569.7 0.0
6570.0 0.0
6570.3 0.0
6570.6 0.0
6570.9 0.0
6571.2 0.0
6571.5 0.0
6571.8 0.0
6572.1 0.0
6572.4 0.0
6572.7 0.0
6573.0 0.0
6573.3 0.0
6573.6 0.0
6573.9 0.0
6574.2 0.0
6574.5 0.0
6574.8 0.0
6575.1 0.0
6575.4 0.0
6575.7 0.0
6576.0 0.0
6576.3 0.0
6576.6 0.0
6576.9 0.0
6577.2 0.0
6577.5 0.0
6577.8 0.0
6578.1 0.0
6578.4 0.0
6578.7 0.0
6579.0 0.0
6579.3 0.0
6579.6 0.0
6579.9 0.0
6580.2 0.0
6580.5 0.0
6580.8 0.0
6581.1 0.0
6581.4 0.0
6581.7 0.0
6582.0 0.0
6582.3 0.0
6582.6 0.0
6582.9 0.0
6583.2 0.0
6583.5 0.0
6583.8 0.0
6584.1 0.0
6584.4 0.0
6584.7 0.0
6585.0 0.0
6585.3 0.0
6585.6 0.0
6585.9 0.0
6586.2 0.0
6586.5 0.0
6586.8 0.0
6587.1 0.0
6587.4 0.0
6587.7 0.0
6588.0 0.0
6588.3 0.0
6588.6 0.0
6588.9 0.0
6589.2 0.0
6589.5 0.0
6589.8 0.0
6590.1 0.0
6590.4 0.0
6590.7 0.0
6591.0 0.0
6591.3 0.0
6591.6 0.0
6591.9 0.0
6592.2 0.0
6592.5 0.0
6592.8 0.0
6593.1 0.0
6593.4 0.0
6593.7 0.0
6594.0 0.0
6594.3 0.0
6594.6 0.0
6594.9 0.0
6595.2 0.0
6595.5 0.0
6595.8 0.0
6596.1 0.0
6596.4 0.0
6596.7 0.0
6597.0 0.0
6597.3 0.0
6597.6 0.0
6597.9 0.0
6598.2 0.0
6598.5 0.0
6598.8 0.0
6599.1 0.0
6599.4 0.0
6599.7 0.0
6600.0 0.0
6600.3 0.0
6600.6 0.0
6600.9 0.0
6601.2 0.0
6601.5 0.0
6601.8 0.0
6602.1 0.0
6602.4 3.886055448379432e-15
6602.7 3.886055448379432e-15
6603.0 3.886055448379432e-15
6603.3 3.886055448379432e-15
6603.6 1.5544221793517728e-14
6603.9 1.5544221793517728e-14
6604.2 3.1088443587035455e-14
6604.5 4.663266707461908e-14
6604.8 7.772110727352274e-14
6605.1 1.2473323579114933e-13
6605.4 1.9856828465167732e-13
6605.7 3.1552940361683716e-13
6606.0 4.826298137316576e-13
6606.3 7.468815418698116e-13
6606.6 1.183637548732427e-12
6606.9 1.845405359285953e-12
6607.2 2.8499048552923373e-12
6607.5 4.4073629294760774e-12
6607.8 6.782789580645973e-12
6608.1 1.0424599117958566e-11
6608.4 1.5927738403372083e-11
6608.7 2.428141879499385e-11
6609.0 3.6867620949275205e-11
6609.3 5.581556508842345e-11
6609.6 8.416297956495789e-11
6609.9 1.265064290861584e-10
6610.2 1.8951155586556024e-10
6610.5 2.828979331431904e-10
6610.8 4.208850233123392e-10
6611.1 6.240038287341542e-10
6611.4 9.219920915987888e-10
6611.7 1.3576397112733308e-9
6612.0 1.9922736086841955e-9
6612.3 2.9136206082402445e-9
6612.6 4.246504576910778e-9
6612.9 6.16806125559316e-9
6613.2 8.92866469703425e-9
6613.5 1.2880740077000726e-8
6613.8 1.8519131071758045e-8
6614.1 2.653525654716896e-8
6614.4 3.789233875279549e-8
6614.7 5.3927106183815564e-8
6615.0 7.6487996467312e-8
6615.3 1.0812123378818101e-7
6615.6 1.5232230091919e-7
6615.9 2.1387170189143137e-7
6616.2 2.9928394917853734e-7
6616.5 4.174046151316586e-7
6616.8 5.802007096322669e-7
6617.1 8.038049262754664e-7
6617.4 1.109887020262655e-6
6617.7 1.5274519631601715e-6
6618.0 2.095187212885102e-6
6618.3 2.8645126789108513e-6
6618.6 3.903540980997454e-6
6618.9 5.302193812189311e-6
6619.2 7.178814470718655e-6
6619.5 9.688727413796152e-6
6619.8 1.3035437743526451e-5
6620.1 1.7485695259348194e-5
6620.4 2.339103783088265e-5
6620.7 3.1222074091750835e-5
6621.0 4.163140859172413e-5
6621.3 5.558582781062986e-5
6621.6 7.466899001444014e-5
6621.9 0.0001017990255977783
6622.2 0.0001429259133188837
6622.5 0.0002109569263173892
6622.8 0.00033453700175680383
6623.1 0.0005769321471150464
6623.4 0.0010749374121146993
6623.7 0.0021154747919941777
6624.0 0.004279315853230719
6624.3 0.008697397547286457
6624.6 0.017483821328520686
6624.9 0.034425639933633
6625.2 0.06601242398155349
6625.5 0.12286227002386846
6625.8 0.22152481859105663
6626.1 0.38649958083072083
6626.4 0.652095093915448
6626.7 1.0634995848505617
6627.0 1.6762035774305644
6627.3 2.552819872854244
6627.6 3.7565225294524383
6627.9 5.340867372508455
6628.2 7.336691221238246
6628.5 9.737955361422763
6628.8 12.489518976490386
6629.1 15.480430391052003
6629.4 18.546064415147555
6629.7 21.481031039426245
6630.0 24.062429718420354
6630.3 26.08024913103924
6630.6 27.36934281241487
6630.9 27.836230688665566
6631.2 27.474702201452935
6631.5 26.366500481604653
6631.8 24.666941510895562
6632.1 22.578950429403438
6632.4 20.3216002534133
6632.7 18.10014785155622
6633.0 16.08366593752501
6633.3 14.393926714386016
6633.6 13.10640680392416
6633.9 12.261771747962696
6634.2 11.884835665093437
6634.5 12.007916757439364
6634.8 12.696510006398753
6635.1 14.076742899433336
6635.4 16.365444373952588
6635.7 19.90425818610952
6636.0 25.198580750814294
6636.3 32.96000520177351
6636.6 44.147481434888874
6636.9 59.99801515783155
6637.2 82.03329671982915
6637.5 112.02555127072772
6637.8 151.90579241801518
6638.1 203.60228787437939
6638.4 268.80744130867635
6638.7 348.6872213030704
6639.0 443.5665285070253
6639.3 552.6421168997267
6639.6 673.7861843947742
6639.9 803.5027320744823
6640.2 937.0817739989
6640.5 1068.9637899575318
6640.8 1193.2840629596578
6641.1 1304.5235610458112
6641.4 1398.1617628294139
6641.7 1471.2170927228906
6642.0 1522.5780631960147
6642.3 1553.0684498988494
6642.6 1565.2449492947903
6642.9 1562.9797778142722
6643.2 1550.9194307455193
6643.5 1533.9260975266793
6643.8 1516.5955335711644
6644.1 1502.912591598561
6644.4 1496.0625571624846
6644.7 1498.3768580392107
6645.0 1511.365901263708
6645.3 1535.7845826231155
6645.6 1571.6875286283666
6645.9 1618.453776505511
6646.2 1674.7876583833677
6646.5 1738.7228088298157
6646.8 1807.665507477962
6647.1 1878.5072465636993
6647.4 1947.8177075692813
6647.7 2012.1039336430986
6648.0 2068.0969948914953
6648.3 2113.013372795933
6648.6 2144.7402530955305
6648.9 2161.913367123493
6649.2 2163.8901526594495
6649.5 2150.657993371138
6649.8 2122.7475856289034
6650.1 2081.230906088585
6650.4 2027.86788918667
6650.7 1965.425444602025
6651.0 1898.1377296228702
6651.3 1832.2206787496782
6651.6 1776.3125283974368
6651.9 1741.6954431158688
6652.2 1742.1641356474645
6652.5 1793.4446173389097
6652.8 1912.121656614343
6653.1 2114.1026543007447
6653.4 2412.722774026428
6653.7 2816.67733744604
6654.0 3328.044206079716
6654.3 3940.716794905702
6654.6 4639.5858127699685
6654.9 5400.762713031311
6655.2 6193.015900185128
6655.5 6980.397017275836
6655.8 7725.801565618113
6656.1 8394.98663663397
6656.4 8960.41968283277
6656.7 9404.31633835898
6657.0 9720.347110062072
6657.3 9913.75064970229
6657.6 9999.909608277256
6657.9 10001.748726221607
6658.2 9946.519436601855
6658.5 9862.592619778474
6658.8 9776.782007553586
6659.1 9712.503750311414
6659.4 9688.816056524467
6659.7 9720.154734301119
6660.0 9816.448060351997
6660.3 9983.287306835115
6660.6 10221.936153805158
6660.9 10529.135791943485
6661.2 10896.840575948076
6661.5 11312.137163111225
6661.8 11757.616897398715
6662.1 12212.374175402963
6662.4 12653.622525521656
6662.7 13058.70704444412
6663.0 13407.119351123576
6663.3 13682.054957989198
6663.6 13871.130156285075
6663.9 13966.086334639
6664.2 13961.609583886671
6664.5 13853.682051296162
6664.8 13638.070571594759
6665.1 13309.564297851
6665.4 12862.374261434634
6665.7 12291.757535379336
6666.0 11596.515920493177
6666.3 10781.695512446946
6666.6 9860.668422034727
6666.9 8855.891807488197
6667.2 7797.963101915204
6667.5 6723.030869111426
6667.8 5669.051738048651
6668.1 4671.6566870459865
6668.4 3760.453867847121
6668.7 2956.4348709309656
6669.0 2270.845993277565
6669.3 1705.5308197121708
6669.6 1254.451788752993
6669.9 905.9230800075248
6670.2 645.0520763294397
6670.5 455.9718648684504
6670.8 323.59808512340817
6671.1 234.80902328037394
6671.4 179.08259304054263
6671.7 148.70742620315235
6672.0 138.71393159052593
6672.3 146.65642327515576
6672.6 172.33627169530322
6672.9 217.50518680777236
6673.2 285.5411595791136
6673.5 381.05685083427085
6673.8 509.38763883700443
6674.1 675.9174379808011
6674.4 885.2346166189229
6674.7 1140.1635334434395
6675.0 1440.7784660213317
6675.3 1783.5617019178462
6675.6 2160.8958923944956
6675.9 2561.0681947288876
6676.2 2968.8999498930316
6676.5 3367.0071652318134
6676.8 3737.5645030892765
6677.1 4064.32015280082
6677.4 4334.528906726758
6677.7 4540.460408366059
6678.0 4680.212725123111
6678.3 4757.69807393438
6678.6 4781.839347843919
6678.9 4765.171781267121
6679.2 4722.14847612066
6679.5 4667.471407770263
6679.8 4614.715870660478
6680.1 4575.403676192293
6680.4 4558.548869281183
6680.7 4570.585770936827
6681.0 4615.52204069276
6681.3 4695.152188120336
6681.6 4809.210538803581
6681.9 4955.418639997241
6682.2 5129.4621922248425
6682.5 5324.991166482783
6682.8 5533.754190203806
6683.1 5745.954579047622
6683.4 5950.850840945656
6683.7 6137.545377988075
6684.0 6295.83218938571
6684.3 6416.9350970471705
6684.6 6493.978183086766
6684.9 6522.095046080302
6685.2 6498.184616912697
6685.5 6420.4317384908845
6685.8 6287.7940889900165
6686.1 6099.673705275844
6686.4 5855.940133688905
6686.7 5557.351944159146
6687.0 5206.278012351759
6687.3 4807.494716476582
6687.6 4368.777258656324
6687.9 3901.0334292294356
6688.2 3417.8421080900725
6688.5 2934.4184391034255
6688.8 2466.1845577419854
6689.1 2027.2260424871217
6689.4 1628.9383602127
6689.7 1279.1071218418224
6690.0 981.5506247343866
6690.3 736.3210055249291
6690.6 540.3476050036384
6690.9 388.34117727632645
6691.2 273.76531861014826
6691.5 189.71419869600112
6691.8 129.59372680583039
6692.1 87.5663368845038
6692.4 58.77163843424411
6692.7 39.36808776728036
6693.0 26.45381434965682
6693.3 17.92226993823122
6693.6 12.29664834301452
6693.9 8.572285569534674
6694.2 6.082606679919735
6694.5 4.393902824578701
6694.8 3.2277288381030713
6695.1 2.406489895124123
6695.4 1.8168322145465339
6695.7 1.3858232575968672
6696.0 1.0658481352685545
6696.3 0.82520529254163
6696.6 0.6423083114200395
6696.9 0.5021163237298477
6697.2 0.3939205502743574
6697.5 0.3099508359230426
6697.8 0.244479413213822
6698.1 0.19322983758059553
6698.4 0.15297662843419962
6698.7 0.12126705121578371
6699.0 0.09622363506516901
6699.3 0.07640123677357294
6699.6 0.06068205753686183
6699.9 0.04819769670134919
6700.2 0.038270768483435566
6700.5 0.030370825614603605
6700.8 0.02408096894899326
6701.1 0.019072403920729314
6701.4 0.01508496663909755
6701.7 0.011912196569591743
6702.0 0.009389813566890058
6702.3 0.007386806442646911
6702.6 0.005798503030833886
6702.9 0.004541157965705244
6703.2 0.003547711339544647
6703.5 0.0027644368849418406
6703.8 0.0021482946035717766
6704.1 0.0016648196997333636
6704.4 0.0012864392695564606
6704.7 0.000991122029194962
6705.0 0.0007612929051987852
6705.3 0.0005829587673948182
6705.6 0.000445003136147452
6705.9 0.000338616455011053
6706.2 0.00025683593572504076
6706.5 0.00019417412423874595
6706.8 0.00014631936375961808
6707.1 0.00010989443698059537
6707.4 8.226272948305551e-5
6707.7 6.137270774822733e-5
6708.0 4.563358124253049e-5
6708.3 3.381615010485628e-5
6708.6 2.4974006725901288e-5
6708.9 1.8381100828022298e-5
6709.2 1.3482467424562818e-5
6709.5 9.855479733683742e-6
6709.8 7.179481849845084e-6
6710.1 5.212092789629822e-6
6710.4 3.7707868524613557e-6
6710.7 2.7186304326487696e-6
6711.0 1.953279636761159e-6
6711.3 1.3985330343661779e-6
6711.6 9.97868106733267e-7
6711.9 7.095193526540704e-7
6712.2 5.027410082295764e-7
6712.5 3.549868416257778e-7
6712.8 2.497852321089601e-7
6713.1 1.751486558619994e-7
6713.4 1.22385936271273e-7
6713.7 8.52195561584814e-8
6714.0 5.913309083099815e-8
6714.3 4.088869885794377e-8
6714.6 2.8174581809108756e-8
6714.9 1.93461432790755e-8
6715.2 1.3237576651771603e-8
6715.5 9.02621698524549e-9
6715.8 6.133032501484377e-9
6716.1 4.152716057598981e-9
6716.4 2.801949428228069e-9
6716.7 1.8840164835020473e-9
6717.0 1.262272248124573e-9
6717.3 8.42827364920095e-10
6717.6 5.607346287327727e-10
6717.9 3.7174969085864134e-10
6718.2 2.4564520593138833e-10
6718.5 1.617080375515361e-10
6718.8 1.0611956991179441e-10
6719.1 6.93537998298216e-11
6719.4 4.518903296262672e-11
6719.7 2.9325566064039577e-11
6720.0 1.899551902492108e-11
6720.3 1.2209509851713804e-11
6720.6 7.851115577431865e-12
6720.9 5.034254331221129e-12
6721.2 3.2431372312072965e-12
6721.5 2.0036717375332067e-12
6721.8 1.3027367745210676e-12
6722.1 8.263103675148868e-13
6722.4 5.015014553806652e-13
6722.7 3.3792995731882734e-13
6723.0 2.125546070261882e-13
6723.3 1.003002883656276e-13
6723.6 7.522521966235249e-14
6723.9 5.01501441828138e-14
6724.2 2.50750720914069e-14
6724.5 2.50750720914069e-14
6724.8 2.50750720914069e-14
6725.1 0.0
6725.4 0.0
6725.7 0.0
6726.0 0.0
6726.3 0.0
6726.6 0.0
6726.9 0.0
6727.2 0.0
6727.5 0.0
6727.8 0.0
6728.1 0.0
6728.4 0.0
6728.7 0.0
6729.0 0.0
6729.3 0.0
6729.6 0.0
6729.9 0.0
6730.2 0.0
6730.5 0.0
6730.8 0.0
6731.1 0.0
6731.4 0.0
6731.7 0.0
6732.0 0.0
6732.3 0.0
6732.6 0.0
6732.9 0.0
6733.2 0.0
6733.5 0.0
6733.8 0.0
6734.1 0.0
6734.4 0.0
6734.7 0.0
6735.0 0.0
6735.3 0.0
6735.6 0.0
6735.9 0.0
6736.2 0.0
6736.5 0.0
6736.8 0.0
6737.1 0.0
6737.4 0.0
6737.7 0.0
6738.0 0.0
6738.3 0.0
6738.6 0.0
6738.9 0.0
6739.2 0.0
6739.5 0.0
6739.8 0.0
6740.1 0.0
6740.4 0.0
6740.7 0.0
6741.0 0.0
6741.3 0.0
6741.6 0.0
6741.9 0.0
6742.2 0.0
6742.5 0.0
6742.8 0.0
6743.1 0.0
6743.4 0.0
6743.7 0.0
6744.0 0.0
6744.3 0.0
6744.6 0.0
6744.9 0.0
6745.2 0.0
6745.5 0.0
6745.8 0.0
6746.1 0.0
6746.4 0.0
6746.7 0.0
6747.0 0.0
6747.3 0.0
6747.6 0.0
6747.9 0.0
6748.2 0.0
6748.5 0.0
6748.8 0.0
6749.1 0.0
6749.4 0.0
6749.7 0.0
6750.0 0.0
6750.3 0.0
6750.6 0.0
6750.9 0.0
6751.2 0.0
6751.5 0.0
6751.8 0.0
6752.1 0.0
6752.4 0.0
6752.7 0.0
6753.0 0.0
6753.3 0.0
6753.6 0.0
6753.9 0.0
6754.2 0.0
6754.5 0.0
6754.8 0.0
6755.1 0.0
6755.4 0.0
6755.7 0.0
6756.0 0.0
6756.3 0.0
6756.6 0.0
6756.9 0.0
6757.2 0.0
6757.5 0.0
6757.8 0.0
6758.1 0.0
6758.4 0.0
6758.7 0.0
6759.0 0.0
6759.3 0.0
6759.6 0.0
6759.9 0.0
6760.2 0.0
6760.5 0.0
6760.8 0.0
6761.1 0.0
6761.4 0.0
6761.7 0.0
6762.0 0.0
6762.3 0.0
6762.6 0.0
6762.9 0.0
6763.2 0.0
6763.5 0.0
6763.8 0.0
6764.1 0.0
6764.4 0.0
6764.7 0.0
6765.0 0.0
6765.3 0.0
6765.6 0.0
6765.9 0.0
6766.2 0.0
6766.5 0.0
6766.8 0.0
6767.1 0.0
6767.4 0.0
6767.7 0.0
6768.0 0.0
6768.3 0.0
6768.6 0.0
6768.9 0.0
6769.2 0.0
6769.5 0.0
6769.8 0.0
6770.1 0.0
6770.4 0.0
6770.7 0.0
6771.0 0.0
6771.3 0.0
6771.6 0.0
6771.9 0.0
6772.2 2.333453458128014e-14
6772.5 2.333453458128014e-14
6772.8 0.0
6773.1 4.666906916256028e-14
6773.4 4.666906916256028e-14
6773.7 9.333813832512056e-14
6774.0 1.4000721426394441e-13
6774.3 2.3334535258906497e-13
6774.6 3.2668347736165837e-13
6774.9 5.749617243492851e-13
6775.2 8.549761257721196e-13
6775.5 1.3300684338635183e-12
6775.8 2.106639383471715e-12
6776.1 3.250031622000155e-12
6776.4 5.0533220796321505e-12
6776.7 7.789993944232274e-12
6777.0 1.19566034455015e-11
6777.3 1.8346524630454344e-11
6777.6 2.8009811619622918e-11
6777.9 4.261627861582365e-11
6778.2 6.466925725392286e-11
6778.5 9.771371851843152e-11
6778.8 1.4733442023017292e-10
6779.1 2.212543895511215e-10
6779.4 3.312368048287239e-10
6779.7 4.941722624894417e-10
6780.0 7.348701905751252e-10
6780.3 1.0891953796475355e-9
6780.6 1.6089831888254444e-9
6780.9 2.3689792354844663e-9
6781.2 3.476379985274676e-9
6781.5 5.084556391119878e-9
6781.8 7.412077964533213e-9
6782.1 1.0769302875874152e-8
6782.4 1.5595320600852103e-8
6782.7 2.250937735054463e-8
6783.0 3.238130364332928e-8
6783.3 4.6428909032470795e-8
6783.6 6.635047229694892e-8
6783.9 9.450687788998034e-8
6784.2 1.3416755476304768e-7
6784.5 1.8984334507979672e-7
6784.8 2.67737586692406e-7
6785.1 3.763479172082585e-7
6785.4 5.272748700148274e-7
6785.7 7.362962619703842e-7
6786.0 1.0247963742843283e-6
6786.3 1.4216513524296706e-6
6786.6 1.965715532543704e-6
6786.9 2.7090788178242712e-6
6787.2 3.721327632385296e-6
6787.5 5.095085827165175e-6
6787.8 6.953199733024353e-6
6788.1 9.458021363714646e-6
6788.4 1.2823347637015448e-5
6788.7 1.7329728466296355e-5
6789.0 2.3344032492751588e-5
6789.3 3.1344343057661844e-5
6789.6 4.195159985032795e-5
6789.9 5.5969720356669306e-5
6790.2 7.443655093939924e-5
6790.5 9.868904110889762e-5
6790.8 0.00013044827401487695
6791.1 0.00017193525340183336
6791.4 0.00022604138850277036
6791.7 0.00029661067537904186
6792.0 0.0003889706244291203
6792.3 0.0005110386671819724
6792.6 0.0006757612662856981
6792.9 0.000906573622228816
6793.2 0.001249480326206806
6793.5 0.0017990797232771093
6793.8 0.0027526593914783716
6794.1 0.004518125507530067
6794.4 0.007919897679644648
6794.7 0.014573240297054015
6795.0 0.027530613902278935
6795.3 0.05233727816345037
6795.6 0.09865308198411465
6795.9 0.18257807153054803
6796.2 0.3297274767279756
6796.5 0.5789010833131573
6796.8 0.9858652346063183
6797.1 1.6263349560988947
6797.4 2.596799766601908
6797.7 4.011551192343512
6798.0 5.9943710802094134
6798.3 8.664043626578133
6798.6 12.11425911449634
6798.9 16.39045946065858
6799.2 21.468226872972963
6799.5 27.239274217623297
6799.8 33.51111026530676
6800.1 40.02443940099371
6800.4 46.48838144009286
6800.7 52.62840690810893
6801.0 58.236911715324936
6801.3 63.21358373492225
6801.6 67.58331639658893
6801.9 71.48397889995435
6802.2 75.12415372502679
6802.5 78.71955369178168
6802.8 82.42382520861595
6803.1 86.27250972923656
6803.4 90.15645422412769
6803.7 93.83387106145919
6804.0 96.9803415411153
6804.3 99.26624453398489
6804.6 100.44457869836786
6804.9 100.43064054936713
6805.2 99.3590701461733
6805.5 97.61183312526865
6805.8 95.82037160091177
6806.1 94.8533603766228
6806.4 95.80576259165072
6806.7 100.00390263350339
6807.0 109.03486720025857
6807.3 124.79804104453379
6807.6 149.56391665530458
6807.9 186.01312896904136
6808.2 237.21994686761548
6808.5 306.5422325764139
6808.8 397.386974895159
6809.1 512.8386190007511
6809.4 655.1662181127322
6809.7 825.2613467798489
6810.0 1022.0945129866305
6810.3 1242.3033288984475
6810.6 1480.0305796959628
6810.9 1727.1064528601157
6811.2 1973.6154837086783
6811.5 2208.8139272315616
6811.8 2422.2821500832824
6812.1 2605.1318311924656
6812.4 2751.058890138034
6812.7 2857.0514467961866
6813.0 2923.626725372555
6813.3 2954.567423226824
6813.6 2956.2302138443606
6813.9 2936.5811668803926
6814.2 2904.153689090233
6814.5 2867.1154298702895
6814.8 2832.5780457483643
6815.1 2806.206745311714
6815.4 2792.107318504423
6815.7 2792.9100670537487
6816.0 2809.945081836789
6816.3 2843.41411024896
6816.6 2892.501938100363
6816.9 2955.4202077502123
6817.2 3029.4207771466763
6817.5 3110.8401315647484
6817.8 3195.2350782781104
6818.1 3277.642530246126
6818.4 3352.9541564930046
6818.7 3416.3517657902917
6819.0 3463.7183879881254
6819.3 3491.933634042364
6819.6 3498.984880936148
6819.9 3483.8738494809163
6820.2 3446.3575051546036
6820.5 3386.616652975975
6820.8 3304.974273355043
6821.1 3201.779730664748
6821.4 3077.529708534792
6821.7 2933.2245585576215
6822.0 2770.8794260218906
6822.3 2594.0460608629996
6822.6 2408.1751864873936
6822.9 2220.6681007453008
6823.2 2040.5284564999736
6823.5 1877.6118689678906
6823.8 1741.5626893010615
6824.1 1640.599796280227
6824.4 1580.354107648884
6824.7 1562.9606025363064
6825.0 1586.5722225810682
6825.3 1645.3980992216298
6825.6 1730.2865738824285
6825.9 1829.7855741564204
6826.2 1931.5329457664427
6826.5 2023.7704410829208
6826.8 2096.748669266515
6827.1 2143.806532064865
6827.4 2161.9651463057635
6827.7 2151.9667357946805
6828.0 2117.791447334649
6828.3 2065.7788618904415
6828.6 2003.541423947086
6828.9 1938.8734513556462
6829.2 1878.8296973646636
6829.5 1829.0844081327286
6829.8 1793.6051946982282
6830.1 1774.6073840467309
6830.4 1772.709719780015
6830.7 1787.1978588224356
6831.0 1816.3148455302844
6831.3 1857.5275081849352
6831.6 1907.7510414752162
6831.9 1963.5400194395697
6832.2 2021.2663591345272
6832.5 2077.302351452964
6832.8 2128.2140914132046
6833.1 2170.9538966541413
6833.4 2203.0270239029414
6833.7 2222.602063324182
6834.0 2228.5396489275763
6834.3 2220.3284099771427
6834.6 2197.937846070038
6834.9 2161.6186352621285
6835.2 2111.697618633411
6835.5 2048.4202669240876
6835.8 1971.8864703708207
6836.1 1882.1046243633411
6836.4 1779.159435091146
6836.7 1663.4567963789696
6837.0 1535.9835590656364
6837.3 1398.5097344817705
6837.6 1253.6688080552806
6837.9 1104.878635785857
6838.2 956.1031860179539
6838.5 811.4941024415629
6838.8 674.9798825914631
6839.1 549.8808109206411
6839.4 438.6190252673017
6839.7 342.56743878849016
6840.0 262.04876975361844
6840.3 196.46463935033802
6840.6 144.51330115784538
6840.9 104.44591926497846
6841.2 74.31528390564043
6841.5 52.18336631083161
6841.8 36.27010846937427
6842.1 25.040752306346086
6842.4 17.239802563511226
6842.7 11.885420777615746
6843.0 8.239212447884043
6843.3 5.764432188486189
6843.6 4.082173432421325
6843.9 2.9314545530982636
6844.2 2.1360320890325317
6844.5 1.5786048394884893
6844.8 1.1817938658748595
6845.1 0.894702712212048
6845.4 0.6837439348349235
6845.7 0.5265478332235154
6846.0 0.4080020751614833
6846.3 0.31771334687714703
6846.6 0.24839217646384765
6846.9 0.19482532345952658
6847.2 0.15321692336013382
6847.5 0.12076002630107985
6847.8 0.09535234120745552
6848.1 0.075403244654222
6848.4 0.059699540744766896
6848.7 0.04731000897522692
6849.0 0.03751617134747451
6849.3 0.029761277482126897
6849.6 0.0236122702778824
6849.9 0.018731137814793696
6850.2 0.01485320956695909
6850.5 0.011770607596197668
6850.8 0.009319587477980345
6851.1 0.007370814353550377
6851.4 0.005821871244890848
6851.7 0.004591467414128266
6852.0 0.003614947465224931
6852.3 0.002840797799558868
6852.6 0.0022279186315088064
6852.9 0.0017434841950147704
6853.2 0.0013612614840214868
6853.5 0.001060280310739223
6853.8 0.0008237807401030382
6854.1 0.0006383741872581048
6854.4 0.0004933752157512802
6854.7 0.00038026576193625353
6855.0 0.0002922658929179342
6855.3 0.0002239889118226006
6855.6 0.00017116371445104862
6855.9 0.00013041136369280887
6856.2 9.906536092909773e-5
6856.5 7.502686464460996e-5
6856.8 5.6648448262730886e-5
6857.1 4.264072850633638e-5
6857.4 3.1997564468067366e-5
6857.7 2.3936267504662907e-5
6858.0 1.7849887975107572e-5
6858.3 1.3269279561450993e-5
6858.6 9.8329967768889e-6
6858.9 7.2634936588939066e-6
6859.2 5.3483690360409534e-6
6859.5 3.925624706982071e-6
6859.8 2.8721265632496747e-6
6860.1 2.094604171093061e-6
6860.4 1.5226511039096609e-6
6860.7 1.1033046465633008e-6
6861.0 7.968639475407752e-7
6861.3 5.736720746493448e-7
6861.6 4.116529241146251e-7
6861.9 2.944315085278443e-7
6862.2 2.0990378698443383e-7
6862.5 1.4915478695397962e-7
6862.8 1.0564108044880913e-7
6863.1 7.45770181723394e-8
6863.4 5.24749422253191e-8
6863.7 3.68020234003417e-8
6864.0 2.5725388124165082e-8
6864.3 1.792351774352207e-8
6864.6 1.2446565116678275e-8
6864.9 8.614809912389212e-9
6865.2 5.942968927582636e-9
6865.5 4.086261592295115e-9
6865.8 2.8003418585543603e-9
6866.1 1.9127386640265833e-9
6866.4 1.3021417699772244e-9
6866.7 8.835504057302693e-10
6867.0 5.975047071822925e-10
6867.3 4.0272761107950153e-10
6867.6 2.70561539427068e-10
6867.9 1.811544766326884e-10
6868.2 1.208854090843669e-10
6868.5 8.040822134779699e-11
6868.8 5.3304941525638165e-11
6869.1 3.519955094103365e-11
6869.4 2.3206427581919857e-11
6869.7 1.5212501139120723e-11
