6165.0 0.0
6165.3 0.0
6165.6 0.0
6165.9 0.0
6166.2 0.0
6166.5 0.0
6166.8 0.0
6167.1 0.0
6167.4 0.0
6167.7 0.0
6168.0 0.0
6168.3 0.0
6168.6 0.0
6168.9 0.0
6169.2 0.0
6169.5 0.0
6169.8 0.0
6170.1 0.0
6170.4 0.0
6170.7 0.0
6171.0 0.0
6171.3 0.0
6171.6 0.0
6171.9 0.0
6172.2 0.0
6172.5 0.0
6172.8 0.0
6173.1 0.0
6173.4 0.0
6173.7 0.0
6174.0 0.0
6174.3 0.0
6174.6 0.0
6174.9 0.0
6175.2 0.0
6175.5 0.0
6175.8 0.0
6176.1 0.0
6176.4 0.0
6176.7 0.0
6177.0 0.0
6177.3 0.0
6177.6 0.0
6177.9 0.0
6178.2 0.0
6178.5 0.0
6178.8 0.0
6179.1 0.0
6179.4 0.0
6179.7 0.0
6180.0 0.0
6180.3 0.0
6180.6 0.0
6180.9 0.0
6181.2 0.0
6181.5 0.0
6181.8 0.0
6182.1 0.0
6182.4 0.0
6182.7 0.0
6183.0 0.0
6183.3 0.0
6183.6 0.0
6183.9 0.0
6184.2 0.0
6184.5 0.0
6184.8 0.0
6185.1 0.0
6185.4 0.0
6185.7 0.0
6186.0 0.0
6186.3 0.0
6186.6 0.0
6186.9 0.0
6187.2 0.0
6187.5 0.0
6187.8 0.0
6188.1 0.0
6188.4 0.0
6188.7 0.0
6189.0 0.0
6189.3 0.0
6189.6 0.0
6189.9 0.0
6190.2 0.0
6190.5 0.0
6190.8 0.0
6191.1 0.0
6191.4 0.0
6191.7 0.0
6192.0 0.0
6192.3 0.0
6192.6 0.0
6192.9 0.0
6193.2 0.0
6193.5 0.0
6193.8 0.0
6194.1 0.0
6194.4 0.0
6194.7 0.0
6195.0 0.0
6195.3 0.0
6195.6 0.0
6195.9 0.0
6196.2 0.0
6196.5 0.0
6196.8 0.0
6197.1 0.0
6197.4 0.0
6197.7 0.0
6198.0 0.0
6198.3 0.0
6198.6 0.0
6198.9 0.0
6199.2 0.0
6199.5 0.0
6199.8 0.0
6200.1 0.0
6200.4 0.0
6200.7 0.0
6201.0 0.0
6201.3 0.0
6201.6 0.0
6201.9 0.0
6202.2 0.0
6202.5 0.0
6202.8 0.0
6203.1 0.0
6203.4 0.0
6203.7 0.0
6204.0 0.0
6204.3 0.0
6204.6 0.0
6204.9 0.0
6205.2 0.0
6205.5 0.0
6205.8 0.0
6206.1 0.0
6206.4 0.0
6206.7 0.0
6207.0 0.0
6207.3 0.0
6207.6 0.0
6207.9 0.0
6208.2 0.0
6208.5 0.0
6208.8 0.0
6209.1 0.0
6209.4 0.0
6209.7 0.0
6210.0 0.0
6210.3 0.0
6210.6 0.0
6210.9 0.0
6211.2 0.0
6211.5 0.0
6211.8 0.0
6212.1 0.0
6212.4 0.0
6212.7 0.0
6213.0 0.0
6213.3 0.0
6213.6 0.0
6213.9 0.0
6214.2 0.0
6214.5 0.0
6214.8 0.0
6215.1 0.0
6215.4 0.0
6215.7 0.0
6216.0 0.0
6216.3 0.0
6216.6 0.0
6216.9 0.0
6217.2 0.0
6217.5 0.0
6217.8 0.0
6218.1 0.0
6218.4 0.0
6218.7 0.0
6219.0 0.0
6219.3 0.0
6219.6 0.0
6219.9 0.0
6220.2 0.0
6220.5 0.0
6220.8 0.0
6221.1 0.0
6221.4 0.0
6221.7 0.0
6222.0 0.0
6222.3 0.0
6222.6 0.0
6222.9 0.0
6223.2 0.0
6223.5 0.0
6223.8 0.0
6224.1 0.0
6224.4 0.0
6224.7 0.0
6225.0 0.0
6225.3 0.0
6225.6 0.0
6225.9 0.0
6226.2 0.0
6226.5 0.0
6226.8 0.0
6227.1 0.0
6227.4 0.0
6227.7 0.0
6228.0 0.0
6228.3 0.0
6228.6 0.0
6228.9 0.0
6229.2 0.0
6229.5 0.0
6229.8 0.0
6230.1 0.0
6230.4 0.0
6230.7 0.0
6231.0 0.0
6231.3 0.0
6231.6 0.0
6231.9 0.0
6232.2 0.0
6232.5 0.0
6232.8 0.0
6233.1 0.0
6233.4 0.0
6233.7 0.0
6234.0 0.0
6234.3 0.0
6234.6 0.0
6234.9 0.0
6235.2 0.0
6235.5 0.0
6235.8 0.0
6236.1 0.0
6236.4 0.0
6236.7 0.0
6237.0 0.0
6237.3 0.0
6237.6 0.0
6237.9 0.0
6238.2 0.0
6238.5 0.0
6238.8 0.0
6239.1 0.0
6239.4 0.0
6239.7 0.0
6240.0 0.0
6240.3 0.0
6240.6 0.0
6240.9 0.0
6241.2 0.0
6241.5 0.0
6241.8 0.0
6242.1 0.0
6242.4 0.0
6242.7 0.0
6243.0 0.0
6243.3 0.0
6243.6 0.0
6243.9 0.0
6244.2 0.0
6244.5 0.0
6244.8 0.0
6245.1 0.0
6245.4 0.0
6245.7 0.0
6246.0 0.0
6246.3 0.0
6246.6 0.0
6246.9 0.0
6247.2 0.0
6247.5 0.0
6247.8 0.0
6248.1 0.0
6248.4 0.0
6248.7 0.0
6249.0 0.0
6249.3 0.0
6249.6 0.0
6249.9 0.0
6250.2 0.0
6250.5 0.0
6250.8 0.0
6251.1 0.0
6251.4 0.0
6251.7 0.0
6252.0 0.0
6252.3 0.0
6252.6 0.0
6252.9 0.0
6253.2 0.0
6253.5 0.0
6253.8 0.0
6254.1 0.0
6254.4 0.0
6254.7 0.0
6255.0 0.0
6255.3 0.0
6255.6 0.0
6255.9 0.0
6256.2 0.0
6256.5 0.0
6256.8 0.0
6257.1 0.0
6257.4 0.0
6257.7 0.0
6258.0 0.0
6258.3 0.0
6258.6 0.0
6258.9 0.0
6259.2 0.0
6259.5 0.0
6259.8 0.0
6260.1 0.0
6260.4 0.0
6260.7 0.0
6261.0 0.0
6261.3 0.0
6261.6 0.0
6261.9 0.0
6262.2 0.0
6262.5 0.0
6262.8 0.0
6263.1 0.0
6263.4 0.0
6263.7 0.0
6264.0 0.0
6264.3 0.0
6264.6 0.0
6264.9 0.0
6265.2 0.0
6265.5 0.0
6265.8 0.0
6266.1 0.0
6266.4 0.0
6266.7 0.0
6267.0 0.0
6267.3 0.0
6267.6 0.0
6267.9 0.0
6268.2 0.0
6268.5 0.0
6268.8 0.0
6269.1 0.0
6269.4 0.0
6269.7 0.0
6270.0 0.0
6270.3 0.0
6270.6 0.0
6270.9 0.0
6271.2 0.0
6271.5 0.0
6271.8 0.0
6272.1 0.0
6272.4 0.0
6272.7 0.0
6273.0 0.0
6273.3 0.0
6273.6 0.0
6273.9 0.0
6274.2 0.0
6274.5 0.0
6274.8 0.0
6275.1 0.0
6275.4 0.0
6275.7 0.0
6276.0 0.0
6276.3 0.0
6276.6 0.0
6276.9 0.0
6277.2 0.0
6277.5 0.0
6277.8 0.0
6278.1 0.0
6278.4 0.0
6278.7 0.0
6279.0 0.0
6279.3 0.0
6279.6 0.0
6279.9 0.0
6280.2 0.0
6280.5 0.0
6280.8 0.0
6281.1 0.0
6281.4 0.0
6281.7 0.0
6282.0 0.0
6282.3 0.0
6282.6 0.0
6282.9 0.0
6283.2 0.0
6283.5 0.0
6283.8 0.0
6284.1 0.0
6284.4 0.0
6284.7 0.0
6285.0 0.0
6285.3 0.0
6285.6 0.0
6285.9 0.0
6286.2 0.0
6286.5 0.0
6286.8 0.0
6287.1 0.0
6287.4 0.0
6287.7 0.0
6288.0 0.0
6288.3 0.0
6288.6 0.0
6288.9 0.0
6289.2 0.0
6289.5 0.0
6289.8 0.0
6290.1 0.0
6290.4 0.0
6290.7 0.0
6291.0 0.0
6291.3 0.0
6291.6 0.0
6291.9 0.0
6292.2 0.0
6292.5 0.0
6292.8 0.0
6293.1 0.0
6293.4 0.0
6293.7 0.0
6294.0 0.0
6294.3 0.0
6294.6 0.0
6294.9 0.0
6295.2 0.0
6295.5 0.0
6295.8 0.0
6296.1 0.0
6296.4 0.0
6296.7 0.0
6297.0 0.0
6297.3 0.0
6297.6 0.0
6297.9 0.0
6298.2 0.0
6298.5 0.0
6298.8 0.0
6299.1 0.0
6299.4 0.0
6299.7 0.0
6300.0 0.0
6300.3 0.0
6300.6 0.0
6300.9 0.0
6301.2 0.0
6301.5 0.0
6301.8 0.0
6302.1 0.0
6302.4 0.0
6302.7 0.0
6303.0 0.0
6303.3 0.0
6303.6 0.0
6303.9 0.0
6304.2 0.0
6304.5 0.0
6304.8 0.0
6305.1 0.0
6305.4 0.0
6305.7 0.0
6306.0 0.0
6306.3 0.0
6306.6 0.0
6306.9 0.0
6307.2 0.0
6307.5 0.0
6307.8 0.0
6308.1 0.0
6308.4 0.0
6308.7 0.0
6309.0 0.0
6309.3 0.0
6309.6 0.0
6309.9 0.0
6310.2 0.0
6310.5 0.0
6310.8 0.0
6311.1 0.0
6311.4 0.0
6311.7 0.0
6312.0 0.0
6312.3 0.0
6312.6 0.0
6312.9 0.0
6313.2 0.0
6313.5 0.0
6313.8 0.0
6314.1 0.0
6314.4 0.0
6314.7 0.0
6315.0 0.0
6315.3 0.0
6315.6 0.0
6315.9 0.0
6316.2 0.0
6316.5 0.0
6316.8 0.0
6317.1 0.0
6317.4 0.0
6317.7 0.0
6318.0 0.0
6318.3 0.0
6318.6 0.0
6318.9 0.0
6319.2 0.0
6319.5 0.0
6319.8 0.0
6320.1 0.0
6320.4 0.0
6320.7 0.0
6321.0 0.0
6321.3 0.0
6321.6 0.0
6321.9 0.0
6322.2 0.0
6322.5 0.0
6322.8 0.0
6323.1 0.0
6323.4 0.0
6323.7 0.0
6324.0 0.0
6324.3 0.0
6324.6 0.0
6324.9 0.0
6325.2 0.0
6325.5 0.0
6325.8 0.0
6326.1 0.0
6326.4 0.0
6326.7 0.0
6327.0 0.0
6327.3 0.0
6327.6 0.0
6327.9 0.0
6328.2 0.0
6328.5 0.0
6328.8 0.0
6329.1 0.0
6329.4 0.0
6329.7 0.0
6330.0 0.0
6330.3 0.0
6330.6 0.0
6330.9 0.0
6331.2 0.0
6331.5 0.0
6331.8 0.0
6332.1 0.0
6332.4 0.0
6332.7 0.0
6333.0 2.840653525867042e-15
6333.3 2.840653525867042e-15
6333.6 0.0
6333.9 0.0
6334.2 5.681307051734084e-15
6334.5 2.840653525867042e-15
6334.8 5.681307051734084e-15
6335.1 8.52196036584289e-15
6335.4 1.1362614103468168e-14
6335.7 1.7474259208670115e-14
6336.0 2.883687331213828e-14
6336.3 2.5565881944561615e-14
6336.6 4.304014030619878e-14
6336.9 6.008406273195046e-14
6337.2 8.323963026290408e-14
6337.5 1.088055105133998e-13
6337.8 1.5511664557530704e-13
6338.1 2.1236005033446748e-13
6338.4 2.870777176904298e-13
6338.7 4.0569620145952667e-13
6339.0 5.372269401798628e-13
6339.3 7.423560464264733e-13
6339.6 1.007138843893765e-12
6339.9 1.3734962603026424e-12
6340.2 1.8669940268258023e-12
6340.5 2.521720245812764e-12
6340.8 3.432018232975287e-12
6341.1 4.631115369663208e-12
6341.4 6.262076686185114e-12
6341.7 8.44963183622982e-12
6342.0 1.1379026410365811e-11
6342.3 1.5316504575063616e-11
6342.6 2.0577293775164707e-11
6342.9 2.7614173100931616e-11
6343.2 3.700611427341098e-11
6343.5 4.951123360928149e-11
6343.8 6.616636405443188e-11
6344.1 8.829849863041859e-11
6344.4 1.1766438161960377e-10
6344.7 1.5657989826208305e-10
6345.0 2.0809306343264717e-10
6345.3 2.761535615506777e-10
6345.6 3.6595286655978574e-10
6345.9 4.842812481936566e-10
6346.2 6.399655043272978e-10
6346.5 8.444855298762467e-10
6346.8 1.1127788012197477e-9
6347.1 1.4642219027910351e-9
6347.4 1.9238668572539895e-9
6347.7 2.5241547775251385e-9
6348.0 3.306919622335265e-9
6348.3 4.326108586750261e-9
6348.6 5.651058133710848e-9
6348.9 7.370918209046766e-9
6349.2 9.599888441843193e-9
6349.5 1.2484200618437554e-8
6349.8 1.621072286726336e-8
6350.1 2.1017784915157075e-8
6350.4 2.72088809071968e-8
6350.7 3.5169787338327285e-8
6351.0 4.539002695294092e-8
6351.3 5.848971230325675e-8
6351.6 7.525280063617662e-8
6351.9 9.666882298510868e-8
6352.2 1.239844576025011e-7
6352.5 1.5876742920835182e-7
6352.8 2.0298568137072382e-7
6353.1 2.5910497785838005e-7
6353.4 3.302091647826519e-7
6353.7 4.201478422737109e-7
6354.0 5.337177941736704e-7
6354.3 6.768846515619364e-7
6354.6 8.570540053139305e-7
6354.9 1.0834015615454123e-6
6355.2 1.3672749609304797e-6
6355.5 1.7226815553946735e-6
6355.8 2.166879022470758e-6
6356.1 2.721089698392855e-6
6356.4 3.4113621910652667e-6
6356.7 4.269609018985378e-6
6357.0 5.334853996222188e-6
6357.3 6.654727256008543e-6
6357.6 8.28725488905283e-6
6357.9 1.0303002277173255e-5
6358.2 1.2787621839196529e-5
6358.5 1.584489580774371e-5
6358.8 1.9600348107923592e-5
6359.1 2.420553485024117e-5
6359.4 2.9843132251015463e-5
6359.7 3.673294170490209e-5
6360.0 4.513902219804006e-5
6360.3 5.5378076610735365e-5
6360.6 6.782937044658247e-5
6360.9 8.29464015601489e-5
6361.2 0.00010127065433291092
6361.5 0.00012344779524091983
6361.8 0.00015024668853954058
6362.1 0.00018258179494424454
6362.4 0.00022153948828752845
6362.7 0.0002684089765174598
6363.0 0.0003247186611222906
6363.3 0.000392278881108776
6363.6 0.0004732321195211356
6363.9 0.000570112259370482
6364.2 0.0006859138935547402
6364.5 0.0008241743728603753
6364.8 0.0009890699072117027
6365.1 0.001185529335314327
6365.4 0.0014193674417180488
6365.7 0.0016974425980633018
6366.0 0.0020278425048808535
6366.3 0.002420102148300034
6366.6 0.0028854626435990244
6366.9 0.0034371733772361815
6367.2 0.00409085069103894
6367.5 0.004864898348277231
6367.8 0.005781003529786742
6368.1 0.006864719696202362
6368.4 0.008146154756688303
6368.7 0.009660782807138066
6369.0 0.011450410472330147
6369.3 0.013564332614085121
6369.6 0.016060753694856253
6369.9 0.019008570605225546
6370.2 0.02248973957947559
6370.5 0.026602566823050327
6370.8 0.03146658154978668
6371.1 0.037230158201312924
6371.4 0.04408287335753219
6371.7 0.05227593822783598
6372.0 0.06215616776109736
6372.3 0.07422193184250558
6372.6 0.08921375858766155
6372.9 0.10825752387779441
6373.2 0.1330843166132831
6373.5 0.16635673616920776
6373.8 0.21213506443204258
6374.1 0.27651468225532105
6374.4 0.36845470414263737
6374.7 0.5007917506097329
6375.0 0.6913888769634006
6375.3 0.9643068965608177
6375.6 1.3508101335137725
6375.9 1.889943763633171
6376.2 2.6283699755751
6376.5 3.6191544598711176
6376.8 4.919277821964293
6377.1 6.5858287018240915
6377.4 8.671093172345769
6377.7 11.217061403696729
6378.0 14.250108033684013
6378.3 17.776758200177493
6378.6 21.781321510808837
6378.9 26.225929041064273
6379.2 31.05303601528225
6379.5 36.19007307922513
6379.8 41.55568234549254
6380.1 47.067229888486416
6380.4 52.6498098371323
6380.7 58.24785527517796
6381.0 63.84120695038692
6381.3 69.46760886044765
6381.6 75.25274405625575
6381.9 81.44666879474615
6382.2 88.46225224043839
6382.5 96.90746927129354
6382.8 107.60031864661114
6383.1 121.55409475244305
6383.4 139.9227814096232
6383.7 163.9019610474586
6384.0 194.58946712183712
6384.3 232.82028855735092
6384.6 278.99948357448665
6384.9 332.9624008411355
6385.2 393.8909164201965
6385.5 460.3071615397436
6385.8 530.153389365982
6386.1 600.9510912284654
6386.4 670.0183814034629
6386.7 734.7150409384943
6387.0 792.6819943670635
6387.3 842.0455679605631
6387.6 881.5649700376805
6387.9 910.7110335881556
6388.2 929.6724854252328
6388.5 939.2927343266425
6388.8 940.944714601592
6389.1 936.3564991456785
6389.4 927.4059160545731
6389.7 915.9088128366941
6390.0 903.4305337115225
6390.3 891.1507627247454
6390.6 879.8055865592648
6390.9 869.7173532981977
6391.2 860.9040230346654
6391.5 853.2404426003194
6391.8 846.6290815822332
6392.1 841.1327796160995
6392.4 837.0286641000577
6392.7 834.7606987694718
6393.0 834.7936924019259
6393.3 837.3989516087004
6393.6 842.4231987007971
6393.9 849.1032183008895
6394.2 855.984419301976
6394.5 860.9821450034531
6394.8 861.5937477358315
6395.1 855.2335425265234
6395.4 839.6309424881485
6395.7 813.2130478927374
6396.0 775.3920465859414
6396.3 726.6970301685017
6396.6 668.7234757035247
6396.9 603.9141588046134
6397.2 535.2204651227911
6397.5 465.71501492113634
6397.8 398.2295517949592
6398.1 335.0778376218038
6398.4 277.89722763812534
6398.7 227.61314060047317
6399.0 184.5059761035618
6399.3 148.34496417053887
6399.6 118.54989708995157
6399.9 94.34735773498907
6400.2 74.89925697815748
6400.5 59.393836521686154
6400.8 47.09950535643223
6401.1 37.388369866321405
6401.4 29.73886208844242
6401.7 23.726476131182967
6402.0 19.009549227400512
6402.3 15.314497707821909
6402.6 12.422713985281748
6402.9 10.159812051166213
6403.2 8.387082998281903
6403.5 6.994710995209208
6403.8 5.896296637811877
6404.1 5.0243474888601085
6404.4 4.326521001975826
6404.7 3.762494515802429
6405.0 3.3013833459386492
6405.3 2.9196406943493547
6405.6 2.5993785277590726
6405.9 2.327045122608024
6406.2 2.092393589851255
6406.5 1.887687131077665
6406.8 1.7070881007312848
6407.1 1.5461905384110235
6407.4 1.4016639273472147
6407.7 1.270981384537647
6408.0 1.1522139999335583
6408.3 1.0438747957808054
6408.6 0.9448019032686505
6408.9 0.854070998886141
6409.2 0.7709303860398505
6409.5 0.6947536317426537
6409.8 0.6250046446511285
6410.1 0.5612129591641195
6410.4 0.5029558913394441
6410.7 0.44984640957380073
6411.0 0.4015245305346202
6411.3 0.3576518193579867
6411.6 0.31790773937935835
6411.9 0.281987390780427
6412.2 0.24960030482725176
6412.5 0.22046971628288814
6412.8 0.1943323482384185
6413.1 0.17093832044199747
6413.4 0.15005122137816554
6413.7 0.13144814042574915
6414.0 0.11491970922335056
6414.3 0.1002700665569923
6414.6 0.08731671201960028
6414.9 0.07589030105332621
6415.2 0.06583432646055151
6415.5 0.05700474092450712
6415.8 0.04926947958424117
6416.1 0.04250793862379126
6416.4 0.03661040902174366
6416.7 0.03147745046569626
6417.0 0.027019266891396793
6417.3 0.02315505428872886
6417.6 0.019812355331012575
6417.9 0.0169264113327834
6418.2 0.014439535693869562
6418.5 0.012300504550377959
6418.8 0.010463973890307605
6419.1 0.008889926512713727
6419.4 0.007543147536523598
6419.7 0.006392740987409601
6420.0 0.005411673508182676
6420.3 0.004576357741027372
6420.6 0.0038662689854302387
6420.9 0.0032635956480948154
6421.2 0.002752922596370914
6421.5 0.002320945364300804
6421.8 0.0019562136589806704
6422.1 0.0016489024652331346
6422.4 0.0013906095747671648
6422.7 0.0011741754488169987
6423.0 0.000993526233877975
6423.3 0.0008435362219017778
6423.6 0.0007199092592193755
6423.9 0.0006190764215618248
6424.2 0.0005381092787327842
6424.5 0.0004746474492280948
6424.8 0.0004268388235690472
6425.1 0.00039329150198069436
6425.4 0.00037303716185447443
6425.7 0.00036550444365559246
6426.0 0.00037050217998239936
6426.3 0.00038821215659359164
6426.6 0.0004191909823000574
6426.9 0.00046438114436964795
6427.2 0.0005251314092084306
6427.5 0.000603226657313341
6427.8 0.0007009281242259481
6428.1 0.0008210238996782995
6428.4 0.0009668916304419684
6428.7 0.0011425735753895576
6429.0 0.001352865629059513
6429.3 0.001603422662413952
6429.6 0.0019008809546237695
6429.9 0.002253000251012258
6430.2 0.0026688292585644318
6430.5 0.0031588962295616297
6430.8 0.0037354288855308408
6431.1 0.004412607293620198
6431.4 0.0052068586224884505
6431.7 0.00613719387464345
6432.0 0.007225601257436592
6432.3 0.008497504438322508
6432.6 0.009982298077813012
6432.9 0.011713984824814566
6433.2 0.01373194182513112
6433.5 0.01608184830500867
6433.8 0.01881684125796407
6434.1 0.02199897306663768
6434.4 0.025701078087281715
6434.7 0.03000919547737248
6435.0 0.03502575884049699
6435.3 0.04087377042191801
6435.6 0.04770231160256909
6435.9 0.055693697798122825
6436.2 0.06507269563911056
6436.5 0.07611813453313102
6436.8 0.08917726270484848
6437.1 0.10468288279585618
6437.4 0.1231732451939482
6437.7 0.145314021329509
6438.0 0.17192150421778388
6438.3 0.20398527617359297
6438.6 0.2426884861630654
6438.9 0.28942317830549485
6439.2 0.3457984182830517
6439.5 0.41363961849194913
6439.8 0.4949789133873053
6440.1 0.592039281013786
6440.4 0.7072193056969941
6440.7 0.8430902091227324
6441.0 1.0024249124074778
6441.3 1.188284457797524
6441.6 1.404196422649286
6441.9 1.6544648599534995
6442.2 1.9446557592023492
6442.5 2.282301348628227
6442.8 2.6778631542630067
6443.1 3.1459845751433493
6443.4 3.707059380690662
6443.7 4.389138628257931
6444.0 5.230212581428426
6444.3 6.280930255349005
6444.6 7.607858247820443
6444.9 9.297411134563118
6445.2 11.460558312593012
6445.5 14.238287459435089
6445.8 17.807486690221797
6446.1 22.38640111243957
6446.4 28.23812228419558
6446.7 35.669847091367124
6447.0 45.02516062440618
6447.3 56.66669804552563
6447.6 70.9475863364036
6447.9 88.17214560641479
6448.2 108.54929409420927
6448.5 132.14526346981373
6448.8 158.8445649518403
6449.1 188.32864229700544
6449.4 220.07947526651
6449.7 253.4107334951981
6450.0 287.5228139331603
6450.3 321.5721685010762
6450.6 354.7416085034239
6450.9 386.29835548143046
6451.2 415.6304707050031
6451.5 442.25897879540446
6451.8 465.8298910077256
6452.1 486.09530599781056
6452.4 502.8939779117479
6452.7 516.1393403606597
6453.0 525.8179822004615
6453.3 531.9965884187401
6453.6 534.8320397960864
6453.9 534.5788563229502
6454.2 531.5901020653695
6454.5 526.3107212088164
6454.8 519.2645820842906
6455.1 511.03707056707754
6455.4 502.2540601140631
6455.7 493.5562412966395
6456.0 485.566636287744
6456.3 478.8495891400654
6456.6 473.86166256522233
6456.9 470.8983632666942
6457.2 470.04393235372316
6457.5 471.1336509479385
6457.8 473.7383438271887
6458.1 477.1787396943344
6458.4 480.57342220525226
6458.7 482.9186552163665
6459.0 483.1923929256936
6459.3 480.4690370221237
6459.6 474.0276254655566
6459.9 463.4351742163202
6460.2 448.5900449901109
6460.5 429.71729368204285
6460.8 407.31801287380347
6461.1 382.0846509992986
6461.4 354.8017149738826
6461.7 326.253266906081
6462.0 297.1547393103975
6462.3 268.1179229242109
6462.6 239.6475522379673
6462.9 212.15931634957306
6463.2 186.00486141301639
6463.5 161.4906324482248
6463.8 138.88277006861503
6464.1 118.39755869310852
6464.4 100.1830647211203
6464.7 84.30071704058639
6465.0 70.71506553374277
6465.3 59.29658604330497
6465.6 49.837910413326284
6465.9 42.079876516743774
6466.2 35.741597892771246
6466.5 30.54858041832349
6466.8 26.25439218856852
6467.1 22.653698270683023
6467.4 19.586706026998662
6467.7 16.93673045509114
6468.0 14.623325158851046
6468.3 12.593454091564245
6468.6 10.812675417076441
6468.9 9.257600974381125
6469.2 7.910218432019522
6469.5 6.754159854302577
6469.8 5.7726627948277205
6470.1 4.947830670661615
6470.4 4.260767728317471
6470.7 3.692200029309931
6471.0 3.2232803495603335
6471.3 2.8363569092457652
6471.6 2.515571375758454
6471.9 2.247229112481459
6472.2 2.0199353206954256
6472.5 1.8245347463013684
6472.8 1.6539053752481727
6473.1 1.502669111030629
6473.4 1.36686902329257
6473.7 1.2436553964605668
6474.0 1.1310056051469382
6474.3 1.0274913070588607
6474.6 0.9320955026018519
6474.9 0.8440759254411256
6475.2 0.7628679436340409
6475.5 0.688017717788272
6475.8 0.6191384283848236
6476.1 0.5558828682545536
6476.4 0.4979267098670321
6476.7 0.44495928850964556
6477.0 0.3966786547907179
6477.3 0.35278942439799243
6477.6 0.31300246331949455
6477.9 0.2770350774815468
6478.2 0.2446119827791412
6478.5 0.21546628912751686
6478.8 0.18934055838302977
6479.1 0.16598772187855163
6479.4 0.14517197061742237
6479.7 0.12666942053055824
6480.0 0.1102685687958258
6480.3 0.0957706888296561
6480.6 0.08298993291650555
6480.9 0.07175337732915384
6481.2 0.06190086259321852
6481.5 0.05328475746633215
6481.8 0.04576958027061051
6482.1 0.03923154087611236
6482.4 0.03355802812393769
6482.7 0.028647021518889627
6483.0 0.024406479105633663
6483.3 0.02075368323383677
6483.6 0.0176145969574329
6483.9 0.01492320133670189
6484.2 0.012620847676483223
6484.5 0.010655620957020258
6484.8 0.00898173732895491
6485.1 0.007558955772598383
6485.4 0.006352029393015319
6485.7 0.005330187435292434
6486.0 0.004466654334518272
6486.3 0.003738204290042879
6486.6 0.0031247527704848497
6486.9 0.002608982954984673
6487.2 0.002176008129361013
6487.5 0.0018130660321298204
6487.8 0.001509245447622238
6488.1 0.0012552420206085211
6488.4 0.00104314150500677
6488.7 0.0008662281812798646
6489.0 0.0007188163881718812
6489.3 0.0005961029778957869
6489.6 0.0004940387238563652
6489.9 0.0004092166425959467
6490.2 0.0003387751989613197
6490.5 0.00028031516254013733
6490.8 0.00023182806555994303
6491.1 0.00019163494321100682
6491.4 0.00015833419089573834
6491.7 0.000130757040980865
6492.0 0.00010793003961652056
6492.3 8.904311954749042e-5
6492.6 7.342275226925491e-5
6492.9 6.05093570349512e-5
6493.2 4.983832163728976e-5
6493.5 4.1024094027698326e-5
6493.8 3.374687072686383e-5
6494.1 2.774150727201908e-5
6494.4 2.2788239597349684e-5
6494.7 1.8704973417691968e-5
6495.0 1.5340873148083718e-5
6495.3 1.2571018112174189e-5
6495.6 1.0291981008814859e-5
6495.9 8.418147273556697e-6
6496.2 6.878667389983759e-6
6496.5 5.6149248535069506e-6
6496.8 4.578441427161455e-6
6497.1 3.7291360956644395e-6
6497.4 3.0338860441848434e-6
6497.7 2.465330176098195e-6
6498.0 2.000879327149336e-6
6498.3 1.6218945994766268e-6
6498.6 1.3130076315263924e-6
6498.9 1.0615546285794053e-6
6499.2 8.571101718565963e-7
6499.5 6.910976802925733e-7
6499.8 5.564689412281536e-7
6500.1 4.474371841853981e-7
6500.4 3.592564999792791e-7
6500.7 2.880387728763089e-7
6501.0 2.3060258029050636e-7
6501.3 1.843477798241951e-7
6501.6 1.4715210455298366e-7
6501.9 1.1728557214453203e-7
6502.2 9.333999858919237e-8
6502.5 7.417057334274801e-8
6502.8 5.884808694575328e-8
6503.1 4.661940354765792e-8
6503.4 3.6874941349489886e-8
6503.7 2.912216006182005e-8
6504.0 2.2963698821369288e-8
6504.3 1.8079341500425482e-8
6504.6 1.4211645437344714e-8
6504.9 1.1153890713876211e-8
6505.2 8.740285130224472e-9
6505.5 6.838202097587476e-9
6505.8 5.3416332811102385e-9
6506.1 4.166006596566609e-9
6506.4 3.2439925477911855e-9
6506.7 2.5220339564655425e-9
6507.0 1.957661008076232e-9
6507.3 1.5171628533595472e-9
6507.6 1.1739272621228764e-9
6507.9 9.068849847251927e-10
6508.2 6.995015837332215e-10
6508.5 5.386578323210195e-10
6508.8 4.141586029823572e-10
6509.1 3.1793048695442466e-10
6509.4 2.436453590981834e-10
6509.7 1.8645108796913016e-10
6510.0 1.4244003524589808e-10
6510.3 1.0865171457853651e-10
6510.6 8.274300851774573e-11
6510.9 6.29114029217543e-11
6511.2 4.77555569416456e-11
6511.5 3.619222976869452e-11
6511.8 2.7393060530404162e-11
6512.1 2.0694601034990795e-11
6512.4 1.56078223262357e-11
6512.7 1.1753125382651941e-11
6513.0 8.835391619721467e-12
6513.3 6.636817397737138e-12
6513.6 4.9724759899894e-12
6513.9 3.719083201125795e-12
6514.2 2.778011544760095e-12
6514.5 2.079399152865591e-12
6514.8 1.5410566702941941e-12
6515.1 1.1465461826482004e-12
6515.4 8.547727413030226e-13
6515.7 6.328605716733604e-13
6516.0 4.684812108558811e-13
6516.3 3.4519669024277166e-13
6516.6 2.5478802553012547e-13
6516.9 1.8492679447219135e-13
6517.2 1.397224756683954e-13
6517.5 1.0273710728718813e-13
6517.8 7.397071643362382e-14
6518.1 4.9313814343881004e-14
6518.4 4.109484359250161e-14
6518.7 3.2875876229254e-14
6519.0 1.6437938114627e-14
6519.3 1.6437938114627e-14
6519.6 1.2328453585970251e-14
6519.9 8.2189690573135e-15
6520.2 4.10948452865675e-15
6520.5 8.2189690573135e-15
6520.8 0.0
6521.1 0.0
6521.4 4.10948452865675e-15
6521.7 4.10948452865675e-15
6522.0 0.0
6522.3 0.0
6522.6 0.0
6522.9 0.0
6523.2 0.0
6523.5 0.0
6523.8 0.0
6524.1 0.0
6524.4 0.0
6524.7 0.0
6525.0 0.0
6525.3 0.0
6525.6 0.0
6525.9 0.0
6526.2 0.0
6526.5 0.0
6526.8 0.0
6527.1 0.0
6527.4 0.0
6527.7 0.0
6528.0 0.0
6528.3 0.0
6528.6 0.0
6528.9 0.0
6529.2 0.0
6529.5 0.0
6529.8 0.0
6530.1 0.0
6530.4 0.0
6530.7 0.0
6531.0 0.0
6531.3 0.0
6531.6 0.0
6531.9 0.0
6532.2 0.0
6532.5 0.0
6532.8 0.0
6533.1 0.0
6533.4 0.0
6533.7 0.0
6534.0 0.0
6534.3 0.0
6534.6 0.0
6534.9 0.0
6535.2 0.0
6535.5 0.0
6535.8 0.0
6536.1 0.0
6536.4 0.0
6536.7 0.0
6537.0 0.0
6537.3 0.0
6537.6 0.0
6537.9 0.0
6538.2 0.0
6538.5 0.0
6538.8 0.0
6539.1 0.0
6539.4 0.0
6539.7 0.0
6540.0 0.0
6540.3 0.0
6540.6 0.0
6540.9 0.0
6541.2 0.0
6541.5 0.0
6541.8 0.0
6542.1 0.0
6542.4 0.0
6542.7 0.0
6543.0 0.0
6543.3 0.0
6543.6 0.0
6543.9 0.0
6544.2 0.0
6544.5 0.0
6544.8 0.0
6545.1 0.0
6545.4 0.0
6545.7 0.0
6546.0 0.0
6546.3 0.0
6546.6 0.0
6546.9 0.0
6547.2 0.0
6547.5 0.0
6547.8 0.0
6548.1 0.0
6548.4 0.0
6548.7 0.0
6549.0 0.0
6549.3 0.0
6549.6 0.0
6549.9 0.0
6550.2 0.0
6550.5 0.0
6550.8 0.0
6551.1 0.0
6551.4 0.0
6551.7 0.0
6552.0 0.0
6552.3 0.0
6552.6 0.0
6552.9 0.0
6553.2 0.0
6553.5 0.0
6553.8 0.0
6554.1 0.0
6554.4 0.0
6554.7 0.0
6555.0 0.0
6555.3 0.0
6555.6 0.0
6555.9 0.0
6556.2 0.0
6556.5 0.0
6556.8 0.0
6557.1 0.0
6557.4 0.0
6557.7 0.0
6558.0 0.0
6558.3 0.0
6558.6 0.0
6558.9 0.0
6559.2 0.0
6559.5 0.0
6559.8 0.0
6560.1 0.0
6560.4 0.0
6560.7 0.0
6561.0 0.0
6561.3 0.0
6561.6 0.0
6561.9 0.0
6562.2 0.0
6562.5 0.0
6562.8 0.0
6563.1 0.0
6563.4 0.0
6563.7 0.0
6564.0 0.0
6564.3 0.0
6564.6 0.0
6564.9 0.0
6565.2 0.0
6565.5 0.0
6565.8 0.0
6566.1 0.0
6566.4 0.0
6566.7 0.0
6567.0 0.0
6567.3 0.0
6567.6 0.0
6567.9 0.0
6568.2 0.0
6568.5 0.0
6568.8 0.0
6569.1 0.0
6569.4 0.0
6569.7 0.0
6570.0 0.0
6570.3 0.0
6570.6 0.0
6570.9 0.0
6571.2 0.0
6571.5 0.0
6571.8 0.0
6572.1 0.0
6572.4 0.0
6572.7 0.0
6573.0 0.0
6573.3 0.0
6573.6 0.0
6573.9 0.0
6574.2 0.0
6574.5 0.0
6574.8 0.0
6575.1 0.0
6575.4 0.0
6575.7 0.0
6576.0 0.0
6576.3 0.0
6576.6 0.0
6576.9 0.0
6577.2 0.0
6577.5 0.0
6577.8 0.0
6578.1 0.0
6578.4 0.0
6578.7 0.0
6579.0 0.0
6579.3 0.0
6579.6 0.0
6579.9 0.0
6580.2 0.0
6580.5 0.0
6580.8 0.0
6581.1 0.0
6581.4 0.0
6581.7 0.0
6582.0 7.334627167468845e-16
6582.3 0.0
6582.6 7.334627167468845e-16
6582.9 0.0
6583.2 7.334627167468845e-16
6583.5 7.334627167468845e-16
6583.8 1.466925433493769e-15
6584.1 1.466925433493769e-15
6584.4 1.466925433493769e-15
6584.7 2.933850866987538e-15
6585.0 1.0516624277288411e-14
6585.3 1.0516624277288411e-14
6585.6 7.33462684983149e-15
6585.9 1.6384326011263488e-14
6586.2 1.9318177090009263e-14
6586.5 2.98348009437812e-14
6586.8 3.570250310127275e-14
6587.1 5.6735750808816626e-14
6587.4 6.847115512379973e-14
6587.7 1.0148795391855432e-13
6588.0 1.342566059410813e-13
6588.3 1.9050704752870268e-13
6588.6 2.516435681793744e-13
6588.9 3.536278258067793e-13
6589.2 4.778640861919509e-13
6589.5 6.417183407922411e-13
6589.8 8.816374822036288e-13
6590.1 1.1988402891932592e-12
6590.4 1.6194943064547218e-12
6590.7 2.1927634404408924e-12
6591.0 2.969763866246533e-12
6591.3 4.017510716464168e-12
6591.6 5.417203578078622e-12
6591.9 7.3099696868556e-12
6592.2 9.832773484319546e-12
6592.5 1.3219441166723023e-11
6592.8 1.775218075806932e-11
6593.1 2.3807504968871223e-11
6593.4 3.188829322126052e-11
6593.7 4.263885329821789e-11
6594.0 5.694900185046133e-11
6594.3 7.596016428642812e-11
6594.6 1.0117050212538281e-10
6594.9 1.345569870644324e-10
6595.2 1.787061659941684e-10
6595.5 2.3700544884286034e-10
6595.8 3.1388092395261816e-10
6596.1 4.151011980190082e-10
6596.4 5.481200377661265e-10
6596.7 7.227208530512116e-10
6597.0 9.515351714908479e-10
6597.3 1.250892662465786e-9
6597.6 1.6419536249393706e-9
6597.9 2.1520019239511708e-9
6598.2 2.8161521677073742e-9
6598.5 3.6795986318844228e-9
6598.8 4.800340384702359e-9
6599.1 6.2526477924235815e-9
6599.4 8.131529845319712e-9
6599.7 1.0558327895157947e-8
6600.0 1.3687537079431227e-8
6600.3 1.7715866003604352e-8
6600.6 2.2892886257327394e-8
6600.9 2.953506234138352e-8
6601.2 3.8042560693014945e-8
6601.5 4.8920911577385316e-8
6601.8 6.28070692771481e-8
6602.1 8.05023573305348e-8
6602.4 1.0301313711646493e-7
6602.7 1.3160073508575336e-7
6603.0 1.6784297459748575e-7
6603.3 2.1371022632966586e-7
6603.6 2.716582119862949e-7
6603.9 3.4474194853415123e-7
6604.2 4.367549558746479e-7
6604.5 5.523988582954382e-7
6604.8 6.974900153854385e-7
6605.1 8.792105314149049e-7
6605.4 1.1064123132195494e-6
6605.7 1.3899855568199719e-6
6606.0 1.7433032073530783e-6
6606.3 2.1827573136378647e-6
6606.6 2.728404747551043e-6
6606.9 3.4047417121568026e-6
6607.2 4.24163506498077e-6
6607.5 5.2754349616359655e-6
6607.8 6.550305825482413e-6
6608.1 8.119818674103725e-6
6608.4 1.0048843562989539e-5
6608.7 1.2415807883191855e-5
6609.0 1.5315377292960537e-5
6609.3 1.886164608234719e-5
6609.6 2.3191919980986637e-5
6609.9 2.8471197784998847e-5
6610.2 3.489748586509778e-5
6610.5 4.2708089338921174e-5
6610.8 5.21870573024894e-5
6611.1 6.367398080764493e-5
6611.4 7.757440210437875e-5
6611.7 9.437214363051124e-5
6612.0 0.00011464380346391855
6612.3 0.00013907602275364223
6612.6 0.00016848575255100232
6612.9 0.00020384429761936983
6613.2 0.00024630579807470874
6613.5 0.00029724071203826146
6613.8 0.0003582756864262086
6614.1 0.00043134053774851184
6614.4 0.0005187238674673185
6614.7 0.0006231389536622635
6615.0 0.0007478015859603259
6615.3 0.0008965223077652485
6615.6 0.0010738152980874244
6615.9 0.0012850271028612172
6616.2 0.0015364893445278755
6616.5 0.0018356978013986847
6616.8 0.0021915249075423974
6617.1 0.002614469844767812
6617.4 0.0031169525789212097
6617.7 0.0037136594745455164
6618.0 0.004421950793242925
6618.3 0.005262335450985844
6618.6 0.0062590292311215535
6618.9 0.0074406056438829065
6619.2 0.00884075398075586
6619.5 0.010499164108977926
6619.8 0.012462549692356831
6620.1 0.0147858379713421
6620.4 0.017533543828808014
6620.7 0.020781354662967034
6621.0 0.024617962433685484
6621.3 0.029147166022118583
6621.6 0.03449029639997549
6621.9 0.04078900043382829
6622.2 0.04820845577413115
6622.5 0.05694106602580762
6622.8 0.06721076542577122
6623.1 0.07927801055475986
6623.4 0.09344567398305423
6623.7 0.1100660448481359
6624.0 0.12954927832089555
6624.3 0.15237380267309455
6624.6 0.1790993679217905
6624.9 0.21038374160866882
6625.2 0.2470044917478115
6625.5 0.289887881789751
6625.8 0.340147354238704
6626.1 0.3991352933555612
6626.4 0.4685117937220041
6626.7 0.55033588731248
6627.0 0.6471839389968032
6627.3 0.7623014972478531
6627.6 0.8997940499863907
6627.9 1.0648636976310466
6628.2 1.2641011049888222
6628.5 1.5058501757649851
6628.8 1.8006798962452415
6629.1 2.16203432831039
6629.4 2.6071999685654874
6629.7 3.1588536921770904
6630.0 3.847657059890213
6630.3 4.716690050983611
6630.6 5.828980621175536
6630.9 7.2800039698444845
6631.2 9.217722518809175
6631.5 11.873339525250465
6631.8 15.606115871594662
6632.1 20.96484590333082
6632.4 28.766284640812916
6632.7 40.18642455961993
6633.0 56.85384840549611
6633.3 80.92600687630961
6633.6 115.12084043052072
6633.9 162.67049270808667
6634.2 227.1644788574262
6634.5 312.25996413984785
6634.8 421.25818458361914
6635.1 556.5771049427766
6635.4 719.1851739203213
6635.7 908.0904905836067
6636.0 1119.99333312002
6636.3 1349.199418514554
6636.6 1587.854211519835
6636.9 1826.501114591325
6637.2 2054.9011952799056
6637.5 2262.997340799865
6637.8 2441.8759201267185
6638.1 2584.583151241751
6638.4 2686.6882944730087
6638.7 2746.5402710934673
6639.0 2765.2210339549374
6639.3 2746.2439853098213
6639.6 2695.068737590284
6639.9 2618.5065769024354
6640.2 2524.0814296173735
6640.5 2419.3972581954217
6640.8 2311.5556914900308
6641.1 2206.665093721488
6641.4 2109.4839229814434
6641.7 2023.2375259692683
6642.0 1949.6337845444464
6642.3 1889.0756933970479
6642.6 1841.0340896853922
6642.9 1804.5075855575578
6643.2 1778.472245796046
6643.5 1762.2178349300943
6643.8 1755.4871111008779
6644.1 1758.375802371786
6644.4 1771.0079779656974
6644.7 1793.0609821589146
6645.0 1823.2632419580332
6645.3 1859.013901586924
6645.6 1896.266749468113
6645.9 1929.781350542915
6646.2 1953.7762459513697
6646.5 1962.9377248473484
6646.8 1953.6608616949568
6647.1 1925.344556436706
6647.4 1881.54301930621
6647.7 1830.7917798632504
6648.0 1786.9685607111628
6648.3 1769.1010253579439
6648.6 1800.577444023543
6648.9 1907.7478912457989
6649.2 2117.927743728809
6649.5 2456.8527911772135
6649.8 2945.70450826801
6650.1 3597.933917885106
6650.4 4416.246703653576
6650.7 5390.229416170776
6651.0 6495.140743558908
6651.3 7692.315664951395
6651.6 8931.414364035378
6651.9 10154.423533321406
6652.2 11300.962792509165
6652.5 12314.15469354051
6652.8 13146.180953625233
6653.1 13762.706151307637
6653.4 14145.585901350747
6653.7 14293.62282773198
6654.0 14221.48011830237
6654.3 13957.127326409689
6654.6 13538.322955196687
6654.9 13008.64163794274
6655.2 12413.470642086706
6655.5 11796.299320134784
6655.8 11195.542904328506
6656.1 10642.103000933224
6656.4 10157.844829623895
6656.7 9755.135172041544
6657.0 9437.498748341031
6657.3 9201.30927256412
6657.6 9038.250927446132
6657.9 8938.114538937474
6658.2 8891.382613135547
6658.5 8891.05804511919
6658.8 8933.311750749832
6659.1 9016.766343644756
6659.4 9140.540910709387
6659.7 9301.496381486115
6660.0 9491.36522262961
6660.3 9694.557158925521
6660.6 9887.362127533785
6660.9 10039.014093908685
6661.2 10114.679064224363
6661.5 10079.970835123906
6661.8 9906.188783788903
6662.1 9575.230918958327
6662.4 9083.136372025341
6662.7 8441.470677132555
6663.0 7676.230538972518
6663.3 6824.482844634272
6663.6 5929.435804043049
6663.9 5034.9275951381715
6664.2 4180.360629928984
6664.5 3396.905510706897
6664.8 2705.43625522177
6665.1 2116.244753721303
6665.4 1630.2314618347298
6665.7 1241.055753203176
6666.0 937.6736156914747
6666.3 706.7708020707363
6666.6 534.761428602254
6666.9 409.2048083555584
6667.2 319.6504970626763
6667.5 258.0247542672839
6667.8 218.71684860589585
6668.1 198.51933104779152
6668.4 196.5391968888151
6668.7 214.14229359939003
6669.0 254.93434126414493
6669.3 324.7276309144158
6669.6 431.4009312654984
6669.9 584.5392710473569
6670.2 794.7484141662799
6670.5 1072.5822309820908
6670.8 1427.0995485678004
6671.1 1864.170351809788
6671.4 2384.7575375608703
6671.7 2983.479016980082
6672.0 3647.7751311177003
6672.3 4357.948033931592
6672.6 5088.203081456483
6672.9 5808.634540691757
6673.2 6487.904091115081
6673.5 7096.214694746017
6673.8 7608.12588640458
6674.1 8004.802145012708
6674.4 8275.418635220423
6674.7 8417.623319194054
6675.0 8437.119761044763
6675.3 8346.549896839402
6675.6 8163.903696010848
6675.9 7910.672355050364
6676.2 7609.9227523190375
6676.5 7284.431420589249
6676.8 6954.999750323904
6677.1 6639.071461965829
6677.4 6349.780922635652
6677.7 6095.5457323875735
6678.0 5880.2671462613735
6678.3 5704.112101174501
6678.6 5564.740803755544
6678.9 5458.738375289617
6679.2 5382.943721502777
6679.5 5335.368348030703
6679.8 5315.469410061164
6680.1 5323.679490178715
6680.4 5360.269447433062
6680.7 5423.79731910204
6681.0 5509.528624600067
6681.3 5608.270304597712
6681.6 5706.013418066478
6681.9 5784.633422312558
6682.2 5823.668436220262
6682.5 5802.93953005711
6682.8 5705.550869359152
6683.1 5520.678347475996
6683.4 5245.56072473918
6683.7 4886.260233794339
6684.0 4457.020671228289
6684.3 3978.355987080423
6684.6 3474.2678760996528
6684.9 2969.151053340162
6685.2 2484.960646714189
6685.5 2039.0999768296574
6685.8 1643.2794751919412
6686.1 1303.3664427588403
6686.4 1020.0503081442267
6686.7 790.0312487695487
6687.0 607.4117763178525
6687.3 465.01852296245426
6687.6 355.47214703242355
6687.9 271.92519505014667
6688.2 208.47294835439348
6688.5 160.29770427581258
6688.8 123.62992348217618
6689.1 95.60767309707862
6689.4 74.09862092933801
6689.7 57.526658018086884
6690.0 44.724883350583326
6690.3 34.821738676842735
6690.6 27.158118795451283
6690.9 21.22934206144575
6691.2 16.645166830025357
6691.5 13.102046180441791
6691.8 10.36335542421994
6692.1 8.244779776694582
6692.4 6.603131392972807
6692.7 5.327574226917237
6693.0 4.332652879224299
6693.3 3.5527328964638456
6693.6 2.937581752765898
6693.9 2.448873846607192
6694.2 2.0574432650747196
6694.5 1.7411376049162723
6694.8 1.4831513634422937
6695.1 1.2707378683637638
6695.4 1.0942198447125
6695.7 0.9462333076753301
6696.0 0.8211529047444496
6696.3 0.7146575223651354
6696.6 0.6234037962683441
6696.9 0.5447816921032805
6697.2 0.4767326296498555
6697.5 0.41761426209144864
6697.8 0.36610043050314267
6698.1 0.3211070940320845
6698.4 0.2817375665652059
6698.7 0.24724180901756304
6699.0 0.21698611504928897
6699.3 0.19043035151723794
6699.6 0.16711069516808222
6699.9 0.1466264201655087
6700.2 0.12862962282510199
6700.5 0.11281708701563081
6700.8 0.09892378459680111
6701.1 0.08671754459662118
6701.4 0.07599467450316093
6701.7 0.06657627078176614
6702.0 0.05830507055879871
6702.3 0.05104276846259243
6702.6 0.04466770278378555
6702.9 0.039072820610483075
6703.2 0.034163923464108015
6703.5 0.029858117521981038
6703.8 0.026082457589659973
6704.1 0.022772751982976847
6704.4 0.019872519056538612
6704.7 0.017332053187931618
6705.0 0.015107624749884689
6705.3 0.013160754380609593
6705.6 0.011457588619256368
6705.9 0.009968345194705085
6706.2 0.00866682300943571
6706.5 0.0075299779685906775
6706.8 0.006537539359684
6707.1 0.0056716833775127
6707.4 0.004916738606541366
6707.7 0.004258928696205334
6708.0 0.0036861457851498167
6708.3 0.0031877525070464407
6708.6 0.00275440589028902
6708.9 0.002377902110228881
6709.2 0.002051041240854536
6709.5 0.0017675066855774464
6709.8 0.0015217596610752695
6710.1 0.0013089458657315812
6710.4 0.0011248129637743036
6710.7 0.000965638500732816
6711.0 0.0008281656199976873
6711.3 0.0007095469533905351
6711.6 0.0006072946218909343
6711.9 0.0005192366585117581
6712.2 0.0004434781124505352
6712.5 0.00037836715625766913
6712.8 0.0003224651162636217
6713.1 0.0002745199148716578
6713.4 0.00023344287480260955
6713.7 0.00019828830383209473
6714.0 0.00016823539740268927
6714.3 0.0001425725041060494
6714.6 0.00012068315140583623
6714.9 0.00010203390050111002
6715.2 8.616362476370107e-5
6715.5 7.267413033317243e-5
6715.8 6.122193495042925e-5
6716.1 5.1511074329060954e-5
6716.4 4.328681971592681e-5
6716.7 3.63301785017393e-5
6717.0 3.0453105575296492e-5
6717.3 2.549432117056163e-5
6717.6 2.1315661346117578e-5
6717.9 1.7798911254766504e-5
6718.2 1.4843056906851462e-5
6718.5 1.2361882493236023e-5
6718.8 1.0281900711783775e-5
6719.1 8.540556056030476e-6
6719.4 7.084664711318696e-6
6719.7 5.869071605731099e-6
6720.0 4.855492747726966e-6
6720.3 4.011508704011835e-6
6720.6 3.3097088854475745e-6
6720.9 2.726945689291288e-6
6721.2 2.2437015017421953e-6
6721.5 1.8435414876093348e-6
6721.8 1.5126462236645475e-6
6722.1 1.2394131524754606e-6
6722.4 1.0141137870904855e-6
6722.7 8.286038277788269e-7
6723.0 6.760746671550137e-7
6723.3 5.508431185010503e-7
6723.6 4.4817196352277544e-7
6723.9 3.6411887383244513e-7
6724.2 2.9540753398572514e-7
6724.5 2.393196058611744e-7
6724.8 1.936027802069806e-7
6725.1 1.5639398865582765e-7
6725.4 1.261543781840527e-7
6725.7 1.0161477068448818e-7
6726.0 8.173021601105708e-8
6726.3 6.564143066468157e-8
6726.6 5.264318466946867e-8
6726.9 4.21574236428561e-8
6727.2 3.371103101485959e-8
6727.5 2.6917578612134334e-8
6727.8 2.146173355590912e-8
6728.1 1.7086648745738044e-8
6728.4 1.3583513838852281e-8
6728.7 1.0782741584949027e-8
6729.0 8.546888025605642e-9
6729.3 6.764684814682099e-9
6729.6 5.3462200835514666e-9
6729.9 4.218973918630102e-9
6730.2 3.3244621337080076e-9
6730.5 2.6157862014295895e-9
6730.8 2.055101040698262e-9
6731.1 1.612234864622675e-9
6731.4 1.2629110259566075e-9
6731.7 9.878208604397227e-10
6732.0 7.715031768127533e-10
6732.3 6.016686508128493e-10
6732.6 4.685161026089032e-10
6732.9 3.642961970083269e-10
6733.2 2.828306665746908e-10
6733.5 2.19268990645507e-10
6733.8 1.6972591471849234e-10
6734.1 1.311914849623291e-10
6734.4 1.012542525343006e-10
6734.7 7.802682642116558e-11
6735.0 6.004296937235968e-11
6735.3 4.613284672552883e-11
6735.6 3.53846600712062e-11
6735.9 2.7131887933047735e-11
6736.2 2.0725240967855996e-11
6736.5 1.5851070047937714e-11
6736.8 1.2072232970228303e-11
6737.1 9.213485468743325e-12
6737.4 6.9919196300782804e-12
6737.7 5.308261642744672e-12
6738.0 4.026334387424724e-12
6738.3 3.046833835576579e-12
6738.6 2.302052212049821e-12
6738.9 1.7378237520890294e-12
6739.2 1.3090100834875495e-12
6739.5 9.862713944153167e-13
6739.8 7.425246940744035e-13
6740.1 5.552008505715911e-13
6740.4 4.152721732025161e-13
6740.7 3.114541231256235e-13
6741.0 2.3246213439430397e-13
6741.3 1.7378237520890294e-13
6741.6 1.2864409786993852e-13
6741.9 9.704730237741072e-14
6742.2 6.996433190827392e-14
6742.5 5.190902165031451e-14
6742.8 4.0624452315573406e-14
6743.1 2.7082967081005008e-14
6743.4 2.2569140363548103e-14
6743.7 1.5798397746263904e-14
6744.0 1.1284570181774051e-14
6744.3 9.027655976012652e-15
6744.6 4.513827988006326e-15
6744.9 4.513827988006326e-15
6745.2 4.513827988006326e-15
6745.5 2.256913994003163e-15
6745.8 2.256913994003163e-15
6746.1 0.0
6746.4 2.256913994003163e-15
6746.7 0.0
6747.0 2.256913994003163e-15
6747.3 0.0
6747.6 0.0
6747.9 0.0
6748.2 0.0
6748.5 0.0
6748.8 0.0
6749.1 0.0
6749.4 0.0
6749.7 0.0
6750.0 0.0
6750.3 0.0
6750.6 0.0
6750.9 0.0
6751.2 0.0
6751.5 0.0
6751.8 0.0
6752.1 0.0
6752.4 0.0
6752.7 0.0
6753.0 0.0
6753.3 0.0
6753.6 0.0
6753.9 0.0
6754.2 0.0
6754.5 9.414651777085985e-15
6754.8 9.414651777085985e-15
6755.1 0.0
6755.4 9.414651777085985e-15
6755.7 9.414651777085985e-15
6756.0 1.882930355417197e-14
6756.3 1.882930355417197e-14
6756.6 3.765860710834394e-14
6756.9 3.765860710834394e-14
6757.2 6.590256498070074e-14
6757.5 8.473186345267503e-14
6757.8 1.3180512996140148e-13
6758.1 1.600490844456265e-13
6758.4 2.3536630543857795e-13
6758.7 3.20098168891253e-13
6759.0 4.5190329885265446e-13
6759.3 6.213669986529502e-13
6759.6 8.567333040915281e-13
6759.9 1.1768315271928897e-12
6760.2 1.6099054598109341e-12
6760.5 2.2124431193343286e-12
6760.8 3.0315179620071797e-12
6761.1 4.123617679957503e-12
6761.4 5.639376552540876e-12
6761.7 7.672941275405076e-12
6762.0 1.0412604806164794e-11
6762.3 1.4140807448603798e-11
6762.6 1.9121157782131526e-11
6762.9 2.585263426946316e-11
6763.2 3.4871869281083434e-11
6763.5 4.696028288453391e-11
6763.8 6.312524114537865e-11
6764.1 8.470227202716688e-11
6764.4 1.1345461975209207e-10
6764.7 1.5168886979832763e-10
6765.0 2.024607416692932e-10
6765.3 2.697553272930012e-10
6765.6 3.587823893833885e-10
6765.9 4.763247996184991e-10
6766.2 6.312665745349965e-10
6766.5 8.351152510513152e-10
6766.8 1.1028638837194126e-9
6767.1 1.4539049235250816e-9
6767.4 1.913208013736319e-9
6767.7 2.513236265093069e-9
6768.0 3.295559143331653e-9
6768.3 4.313788342810056e-9
6768.6 5.636652328038888e-9
6768.9 7.3522063341093714e-9
6769.2 9.572922421510393e-9
6769.5 1.2442389036188644e-8
6769.8 1.614349559449776e-8
6770.1 2.0908590983832276e-8
6770.4 2.703251924999905e-8
6770.7 3.488852738770717e-8
6771.0 4.4948330940261595e-8
6771.3 5.7807108603434375e-8
6771.6 7.42138684024321e-8
6771.9 9.511005322470184e-8
6772.2 1.2167627035817353e-7
6772.5 1.553906246642531e-7
6772.8 1.9809976270570766e-7
6773.1 2.5210687050758304e-7
6773.4 3.202789324765072e-7
6773.7 4.061780257940331e-7
6774.0 5.142217960266967e-7
6774.3 6.498789408196761e-7
6774.6 8.199064007075587e-7
6774.9 1.0326383574917138e-6
6775.2 1.2983349930297013e-6
6775.5 1.6296057912503346e-6
6775.8 2.0419194300895477e-6
6776.1 2.554219373035921e-6
6776.4 3.189663935926634e-6
6776.7 3.976515491473681e-6
6777.0 4.949209404228894e-6
6777.3 6.1496308839462974e-6
6777.6 7.62864675461081e-6
6777.9 9.447932138961436e-6
6778.2 1.1682155432933876e-5
6778.5 1.442157688489483e-5
6778.8 1.7775148653999346e-5
6779.1 2.1874204586522854e-5
6779.4 2.6876839302208582e-5
6779.7 3.297312338340497e-5
6780.0 4.039129254230417e-5
6780.3 4.9405072267652913e-5
6780.6 6.03424211187433e-5
6780.9 7.359584426859113e-5
6781.2 8.963464341810763e-5
6781.5 0.00010901950046431105
6781.8 0.00013241964332406892
6782.1 0.0001606333832620084
6782.4 0.0001946122813655406
6782.7 0.0002354899774953775
6783.0 0.00028461633952601284
6783.3 0.0003435979634406248
6783.6 0.00041434630744387267
6783.9 0.0004991348132628876
6784.2 0.0006006668248538345
6784.5 0.0007221559597319455
6784.8 0.0008674221110201818
6785.1 0.0010410048876491277
6785.4 0.001248298700678203
6785.7 0.0014957130418162099
6786.0 0.0017908623680973998
6786.3 0.0021427916814919282
6786.6 0.002562244350359982
6786.9 0.00306197742834311
6787.2 0.003657137478266526
6787.5 0.0043657022453804225
6787.8 0.005209003657742894
6788.1 0.006212343258234258
6788.4 0.007405718176371164
6788.7 0.00882467248660757
6789.0 0.010511298175272946
6789.3 0.012515408139864287
6789.6 0.014895905197280986
6789.9 0.017722387997505414
6790.2 0.021077017006952286
6790.5 0.02505669698630814
6790.8 0.029775613466348688
6791.1 0.035368187222303206
6791.4 0.041992522236877584
6791.7 0.04983441117697886
6792.0 0.05911201620514468
6792.3 0.07008133780638945
6792.6 0.08304261414028895
6792.9 0.09834782336592839
6793.2 0.11640950234120757
6793.5 0.1377111302902968
6793.8 0.1628193807463725
6794.1 0.1923985971698003
6794.4 0.2272278749643569
6794.7 0.268221463526344
6795.0 0.31645283676130953
6795.3 0.37318366836528416
6795.6 0.4398985008055309
6795.9 0.5183469879747246
6796.2 0.6105956811145542
6796.5 0.71909270463565
6796.8 0.8467498605430481
6797.1 0.9970490119864166
6797.4 1.1741826414180832
6797.7 1.3832429874624137
6798.0 1.6304810515246775
6798.3 1.923663687005985
6798.6 2.272569851986554
6798.9 2.6896783861671305
6799.2 3.1911164101061997
6799.5 3.797957040683459
6799.8 4.537985593798851
6800.1 5.448104126531561
6800.4 6.577643769710391
6800.7 7.99304206402019
6801.0 9.784666422762578
6801.3 12.077095245851385
6801.6 15.044910251548771
6801.9 18.93697517852173
6802.2 24.113046298882487
6802.5 31.096986188169723
6802.8 40.650155536937035
6803.1 53.865960619930064
6803.4 72.28126848549482
6803.7 97.99220260720332
6804.0 133.75137821283676
6804.3 183.01289829956954
6804.6 249.88395278534108
6804.9 338.9419896980038
6805.2 454.88833163495076
6805.5 602.0347943161428
6805.8 783.657376173686
6806.1 1001.2936677316369
6806.4 1254.096941704718
6806.7 1538.3774506406683
6807.0 1847.4502802695147
6807.3 2171.865897582559
6807.6 2500.032103049532
6807.9 2819.1592263061743
6808.2 3116.395774269613
6808.5 3379.985985294245
6808.8 3600.2848353510453
6809.1 3770.5047841907417
6809.4 3887.129055909346
6809.7 3949.9885407778484
6810.0 3962.0457438467097
6810.3 3928.9517221530045
6810.6 3858.4433597421803
6810.9 3759.6364519425024
6811.2 3642.2621425394223
6811.5 3515.893580897175
6811.8 3389.2207787159864
6812.1 3269.4449108104027
6812.4 3161.869080585008
6812.7 3069.749501698174
6813.0 2994.436299069247
6813.3 2935.7820539378718
6813.6 2892.7392880462075
6813.9 2864.0213745800343
6814.2 2848.6783563788804
6814.5 2846.447355325384
6814.8 2857.778555643982
6815.1 2883.5050068612422
6815.4 2924.20561298832
6815.7 2979.3904811102043
6816.0 3046.6987924277487
6816.3 3121.3254414216312
6816.6 3195.8741864740437
6816.9 3260.7655525316054
6817.2 3305.2197246823694
6817.5 3318.7040218994025
6817.8 3292.6148116918575
6818.1 3221.885646684504
6818.4 3106.1998899040273
6818.7 2950.548964971588
6819.0 2764.999686922386
6819.3 2563.6883055792678
6819.6 2363.2055026438447
6819.9 2180.640931518827
6820.2 2031.5976945702191
6820.5 1928.4659460164821
6820.8 1879.1745623304764
6821.1 1886.544663168965
6821.4 1948.2704921104018
6821.7 2057.4692475291486
6822.0 2203.678297814551
6822.3 2374.139515785725
6822.6 2555.1947467234186
6822.9 2733.6232804395045
6823.2 2897.7796888611615
6823.5 3038.4351895799764
6823.8 3149.2779680415533
6824.1 3227.078907435363
6824.4 3271.5665137702817
6824.7 3285.0734320070624
6825.0 3272.017543830094
6825.3 3238.2709262712237
6825.6 3190.4611111977156
6825.9 3135.2485573307617
6826.2 3078.6355827082566
6826.5 3025.3779074255067
6826.8 2978.579857998998
6827.1 2939.54727377277
6827.4 2907.9406457385776
6827.7 2882.219387854927
6828.0 2860.305762926562
6828.3 2840.341190037887
6828.6 2821.3751083292414
6828.9 2803.8268472733953
6829.2 2789.5977718561803
6829.5 2781.777287511126
6829.8 2783.970199001853
6830.1 2799.356688777281
6830.4 2829.6653476906517
6830.7 2874.27673042769
6831.0 2929.6716896804073
6831.3 2989.387926184773
6831.6 3044.5553838370124
6831.9 3084.960931304784
6832.2 3100.4698967029867
6832.5 3082.538431440673
6832.8 3025.5143716449566
6833.1 2927.460521373728
6833.4 2790.3400655013743
6833.7 2619.5501553572835
6834.0 2422.9399296035294
6834.3 2209.556029198349
6834.6 1988.3978952942548
6834.9 1767.4258302065136
6835.2 1552.9672530324194
6835.5 1349.5461464544292
6835.8 1160.0537307289637
6836.1 986.1158895426316
6836.4 828.5039906789747
6836.7 687.4717800212956
6837.0 562.9612767186553
6837.3 454.68004123313307
6837.6 362.09280913902
6837.9 284.38469602154606
6838.2 220.44400240658362
6838.5 168.890228613465
6838.8 128.14862637957202
6839.1 96.55484792710695
6839.4 72.46601030501643
6839.7 54.35653477834901
6840.0 40.88506297554694
6840.3 30.92818364703108
6840.6 23.584485042817885
6840.9 18.156959350398648
6841.2 14.12299397750552
6841.5 11.100043961183175
6841.8 8.812717838003639
6842.1 7.064510258098966
6842.4 5.7153626510310955
6842.7 4.6648756401223945
6843.0 3.8402978422891745
6843.3 3.1881961380338755
6843.6 2.668783448990388
6843.9 2.252072913365754
6844.2 1.9152495531186378
6844.5 1.640839606086284
6844.8 1.4154042133545452
6845.1 1.2285825560074277
6845.4 1.0723757723737375
6845.7 0.9406018140402825
6846.0 0.8284764914842089
6846.3 0.7322896366573737
6846.6 0.6491547465700915
6846.9 0.5768159080230157
6847.2 0.5134990175885071
6847.5 0.45779811436469775
6847.8 0.4085886200028971
6848.1 0.3649615185886522
6848.4 0.326173646101009
6848.7 0.29161028154223745
6849.0 0.2607568950804079
6849.3 0.23317802243803848
6849.6 0.20850116393250698
6849.9 0.18640482320383298
6850.2 0.16660918152304344
6850.5 0.14886904088392128
6850.8 0.13296830960814096
6851.1 0.11871565159092434
6851.4 0.10594099585360989
6851.7 0.09449273678304244
6852.0 0.08423539122537749
6852.3 0.0750476613201741
6852.6 0.06682078553536112
6852.9 0.0594571452543151
6853.2 0.052869036371594194
6853.5 0.04697759593589839
6853.8 0.041711900914033734
6854.1 0.03700812378573902
6854.4 0.03280881198573451
6854.7 0.029062242084752807
6855.0 0.025721840974974874
6855.3 0.0227456757393046
6855.6 0.020095984775751974
6855.9 0.017738774690739215
6856.2 0.01564344218006508
6856.5 0.013782442851953482
6856.8 0.012130996068881659
6857.1 0.010666811045659053
6857.4 0.00936984420338416
6857.7 0.008222085434843039
6858.0 0.0072073525068568085
6858.3 0.0063111206485713806
6858.6 0.0055203562362230625
6858.9 0.004823374697111139
6859.2 0.0042097045789412455
6859.5 0.0036699727160388845
6859.8 0.0031957933159333487
6860.1 0.002779671483219703
6860.4 0.002414914555740524
6860.7 0.0020955513372500983
6861.0 0.0018162601299185268
6861.3 0.0015723027366743574
6861.6 0.0013594651125206903
6861.9 0.0011740032135080065
6862.2 0.0010125945846538803
6862.5 0.0008722940653683274
6862.8 0.0007504941322245397
6863.1 0.0006448891075427243
6863.4 0.0005534424974348724
6863.7 0.00047435803577757917
6864.0 0.0004060532586144686
6864.3 0.00034713594155271664
6864.6 0.0002963827627464456
6864.9 0.0002527203488155018
6865.2 0.00021520808128504913
6865.5 0.00018302288775655641
6865.8 0.00015544547992960497
6866.1 0.0001318482336575937
6866.4 0.0001116841742128332
6866.7 9.447738396085937e-5
6867.0 7.981433196166824e-5
6867.3 6.733621128091501e-5
6867.6 5.6732152797044696e-5
6867.9 4.7733230574841106e-5
6868.2 4.010712967360619e-5
6868.5 3.365346934829574e-5
6868.8 2.8199668993802276e-5
6869.1 2.3597312171452036e-5
6869.4 1.971896080714609e-5
6869.7 1.6455344894708195e-5
